-254 39.136047 968.250549
-254 43.757305 968.129578
-254 48.365898 967.766846
-254 52.949196 967.163452
-254 57.494629 966.320984
-254 61.989738 965.241821
-254 66.422211 963.928894
-254 70.779900 962.385742
-254 75.050842 960.616638
-254 79.223358 958.626465
-254 83.285995 956.420654
-254 87.227615 954.005188
-254 91.037415 951.386780
-254 94.704971 948.572571
-254 98.220207 945.570313
-254 101.573502 942.388123
-254 104.755653 939.034851
-254 107.757950 935.519592
-254 110.572159 931.852051
-254 113.190567 928.042236
-254 115.605995 924.100647
-254 117.811821 920.037964
-254 119.802010 915.865479
-254 121.571091 911.594543
-254 123.114227 907.236877
-254 124.427185 902.804382
-254 125.506363 898.309265
-254 126.348816 893.763855
-254 126.952217 889.180603
-254 127.314919 884.571960
-254 127.435936 879.950745
-254 127.314926 875.329468
-254 126.952225 870.720886
-254 126.348831 866.137573
-254 125.506386 861.592163
-254 124.427208 857.097046
-254 123.114258 852.664612
-254 121.571121 848.306885
-254 119.802040 844.035950
-254 117.811867 839.863464
-254 115.606049 835.800842
-254 113.190620 831.859192
-254 110.572220 828.049377
-254 107.758018 824.381836
-254 104.755737 820.866638
-254 101.573586 817.513306
-254 98.220306 814.331177
-254 94.705070 811.328857
-254 91.037537 808.514648
-254 87.227737 805.896240
-254 83.286118 803.480835
-254 79.223495 801.274963
-254 75.050995 799.284790
-254 70.780052 797.515686
-254 66.422379 795.972534
-254 61.989914 794.659607
-254 57.494804 793.580383
-254 52.949379 792.737915
-254 48.366089 792.134521
-254 43.757504 791.771851
-254 39.136250 791.650818
-254 34.514996 791.771790
-254 29.906406 792.134521
-254 25.323116 792.737854
-254 20.777687 793.580322
-254 16.282576 794.659485
-254 11.850103 795.972412
-254 7.492420 797.515564
-254 3.221470 799.284607
-254 -0.951042 801.274780
-254 -5.013676 803.480591
-254 -8.955299 805.895996
-254 -12.765110 808.514404
-254 -16.432663 811.328613
-254 -19.947906 814.330872
-254 -23.301208 817.513062
-254 -26.483368 820.866333
-254 -29.485672 824.381531
-254 -32.299904 828.049072
-254 -34.918335 831.858887
-254 -37.333778 835.800537
-254 -39.539627 839.863159
-254 -41.529831 844.035706
-254 -43.298927 848.306641
-254 -44.842079 852.664368
-254 -46.155052 857.096802
-254 -47.234245 861.591980
-254 -48.076706 866.137390
-254 -48.680115 870.720703
-254 -49.042824 875.329346
-254 -49.163841 879.950623
-254 -49.042831 884.571899
-254 -48.680130 889.180481
-254 -48.076729 893.763794
-254 -47.234276 898.309265
-254 -46.155098 902.804382
-254 -44.842133 907.236877
-254 -43.298996 911.594543
-254 -41.529900 915.865540
-254 -39.539703 920.038025
-254 -37.333862 924.100708
-254 -34.918419 928.042297
-254 -32.300003 931.852173
-254 -29.485779 935.519714
-254 -26.483459 939.034912
-254 -23.301292 942.388245
-254 -19.947987 945.570435
-254 -16.432724 948.572693
-254 -12.765160 951.386902
-254 -8.955338 954.005310
-254 -5.013695 956.420776
-254 -0.951038 958.626587
-254 3.221493 960.616760
-254 7.492460 962.385864
-254 11.850164 963.928955
-254 16.282658 965.241943
-254 20.777792 966.321045
-254 25.323244 967.163513
-254 29.906555 967.766907
-254 34.515167 968.129578
-224 37.891899 1017.458069
-224 44.216881 1017.292419
-224 50.524529 1016.796021
-224 56.797554 1015.970154
-224 63.018753 1014.817139
-224 69.171089 1013.340088
-224 75.237686 1011.543091
-224 81.201920 1009.431030
-224 87.047447 1007.009705
-224 92.758240 1004.285828
-224 98.318649 1001.266724
-224 103.713432 997.960815
-224 108.927803 994.377075
-224 113.947472 990.525391
-224 118.758675 986.416199
-224 123.348228 982.060913
-224 127.703560 977.471313
-224 131.812714 972.660156
-224 135.664429 967.640442
-224 139.248169 962.426086
-224 142.554108 957.031311
-224 145.573151 951.470886
-224 148.297058 945.760132
-224 150.718353 939.914612
-224 152.830414 933.950378
-224 154.627411 927.883789
-224 156.104446 921.731445
-224 157.257477 915.510254
-224 158.083344 909.237244
-224 158.579773 902.929626
-224 158.745392 896.604614
-224 158.579773 890.279663
-224 158.083359 883.971985
-224 157.257507 877.698975
-224 156.104477 871.477783
-224 154.627441 865.325439
-224 152.830444 859.258850
-224 150.718399 853.294617
-224 148.297119 847.449097
-224 145.573212 841.738342
-224 142.554169 836.177917
-224 139.248260 830.783142
-224 135.664520 825.568787
-224 131.812805 820.549072
-224 127.703667 815.737915
-224 123.348351 811.148315
-224 118.758804 806.793030
-224 113.947617 802.683838
-224 108.927963 798.832153
-224 103.713600 795.248413
-224 98.318832 791.942444
-224 92.758430 788.923401
-224 87.047653 786.199463
-224 81.202133 783.778198
-224 75.237907 781.666138
-224 69.171318 779.869080
-224 63.018997 778.392029
-224 56.797806 777.239014
-224 50.524792 776.413147
-224 44.217152 775.916687
-224 37.892178 775.751038
-224 31.567200 775.916687
-224 25.259560 776.413086
-224 18.986542 777.238892
-224 12.765343 778.391907
-224 6.613014 779.868958
-224 0.546417 781.665955
-224 -5.417816 783.777954
-224 -11.263340 786.199280
-224 -16.974136 788.923157
-224 -22.534550 791.942200
-224 -27.929337 795.248108
-224 -33.143707 798.831787
-224 -38.163383 802.683533
-224 -42.974602 806.792664
-224 -47.564163 811.147949
-224 -51.919495 815.737488
-224 -56.028664 820.548706
-224 -59.880417 825.568359
-224 -63.464188 830.782715
-224 -66.770134 836.177490
-224 -69.789215 841.737915
-224 -72.513145 847.448730
-224 -74.934464 853.294312
-224 -77.046532 859.258545
-224 -78.843559 865.325134
-224 -80.320625 871.477478
-224 -81.473671 877.698730
-224 -82.299538 883.971741
-224 -82.795967 890.279419
-224 -82.961601 896.604431
-224 -82.795982 902.929443
-224 -82.299561 909.237122
-224 -81.473701 915.510132
-224 -80.320663 921.731384
-224 -78.843613 927.883728
-224 -77.046608 933.950378
-224 -74.934555 939.914612
-224 -72.513245 945.760132
-224 -69.789322 951.470947
-224 -66.770248 957.031372
-224 -63.464310 962.426208
-224 -59.880554 967.640564
-224 -56.028809 972.660278
-224 -51.919624 977.471436
-224 -47.564278 982.061035
-224 -42.974709 986.416382
-224 -38.163467 990.525513
-224 -33.143784 994.377258
-224 -27.929382 997.960999
-224 -22.534573 1001.266907
-224 -16.974136 1004.285950
-224 -11.263313 1007.009888
-224 -5.417763 1009.431152
-224 0.546501 1011.543213
-224 6.613127 1013.340210
-224 12.765486 1014.817200
-224 18.986715 1015.970215
-224 25.259762 1016.796082
-224 31.567432 1017.292480
-194 42.564323 1041.317383
-194 49.596256 1041.133179
-194 56.608910 1040.581299
-194 63.583076 1039.663208
-194 70.499626 1038.381226
-194 77.339607 1036.739136
-194 84.084274 1034.741211
-194 90.715134 1032.393188
-194 97.214020 1029.701172
-194 103.563110 1026.672852
-194 109.745010 1023.316345
-194 115.742775 1019.640930
-194 121.539955 1015.656616
-194 127.120674 1011.374390
-194 132.469635 1006.805969
-194 137.572159 1001.963806
-194 142.414291 996.861328
-194 146.982727 991.512329
-194 151.264954 985.931641
-194 155.249268 980.134460
-194 158.924683 974.136658
-194 162.281189 967.954773
-194 165.309540 961.605713
-194 168.001465 955.106812
-194 170.349579 948.475952
-194 172.347443 941.731323
-194 173.989563 934.891357
-194 175.271484 927.974792
-194 176.189636 921.000610
-194 176.741547 913.987976
-194 176.925690 906.956055
-194 176.741577 899.924133
-194 176.189667 892.911499
-194 175.271515 885.937317
-194 173.989594 879.020813
-194 172.347473 872.180847
-194 170.349609 865.436157
-194 168.001526 858.805298
-194 165.309601 852.306396
-194 162.281250 845.957336
-194 158.924774 839.775452
-194 155.249329 833.777710
-194 151.265045 827.980469
-194 146.982819 822.399780
-194 142.414398 817.050842
-194 137.572296 811.948303
-194 132.469788 807.106140
-194 127.120834 802.537720
-194 121.540131 798.255493
-194 115.742958 794.271179
-194 109.745209 790.595764
-194 103.563324 787.239258
-194 97.214241 784.210876
-194 90.715370 781.518921
-194 84.084518 779.170776
-194 77.339867 777.172974
-194 70.499893 775.530762
-194 63.583355 774.248901
-194 56.609203 773.330688
-194 49.596554 772.778809
-194 42.564632 772.594604
-194 35.532707 772.778748
-194 28.520058 773.330627
-194 21.545902 774.248779
-194 14.629356 775.530640
-194 7.789379 777.172791
-194 1.044716 779.170654
-194 -5.586147 781.518738
-194 -12.085030 784.210632
-194 -18.434128 787.238953
-194 -24.616028 790.595459
-194 -30.613792 794.270874
-194 -36.410980 798.255127
-194 -41.991707 802.537354
-194 -47.340675 807.105774
-194 -52.443214 811.947876
-194 -57.285347 817.050354
-194 -61.853798 822.399292
-194 -66.136063 827.980042
-194 -70.120399 833.777222
-194 -73.795853 839.774963
-194 -77.152374 845.956909
-194 -80.180771 852.306030
-194 -82.872719 858.804932
-194 -85.220848 865.435791
-194 -87.218727 872.180481
-194 -88.860893 879.020447
-194 -90.142815 885.937073
-194 -91.060982 892.911255
-194 -91.612907 899.923889
-194 -91.797050 906.955872
-194 -91.612923 913.987793
-194 -91.061012 921.000488
-194 -90.142845 927.974670
-194 -88.860939 934.891235
-194 -87.218803 941.731262
-194 -85.220932 948.475952
-194 -82.872810 955.106812
-194 -80.180870 961.605774
-194 -77.152496 967.954834
-194 -73.795982 974.136780
-194 -70.120529 980.134583
-194 -66.136215 985.931763
-194 -61.853958 991.512512
-194 -57.285492 996.861450
-194 -52.443344 1001.963989
-194 -47.340797 1006.806152
-194 -41.991806 1011.374573
-194 -36.411064 1015.656799
-194 -30.613846 1019.641113
-194 -24.616058 1023.316528
-194 -18.434120 1026.673096
-194 -12.084999 1029.701416
-194 -5.586086 1032.393311
-194 1.044807 1034.741455
-194 7.789501 1036.739258
-194 14.629515 1038.381348
-194 21.546095 1039.663208
-194 28.520283 1040.581421
-194 35.532967 1041.133301
-164 38.352573 1103.359619
-164 47.245487 1103.126709
-164 56.114025 1102.428711
-164 64.933884 1101.267578
-164 73.680878 1099.646484
-164 82.331047 1097.569702
-164 90.860672 1095.043091
-164 99.246368 1092.073608
-164 107.465164 1088.669189
-164 115.494537 1084.839478
-164 123.312454 1080.594604
-164 130.897522 1075.946533
-164 138.228912 1070.907837
-164 145.286545 1065.492310
-164 152.051102 1059.714844
-164 158.503998 1053.591187
-164 164.627579 1047.138306
-164 170.405029 1040.373779
-164 175.820557 1033.316162
-164 180.859283 1025.984741
-164 185.507416 1018.399719
-164 189.752197 1010.581787
-164 193.582001 1002.552429
-164 196.986328 994.333618
-164 199.955872 985.947937
-164 202.482452 977.418335
-164 204.559174 968.768188
-164 206.180344 960.021179
-164 207.341492 951.201355
-164 208.039459 942.332825
-164 208.272339 933.439941
-164 208.039474 924.546997
-164 207.341507 915.678467
-164 206.180374 906.858643
-164 204.559204 898.111633
-164 202.482498 889.461487
-164 199.955917 880.931885
-164 196.986389 872.546143
-164 193.582062 864.327393
-164 189.752274 856.298035
-164 185.507507 848.480103
-164 180.859390 840.895020
-164 175.820679 833.563660
-164 170.405167 826.506042
-164 164.627731 819.741455
-164 158.504166 813.288574
-164 152.051270 807.164978
-164 145.286743 801.387512
-164 138.229126 795.971985
-164 130.897751 790.933228
-164 123.312714 786.285156
-164 115.494797 782.040344
-164 107.465454 778.210510
-164 99.246674 774.806152
-164 90.860985 771.836609
-164 82.331375 769.309998
-164 73.681229 767.233276
-164 64.934235 765.612122
-164 56.114395 764.450928
-164 47.245865 763.752930
-164 38.352962 763.520020
-164 29.460060 763.752930
-164 20.591528 764.450867
-164 11.771681 765.612000
-164 3.024689 767.233154
-164 -5.625473 769.309814
-164 -14.155094 771.836365
-164 -22.540794 774.805908
-164 -30.759594 778.210205
-164 -38.788960 782.039978
-164 -46.606884 786.284729
-164 -54.191944 790.932861
-164 -61.523342 795.971558
-164 -68.580994 801.387024
-164 -75.345551 807.164490
-164 -81.798477 813.288025
-164 -87.922058 819.740906
-164 -93.699539 826.505432
-164 -99.115097 833.563049
-164 -104.153870 840.894470
-164 -108.802032 848.479553
-164 -113.046844 856.297485
-164 -116.876694 864.326843
-164 -120.281067 872.545654
-164 -123.250626 880.931396
-164 -125.777237 889.461060
-164 -127.853989 898.111206
-164 -129.475174 906.858276
-164 -130.636337 915.678162
-164 -131.334320 924.546692
-164 -131.567200 933.439636
-164 -131.334335 942.332581
-164 -130.636368 951.201172
-164 -129.475220 960.021057
-164 -127.854050 968.768066
-164 -125.777328 977.418274
-164 -123.250732 985.947937
-164 -120.281189 994.333679
-164 -116.876831 1002.552490
-164 -113.046997 1010.581909
-164 -108.802200 1018.399841
-164 -104.154053 1025.984863
-164 -99.115295 1033.316284
-164 -93.699738 1040.374023
-164 -87.922241 1047.138550
-164 -81.798630 1053.591431
-164 -75.345703 1059.715088
-164 -68.581116 1065.492554
-164 -61.523449 1070.908081
-164 -54.192013 1075.946777
-164 -46.606922 1080.594849
-164 -38.788952 1084.839600
-164 -30.759556 1088.669434
-164 -22.540718 1092.073730
-164 -14.154976 1095.043335
-164 -5.625317 1097.569824
-164 3.024887 1099.646606
-164 11.771925 1101.267700
-164 20.591814 1102.428833
-164 29.460388 1103.126709
-134 32.453541 1117.176147
-134 41.809868 1116.931152
-134 51.140549 1116.196777
-134 60.420013 1114.975098
-134 69.622818 1113.269531
-134 78.723740 1111.084595
-134 87.697845 1108.426270
-134 96.520538 1105.302002
-134 105.167618 1101.720215
-134 113.615402 1097.690918
-134 121.840714 1093.224854
-134 129.821030 1088.334595
-134 137.534454 1083.033325
-134 144.959869 1077.335571
-134 152.076920 1071.257080
-134 158.866089 1064.814331
-134 165.308762 1058.025146
-134 171.387299 1050.908081
-134 177.085022 1043.482666
-134 182.386322 1035.769287
-134 187.276657 1027.788940
-134 191.742645 1019.563660
-134 195.772018 1011.115906
-134 199.353760 1002.468811
-134 202.478027 993.646118
-134 205.136276 984.672058
-134 207.321213 975.571106
-134 209.026855 966.368347
-134 210.248520 957.088867
-134 210.982864 947.758179
-134 211.227875 938.401917
-134 210.982880 929.045593
-134 210.248550 919.714905
-134 209.026886 910.435425
-134 207.321259 901.232666
-134 205.136322 892.131714
-134 202.478088 883.157654
-134 199.353821 874.334961
-134 195.772095 865.687866
-134 191.742722 857.240112
-134 187.276764 849.014771
-134 182.386429 841.034485
-134 177.085144 833.321045
-134 171.387436 825.895630
-134 165.308929 818.778564
-134 158.866272 811.989441
-134 152.077118 805.546753
-134 144.960083 799.468201
-134 137.534698 793.770508
-134 129.821274 788.469177
-134 121.840973 783.578857
-134 113.615677 779.112854
-134 105.167908 775.083435
-134 96.520844 771.501709
-134 87.698181 768.377380
-134 78.724091 765.719116
-134 69.623177 763.534180
-134 60.420383 761.828491
-134 51.140938 760.606812
-134 41.810265 759.872498
-134 32.453953 759.627441
-134 23.097635 759.872437
-134 13.766962 760.606750
-134 4.487511 761.828369
-134 -4.715290 763.533997
-134 -13.816216 765.718933
-134 -22.790318 768.377136
-134 -31.613003 771.501404
-134 -40.260082 775.083130
-134 -48.707859 779.112488
-134 -56.933178 783.578430
-134 -64.913498 788.468750
-134 -72.626938 793.770020
-134 -80.052368 799.467712
-134 -87.169434 805.546204
-134 -93.958603 811.988831
-134 -100.401306 818.777954
-134 -106.479843 825.895020
-134 -112.177612 833.320435
-134 -117.478958 841.033875
-134 -122.369339 849.014221
-134 -126.835358 857.239502
-134 -130.864777 865.687317
-134 -134.446548 874.334412
-134 -137.570847 883.157166
-134 -140.229126 892.131287
-134 -142.414093 901.232239
-134 -144.119751 910.435059
-134 -145.341431 919.714539
-134 -146.075775 929.045288
-134 -146.320801 938.401611
-134 -146.075806 947.757996
-134 -145.341476 957.088684
-134 -144.119812 966.368164
-134 -142.414154 975.571045
-134 -140.229218 984.671997
-134 -137.570953 993.646118
-134 -134.446671 1002.468872
-134 -130.864914 1011.115967
-134 -126.835510 1019.563782
-134 -122.369507 1027.789063
-134 -117.479141 1035.769409
-134 -112.177811 1043.482910
-134 -106.480057 1050.908325
-134 -100.401489 1058.025391
-134 -93.958786 1064.814575
-134 -87.169586 1071.257202
-134 -80.052490 1077.335815
-134 -72.627045 1083.033569
-134 -64.913574 1088.334839
-134 -56.933216 1093.225098
-134 -48.707859 1097.691162
-134 -40.260036 1101.720459
-134 -31.612919 1105.302246
-134 -22.790195 1108.426514
-134 -13.816051 1111.084717
-134 -4.715080 1113.269653
-134 4.487766 1114.975220
-134 13.767263 1116.196899
-134 23.097980 1116.931152
-104 45.390453 1131.804565
-104 55.034069 1131.552124
-104 64.651253 1130.795166
-104 74.215645 1129.536011
-104 83.701019 1127.778076
-104 93.081398 1125.526001
-104 102.331055 1122.786133
-104 111.424637 1119.565918
-104 120.337234 1115.874146
-104 129.044403 1111.721069
-104 137.522278 1107.117920
-104 145.747635 1102.077393
-104 153.697906 1096.613403
-104 161.351334 1090.740723
-104 168.686905 1084.475586
-104 175.684540 1077.835083
-104 182.325043 1070.837402
-104 188.590210 1063.501831
-104 194.462891 1055.848389
-104 199.926971 1047.898071
-104 204.967468 1039.672729
-104 209.570572 1031.194946
-104 213.723679 1022.487732
-104 217.415390 1013.575195
-104 220.635605 1004.481567
-104 223.375473 995.231934
-104 225.627487 985.851563
-104 227.385513 976.366211
-104 228.644684 966.801819
-104 229.401581 957.184631
-104 229.654114 947.541077
-104 229.401596 937.897461
-104 228.644714 928.280273
-104 227.385544 918.715881
-104 225.627533 909.230530
-104 223.375519 899.850159
-104 220.635651 890.600525
-104 217.415466 881.506958
-104 213.723755 872.594360
-104 209.570663 863.887207
-104 204.967575 855.409302
-104 199.927078 847.183960
-104 194.463013 839.233704
-104 188.590363 831.580261
-104 182.325211 824.244690
-104 175.684723 817.247070
-104 168.687103 810.606567
-104 161.351547 804.341370
-104 153.698151 798.468689
-104 145.747894 793.004639
-104 137.522552 787.964111
-104 129.044693 783.360962
-104 120.337540 779.207886
-104 111.424973 775.516113
-104 102.331398 772.295898
-104 93.081757 769.556030
-104 83.701393 767.303955
-104 74.216026 765.545959
-104 64.651649 764.286743
-104 55.034481 763.529846
-104 45.390877 763.277283
-104 35.747272 763.529785
-104 26.130098 764.286682
-104 16.565718 765.545837
-104 7.080341 767.303833
-104 -2.300030 769.555786
-104 -11.549683 772.295654
-104 -20.643269 775.515808
-104 -29.555859 779.207520
-104 -38.263035 783.360596
-104 -46.740917 787.963684
-104 -54.966267 793.004150
-104 -62.916553 798.468201
-104 -70.569977 804.340820
-104 -77.905579 810.605957
-104 -84.903214 817.246460
-104 -91.543732 824.244080
-104 -97.808914 831.579590
-104 -103.681641 839.233032
-104 -109.145767 847.183350
-104 -114.186295 855.408691
-104 -118.789444 863.886597
-104 -122.942581 872.593750
-104 -126.634338 881.506409
-104 -129.854584 890.599976
-104 -132.594482 899.849670
-104 -134.846542 909.230103
-104 -136.604568 918.715515
-104 -137.863754 928.279907
-104 -138.620651 937.897156
-104 -138.873199 947.540771
-104 -138.620682 957.184448
-104 -137.863800 966.801636
-104 -136.604630 976.366089
-104 -134.846603 985.851501
-104 -132.594559 995.231873
-104 -129.854691 1004.481567
-104 -126.634476 1013.575195
-104 -122.942734 1022.487793
-104 -118.789612 1031.195068
-104 -114.186478 1039.672974
-104 -109.145950 1047.898315
-104 -103.681839 1055.848633
-104 -97.809143 1063.502075
-104 -91.543930 1070.837646
-104 -84.903397 1077.835205
-104 -77.905731 1084.475830
-104 -70.570114 1090.740967
-104 -62.916668 1096.613647
-104 -54.966343 1102.077759
-104 -46.740955 1107.118164
-104 -38.263027 1111.721313
-104 -29.555820 1115.874390
-104 -20.643185 1119.566162
-104 -11.549557 1122.786255
-104 -2.299858 1125.526123
-104 7.080559 1127.778198
-104 16.565981 1129.536133
-104 26.130409 1130.795288
-104 35.747627 1131.552124
-74 33.755238 1067.937134
-74 41.353519 1067.738159
-74 48.930977 1067.141846
-74 56.466843 1066.149780
-74 63.940453 1064.764648
-74 71.331322 1062.990234
-74 78.619202 1060.831421
-74 85.784119 1058.294189
-74 92.806419 1055.385498
-74 99.666870 1052.113159
-74 106.346664 1048.486328
-74 112.827484 1044.514893
-74 119.091568 1040.209717
-74 125.121765 1035.582642
-74 130.901520 1030.646240
-74 136.415009 1025.414063
-74 141.647125 1019.900635
-74 146.583496 1014.120850
-74 151.210632 1008.090698
-74 155.515823 1001.826538
-74 159.487274 995.345764
-74 163.114090 988.665955
-74 166.386353 981.805542
-74 169.295090 974.783203
-74 171.832321 967.618347
-74 173.991089 960.330444
-74 175.765472 952.939575
-74 177.150635 945.466003
-74 178.142746 937.930115
-74 178.739105 930.352661
-74 178.938080 922.754395
-74 178.739120 915.156128
-74 178.142761 907.578674
-74 177.150665 900.042847
-74 175.765503 892.569214
-74 173.991119 885.178345
-74 171.832367 877.890503
-74 169.295151 870.725586
-74 166.386414 863.703308
-74 163.114166 856.842834
-74 159.487350 850.163086
-74 155.515915 843.682251
-74 151.210739 837.418152
-74 146.583618 831.387939
-74 141.647247 825.608215
-74 136.415161 820.094727
-74 130.901688 814.862610
-74 125.121933 809.926208
-74 119.091766 805.299072
-74 112.827682 800.993896
-74 106.346878 797.022400
-74 99.667099 793.395569
-74 92.806664 790.123291
-74 85.784370 787.214600
-74 78.619476 784.677307
-74 71.331604 782.518555
-74 63.940742 780.744141
-74 56.467140 779.359009
-74 48.931293 778.366821
-74 41.353844 777.770508
-74 33.755569 777.571472
-74 26.157295 777.770447
-74 18.579845 778.366760
-74 11.043991 779.358887
-74 3.570387 780.744019
-74 -3.820484 782.518372
-74 -11.108364 784.677124
-74 -18.273273 787.214355
-74 -25.295578 790.123047
-74 -32.156033 793.395264
-74 -38.835819 797.022095
-74 -45.316647 800.993530
-74 -51.580746 805.298706
-74 -57.610943 809.925781
-74 -63.390713 814.862183
-74 -68.904221 820.094238
-74 -74.136322 825.607666
-74 -79.072723 831.387451
-74 -83.699890 837.417603
-74 -88.005112 843.681763
-74 -91.976593 850.162598
-74 -95.603455 856.842346
-74 -98.875748 863.702820
-74 -101.784515 870.725159
-74 -104.321762 877.890076
-74 -106.480560 885.177979
-74 -108.254974 892.568909
-74 -109.640137 900.042542
-74 -110.632263 907.578430
-74 -111.228638 915.155884
-74 -111.427612 922.754211
-74 -111.228653 930.352478
-74 -110.632294 937.929993
-74 -109.640182 945.465881
-74 -108.255020 952.939514
-74 -106.480621 960.330444
-74 -104.321854 967.618347
-74 -101.784622 974.783264
-74 -98.875870 981.805603
-74 -95.603592 988.666077
-74 -91.976730 995.345886
-74 -88.005264 1001.826721
-74 -83.700043 1008.090820
-74 -79.072891 1014.121033
-74 -74.136490 1019.900757
-74 -68.904358 1025.414307
-74 -63.390842 1030.646362
-74 -57.611042 1035.582764
-74 -51.580830 1040.209961
-74 -45.316708 1044.515137
-74 -38.835850 1048.486572
-74 -32.156025 1052.113403
-74 -25.295544 1055.385620
-74 -18.273209 1058.294434
-74 -11.108265 1060.831543
-74 -3.820351 1062.990356
-74 3.570557 1064.764648
-74 11.044199 1066.149780
-74 18.580090 1067.141968
-74 26.157576 1067.738281
-44 31.160177 1049.856567
-44 38.429070 1049.666260
-44 45.678040 1049.095703
-44 52.887222 1048.146606
-44 60.036846 1046.821533
-44 67.107323 1045.124023
-44 74.079269 1043.058838
-44 80.933578 1040.631592
-44 87.651466 1037.848999
-44 94.214508 1034.718506
-44 100.604729 1031.248901
-44 106.804604 1027.449707
-44 112.797142 1023.331116
-44 118.565918 1018.904541
-44 124.095131 1014.182190
-44 129.369598 1009.176880
-44 134.374893 1003.902405
-44 139.097275 998.373230
-44 143.523819 992.604431
-44 147.642380 986.611877
-44 151.441666 980.411987
-44 154.911270 974.021790
-44 158.041672 967.458740
-44 160.824310 960.740906
-44 163.251556 953.886597
-44 165.316727 946.914673
-44 167.014191 939.844177
-44 168.339310 932.694580
-44 169.288422 925.485413
-44 169.858917 918.236450
-44 170.049271 910.967529
-44 169.858932 903.698669
-44 169.288437 896.449707
-44 168.339340 889.240540
-44 167.014236 882.090881
-44 165.316772 875.020447
-44 163.251587 868.048523
-44 160.824356 861.194214
-44 158.041733 854.476318
-44 154.911331 847.913269
-44 151.441742 841.523071
-44 147.642471 835.323181
-44 143.523911 829.330627
-44 139.097382 823.561890
-44 134.375015 818.032654
-44 129.369736 812.758179
-44 124.095276 807.752869
-44 118.566086 803.030518
-44 112.797325 798.603943
-44 106.804794 794.485413
-44 100.604935 790.686096
-44 94.214729 787.216492
-44 87.651695 784.086060
-44 80.933823 781.303406
-44 74.079529 778.876160
-44 67.107590 776.810974
-44 60.037125 775.113525
-44 52.887512 773.788391
-44 45.678345 772.839233
-44 38.429382 772.268738
-44 31.160496 772.078369
-44 23.891609 772.268677
-44 16.642647 772.839172
-44 9.433475 773.788269
-44 2.283854 775.113342
-44 -4.786619 776.810791
-44 -11.758566 778.875977
-44 -18.612871 781.303223
-44 -25.330755 784.085815
-44 -31.893805 787.216187
-44 -38.284019 790.685791
-44 -44.483902 794.485046
-44 -50.476448 798.603577
-44 -56.245232 803.030090
-44 -61.774445 807.752441
-44 -67.048935 812.757751
-44 -72.054237 818.032166
-44 -76.776634 823.561401
-44 -81.203209 829.330139
-44 -85.321800 835.322693
-44 -89.121117 841.522583
-44 -92.590752 847.912842
-44 -95.721191 854.475891
-44 -98.503853 861.193787
-44 -100.931114 868.048096
-44 -102.996315 875.020081
-44 -104.693810 882.090576
-44 -106.018929 889.240234
-44 -106.968056 896.449402
-44 -107.538567 903.698425
-44 -107.728920 910.967346
-44 -107.538582 918.236267
-44 -106.968086 925.485229
-44 -106.018974 932.694458
-44 -104.693871 939.844116
-44 -102.996391 946.914612
-44 -100.931206 953.886597
-44 -98.503960 960.740906
-44 -95.721298 967.458801
-44 -92.590874 974.021912
-44 -89.121246 980.412109
-44 -85.321945 986.612000
-44 -81.203362 992.604553
-44 -76.776802 998.373352
-44 -72.054382 1003.902588
-44 -67.049072 1009.177063
-44 -61.774574 1014.182373
-44 -56.245331 1018.904785
-44 -50.476524 1023.331299
-44 -44.483955 1027.449829
-44 -38.284050 1031.249146
-44 -31.893801 1034.718750
-44 -25.330725 1037.849121
-44 -18.612810 1040.631836
-44 -11.758471 1043.058960
-44 -4.786489 1045.124146
-44 2.284018 1046.821655
-44 9.433674 1048.146729
-44 16.642879 1049.095825
-44 23.891878 1049.666260
-14 41.108906 1065.005371
-14 48.804115 1064.803955
-14 56.478230 1064.199951
-14 64.110222 1063.195190
-14 71.679169 1061.792358
-14 79.164322 1059.995361
-14 86.545166 1057.808960
-14 93.801468 1055.239380
-14 100.913361 1052.293579
-14 107.861313 1048.979614
-14 114.626312 1045.306519
-14 121.189804 1041.284302
-14 127.533798 1036.924194
-14 133.640915 1032.238037
-14 139.494400 1027.238770
-14 145.078217 1021.939880
-14 150.377075 1016.356079
-14 155.376419 1010.502563
-14 160.062576 1004.395508
-14 164.422684 998.051453
-14 168.444809 991.487976
-14 172.117889 984.723022
-14 175.431885 977.775024
-14 178.377731 970.663147
-14 180.947327 963.406860
-14 183.133621 956.026001
-14 184.930649 948.540894
-14 186.333481 940.971924
-14 187.338242 933.339966
-14 187.942215 925.665833
-14 188.143723 917.970642
-14 187.942215 910.275452
-14 187.338257 902.601379
-14 186.333496 894.969360
-14 184.930679 887.400452
-14 183.133667 879.915283
-14 180.947357 872.534424
-14 178.377777 865.278137
-14 175.431946 858.166260
-14 172.117950 851.218323
-14 168.444885 844.453308
-14 164.422775 837.889832
-14 160.062683 831.545837
-14 155.376541 825.438721
-14 150.377213 819.585205
-14 145.078369 814.001404
-14 139.494568 808.702576
-14 133.641098 803.703186
-14 127.533997 799.017029
-14 121.190018 794.656921
-14 114.626541 790.634827
-14 107.861542 786.961731
-14 100.913605 783.647705
-14 93.801727 780.701843
-14 86.545441 778.132263
-14 79.164597 775.945923
-14 71.679459 774.148926
-14 64.110527 772.746033
-14 56.478550 771.741272
-14 48.804443 771.137268
-14 41.109245 770.935791
-14 33.414043 771.137268
-14 25.739935 771.741211
-14 18.107952 772.745972
-14 10.539013 774.148743
-14 3.053864 775.945740
-14 -4.326981 778.132019
-14 -11.583290 780.701599
-14 -18.695171 783.647461
-14 -25.643139 786.961426
-14 -32.408138 790.634460
-14 -38.971630 794.656555
-14 -45.315632 799.016663
-14 -51.422756 803.702759
-14 -57.276257 808.702087
-14 -62.860088 814.000916
-14 -68.158936 819.584717
-14 -73.158310 825.438171
-14 -77.844498 831.545288
-14 -82.204636 837.889343
-14 -86.226776 844.452820
-14 -89.899902 851.217834
-14 -93.213943 858.165833
-14 -96.159805 865.277710
-14 -98.729431 872.534058
-14 -100.915756 879.914917
-14 -102.712799 887.400085
-14 -104.115646 894.969055
-14 -105.120422 902.601074
-14 -105.724396 910.275208
-14 -105.925919 917.970459
-14 -105.724411 925.665649
-14 -105.120453 933.339844
-14 -104.115692 940.971863
-14 -102.712860 948.540833
-14 -100.915833 956.026001
-14 -98.729523 963.406860
-14 -96.159912 970.663208
-14 -93.214066 977.775085
-14 -89.900040 984.723083
-14 -86.226913 991.488098
-14 -82.204788 998.051636
-14 -77.844666 1004.395630
-14 -73.158478 1010.502747
-14 -68.159103 1016.356262
-14 -62.860226 1021.940063
-14 -57.276386 1027.238892
-14 -51.422855 1032.238281
-14 -45.315723 1036.924438
-14 -38.971691 1041.284546
-14 -32.408169 1045.306641
-14 -25.643131 1048.979736
-14 -18.695137 1052.293701
-14 -11.583221 1055.239624
-14 -4.326881 1057.809204
-14 3.053997 1059.995483
-14 10.539185 1061.792480
-14 18.108162 1063.195313
-14 25.740181 1064.199951
-14 33.414326 1064.803955
16 53.545773 1091.506104
16 62.104012 1091.281982
16 70.638786 1090.610352
16 79.126717 1089.492920
16 87.544533 1087.932739
16 95.869156 1085.934204
16 104.077774 1083.502686
16 112.147888 1080.644897
16 120.057373 1077.368652
16 127.784576 1073.682983
16 135.308273 1069.597900
16 142.607864 1065.124756
16 149.663345 1060.275635
16 156.455383 1055.063965
16 162.965347 1049.503906
16 169.175400 1043.610718
16 175.068527 1037.400757
16 180.628571 1030.890747
16 185.840271 1024.098755
16 190.689377 1017.043213
16 195.162582 1009.743652
16 199.247620 1002.219971
16 202.933289 994.492737
16 206.209503 986.583252
16 209.067276 978.513184
16 211.498779 970.304565
16 213.497345 961.979980
16 215.057495 953.562134
16 216.174957 945.074219
16 216.846664 936.539429
16 217.070770 927.981201
16 216.846664 919.422974
16 216.174973 910.888245
16 215.057526 902.400330
16 213.497375 893.982483
16 211.498825 885.657898
16 209.067337 877.449280
16 206.209564 869.379150
16 202.933350 861.469666
16 199.247696 853.742493
16 195.162674 846.218811
16 190.689484 838.919189
16 185.840393 831.863708
16 180.628693 825.071716
16 175.068680 818.561707
16 169.175568 812.351685
16 162.965530 806.458557
16 156.455582 800.898499
16 149.663559 795.686768
16 142.608093 790.837708
16 135.308517 786.364502
16 127.784821 782.279419
16 120.057648 778.593750
16 112.148178 775.317505
16 104.078079 772.459717
16 95.869476 770.028198
16 87.544861 768.029663
16 79.127060 766.469482
16 70.639145 765.351990
16 62.104374 764.680298
16 53.546146 764.456177
16 44.987919 764.680237
16 36.453148 765.351929
16 27.965227 766.469360
16 19.547421 768.029480
16 11.222801 770.028015
16 3.014183 772.459473
16 -5.055931 775.317261
16 -12.965420 778.593445
16 -20.692608 782.279114
16 -28.216312 786.364136
16 -35.515919 790.837280
16 -42.571407 795.686340
16 -49.363453 800.898010
16 -55.873432 806.458069
16 -62.083500 812.351135
16 -67.976624 818.561157
16 -73.536682 825.071106
16 -78.748428 831.863159
16 -83.597565 838.918640
16 -88.070801 846.218262
16 -92.155869 853.741943
16 -95.841583 861.469177
16 -99.117828 869.378662
16 -101.975632 877.448853
16 -104.407166 885.657471
16 -106.405746 893.982117
16 -107.965912 902.399963
16 -109.083389 910.887939
16 -109.755096 919.422729
16 -109.979218 927.980957
16 -109.755112 936.539246
16 -109.083420 945.074036
16 -107.965973 953.562012
16 -106.405807 961.979858
16 -104.407242 970.304504
16 -101.975723 978.513184
16 -99.117950 986.583313
16 -95.841705 994.492798
16 -92.156006 1002.220032
16 -88.070953 1009.743774
16 -83.597733 1017.043396
16 -78.748611 1024.098877
16 -73.536880 1030.890869
16 -67.976807 1037.400879
16 -62.083652 1043.610962
16 -55.873577 1049.504150
16 -49.363567 1055.064209
16 -42.571507 1060.275879
16 -35.515987 1065.125000
16 -28.216351 1069.598145
16 -20.692608 1073.683228
16 -12.965382 1077.368896
16 -5.055859 1080.645020
16 3.014294 1083.502808
16 11.222950 1085.934326
16 19.547611 1087.932861
16 27.965462 1089.492920
16 36.453423 1090.610352
16 44.988235 1091.282104
46 55.256454 1097.592529
46 63.870319 1097.367065
46 72.460571 1096.690918
46 81.003677 1095.566284
46 89.476204 1093.995972
46 97.854935 1091.984375
46 106.116913 1089.537109
46 114.239479 1086.660767
46 122.200378 1083.363281
46 129.977798 1079.653564
46 137.550400 1075.541992
46 144.897446 1071.039673
46 151.998779 1066.159058
46 158.834961 1060.913452
46 165.387253 1055.317383
46 171.637665 1049.385864
46 177.569092 1043.135498
46 183.165283 1036.583252
46 188.410858 1029.747070
46 193.291489 1022.645691
46 197.793762 1015.298645
46 201.905334 1007.726074
46 205.614975 999.948608
46 208.912476 991.987732
46 211.788834 983.865173
46 214.236130 975.603210
46 216.247696 967.224487
46 217.817993 958.751953
46 218.942703 950.208862
46 219.618774 941.618652
46 219.844345 933.004761
46 219.618790 924.390930
46 218.942734 915.800659
46 217.818024 907.257568
46 216.247726 898.785095
46 214.236191 890.406372
46 211.788879 882.144409
46 208.912537 874.021851
46 205.615036 866.060913
46 201.905411 858.283508
46 197.793839 850.710938
46 193.291580 843.363892
46 188.410980 836.262512
46 183.165405 829.426331
46 177.569244 822.874084
46 171.637833 816.623657
46 165.387421 810.692200
46 158.835175 805.096069
46 151.998993 799.850464
46 144.897675 794.969849
46 137.550644 790.467529
46 129.978058 786.355957
46 122.200653 782.646301
46 114.239769 779.348755
46 106.117218 776.472412
46 97.855255 774.025085
46 89.476532 772.013550
46 81.004021 770.443237
46 72.460930 769.318481
46 63.870686 768.642395
46 55.256832 768.416809
46 46.642975 768.642334
46 38.052731 769.318359
46 29.509638 770.443115
46 21.037117 772.013367
46 12.658386 774.024902
46 4.396416 776.472168
46 -3.726154 779.348511
46 -11.687057 782.645996
46 -19.464470 786.355591
46 -27.037079 790.467163
46 -34.384125 794.969421
46 -41.485474 799.849976
46 -48.321671 805.095581
46 -54.873962 810.691711
46 -61.124397 816.623108
46 -67.055832 822.873535
46 -72.652023 829.425781
46 -77.897644 836.261963
46 -82.778305 843.363281
46 -87.280609 850.710388
46 -91.392227 858.282959
46 -95.101898 866.060425
46 -98.399445 874.021362
46 -101.275833 882.143921
46 -103.723160 890.405945
46 -105.734741 898.784668
46 -107.305054 907.257263
46 -108.429779 915.800354
46 -109.105865 924.390625
46 -109.331436 933.004517
46 -109.105881 941.618408
46 -108.429825 950.208740
46 -107.305099 958.751831
46 -105.734802 967.224426
46 -103.723236 975.603149
46 -101.275925 983.865173
46 -98.399567 991.987793
46 -95.102036 999.948730
46 -91.392380 1007.726135
46 -87.280762 1015.298767
46 -82.778473 1022.645813
46 -77.897827 1029.747192
46 -72.652214 1036.583374
46 -67.056007 1043.135742
46 -61.124550 1049.386108
46 -54.874107 1055.317505
46 -48.321785 1060.913696
46 -41.485573 1066.159302
46 -34.384193 1071.039917
46 -27.037109 1075.542236
46 -19.464462 1079.653809
46 -11.687012 1083.363403
46 -3.726078 1086.660889
46 4.396526 1089.537231
46 12.658539 1091.984497
46 21.037312 1093.996094
46 29.509874 1095.566406
46 38.053009 1096.691040
46 46.643295 1097.367065
76 59.910370 1111.768433
76 68.847061 1111.534424
76 77.759262 1110.833008
76 86.622536 1109.666138
76 95.412598 1108.036987
76 104.105339 1105.950073
76 112.676956 1103.411011
76 121.103943 1100.426880
76 129.363190 1097.005859
76 137.432098 1093.157104
76 145.288498 1088.891479
76 152.910889 1084.220459
76 160.278381 1079.156982
76 167.370758 1073.714722
76 174.168610 1067.908813
76 180.653275 1061.755127
76 186.807007 1055.270386
76 192.612915 1048.472656
76 198.055084 1041.380249
76 203.118622 1034.012695
76 207.789627 1026.390381
76 212.055313 1018.533936
76 215.903961 1010.465027
76 219.325058 1002.205811
76 222.309219 993.778809
76 224.848236 985.207214
76 226.935181 976.514465
76 228.564331 967.724426
76 229.731201 958.861145
76 230.432602 949.948975
76 230.666626 941.012329
76 230.432617 932.075623
76 229.731216 923.163452
76 228.564362 914.300171
76 226.935211 905.510132
76 224.848282 896.817383
76 222.309265 888.245789
76 219.325119 879.818787
76 215.904037 871.559570
76 212.055389 863.490662
76 207.789719 855.634277
76 203.118729 848.011841
76 198.055206 840.644348
76 192.613037 833.552002
76 186.807159 826.754150
76 180.653442 820.269470
76 174.168793 814.115723
76 167.370972 808.309814
76 160.278595 802.867676
76 152.911133 797.804138
76 145.288757 793.133118
76 137.432358 788.867432
76 129.363480 785.018738
76 121.104240 781.597656
76 112.677277 778.613464
76 104.105667 776.074402
76 95.412933 773.987427
76 86.622894 772.358276
76 77.759628 771.191406
76 68.847443 770.489990
76 59.910763 770.255981
76 50.974079 770.489929
76 42.061890 771.191345
76 33.198624 772.358154
76 24.408573 773.987305
76 15.715828 776.074219
76 7.144215 778.613220
76 -1.282768 781.597351
76 -9.542023 785.018433
76 -17.610916 788.867065
76 -25.467331 793.132690
76 -33.089729 797.803711
76 -40.457222 802.867188
76 -47.549614 808.309326
76 -54.347473 814.115234
76 -60.832161 820.268921
76 -66.985886 826.753540
76 -72.791809 833.551392
76 -78.234024 840.643799
76 -83.297607 848.011230
76 -87.968643 855.633667
76 -92.234360 863.490112
76 -96.083069 871.559021
76 -99.504196 879.818298
76 -102.488373 888.245300
76 -105.027420 896.816956
76 -107.114395 905.509705
76 -108.743561 914.299805
76 -109.910446 923.163086
76 -110.611862 932.075317
76 -110.845886 941.012024
76 -110.611877 949.948792
76 -109.910477 958.861023
76 -108.743607 967.724304
76 -107.114456 976.514404
76 -105.027512 985.207153
76 -102.488480 993.778809
76 -99.504318 1002.205811
76 -96.083191 1010.465088
76 -92.234512 1018.534058
76 -87.968811 1026.390503
76 -83.297775 1034.012939
76 -78.234222 1041.380371
76 -72.792023 1048.472778
76 -66.986069 1055.270630
76 -60.832321 1061.755371
76 -54.347626 1067.909058
76 -47.549736 1073.714966
76 -40.457321 1079.157104
76 -33.089798 1084.220703
76 -25.467369 1088.891724
76 -17.610916 1093.157349
76 -9.541985 1097.005981
76 -1.282692 1100.427124
76 7.144333 1103.411255
76 15.715984 1105.950195
76 24.408772 1108.037109
76 33.198868 1109.666260
76 42.062180 1110.833130
76 50.974411 1111.534424
106 59.096397 1077.099854
106 67.237648 1076.886719
106 75.356575 1076.247681
106 83.430939 1075.184692
106 91.438606 1073.700562
106 99.357620 1071.799316
106 107.166290 1069.486328
106 114.843201 1066.767822
106 122.367310 1063.651245
106 129.717987 1060.145142
106 136.875122 1056.259155
106 143.819061 1052.003906
106 150.530762 1047.390991
106 156.991852 1042.433228
106 163.184631 1037.144165
106 169.092102 1031.538086
106 174.698105 1025.630615
106 179.987244 1019.437866
106 184.945007 1012.976807
106 189.557831 1006.265076
106 193.813080 999.321106
106 197.699097 992.164001
106 201.205170 984.813354
106 204.321777 977.289246
106 207.040314 969.612366
106 209.353333 961.803711
106 211.254517 953.884705
106 212.738647 945.877014
106 213.801666 937.802673
106 214.440643 929.683716
106 214.653839 921.542480
106 214.440643 913.401245
106 213.801697 905.282349
106 212.738678 897.208008
106 211.254547 889.200317
106 209.353363 881.281311
106 207.040344 873.472656
106 204.321838 865.795776
106 201.205231 858.271667
106 197.699158 850.920959
106 193.813171 843.763855
106 189.557953 836.819946
106 184.945114 830.108215
106 179.987350 823.647095
106 174.698242 817.454346
106 169.092270 811.546875
106 163.184814 805.940857
106 156.992050 800.651733
106 150.530975 795.693970
106 143.819275 791.081116
106 136.875336 786.825867
106 129.718231 782.939880
106 122.367569 779.433716
106 114.843475 776.317139
106 107.166580 773.598633
106 99.357925 771.285522
106 91.438919 769.384338
106 83.431267 767.900208
106 75.356918 766.837158
106 67.237991 766.198181
106 59.096756 765.984985
106 50.955517 766.198120
106 42.836594 766.837097
106 34.762234 767.900085
106 26.754574 769.384216
106 18.835560 771.285400
106 11.026901 773.598389
106 3.349991 776.316895
106 -4.174118 779.433472
106 -11.524811 782.939514
106 -18.681931 786.825500
106 -25.625870 791.080750
106 -32.337585 795.693542
106 -38.798698 800.651306
106 -44.991486 805.940369
106 -50.898972 811.546387
106 -56.504967 817.453796
106 -61.794113 823.646545
106 -66.751923 830.107666
106 -71.364799 836.819397
106 -75.620079 843.763306
106 -79.506111 850.920471
106 -83.012230 858.271179
106 -86.128853 865.795288
106 -88.847420 873.472229
106 -91.160469 881.280884
106 -93.061684 889.199951
106 -94.545830 897.207642
106 -95.608849 905.282043
106 -96.247841 913.401001
106 -96.461037 921.542297
106 -96.247856 929.683533
106 -95.608894 937.802490
106 -94.545876 945.876892
106 -93.061745 953.884583
106 -91.160545 961.803650
106 -88.847511 969.612305
106 -86.128960 977.289246
106 -83.012352 984.813416
106 -79.506248 992.164124
106 -75.620232 999.321289
106 -71.364952 1006.265198
106 -66.752098 1012.976929
106 -61.794296 1019.438049
106 -56.505135 1025.630859
106 -50.899124 1031.538330
106 -44.991623 1037.144287
106 -38.798805 1042.433472
106 -32.337677 1047.391235
106 -25.625931 1052.004028
106 -18.681961 1056.259277
106 -11.524803 1060.145264
106 -4.174080 1063.651367
106 3.350063 1066.767944
106 11.027004 1069.486450
106 18.835705 1071.799561
106 26.754757 1073.700684
106 34.762459 1075.184814
106 42.836853 1076.247803
106 50.955818 1076.886719
136 64.266281 1111.573975
136 73.299858 1111.337524
136 82.308678 1110.628418
136 91.268044 1109.448975
136 100.153397 1107.802124
136 108.940384 1105.692627
136 117.604927 1103.125977
136 126.123276 1100.109497
136 134.472076 1096.651367
136 142.628448 1092.760986
136 150.570023 1088.448975
136 158.275055 1083.727417
136 165.722412 1078.608887
136 172.891693 1073.107788
136 179.763245 1067.238892
136 186.318207 1061.018433
136 192.538651 1054.463501
136 198.407486 1047.591919
136 203.908676 1040.422729
136 209.027100 1032.975342
136 213.748749 1025.270264
136 218.060669 1017.328735
136 221.951065 1009.172363
136 225.409241 1000.823547
136 228.425751 992.305237
136 230.992294 983.640686
136 233.101868 974.853699
136 234.748672 965.968384
136 235.928192 957.009033
136 236.637207 948.000244
136 236.873764 938.966675
136 236.637222 929.933105
136 235.928223 920.924255
136 234.748703 911.964905
136 233.101898 903.079590
136 230.992340 894.292603
136 228.425797 885.628052
136 225.409302 877.109741
136 221.951126 868.760925
136 218.060760 860.604553
136 213.748840 852.662964
136 209.027206 844.957947
136 203.908798 837.510620
136 198.407623 830.341309
136 192.538803 823.469788
136 186.318375 816.914795
136 179.763428 810.694336
136 172.891891 804.825500
136 165.722641 799.324341
136 158.275299 794.205872
136 150.570282 789.484253
136 142.628708 785.172302
136 134.472351 781.281921
136 126.123573 777.823730
136 117.605247 774.807190
136 108.940720 772.240601
136 100.153748 770.131042
136 91.268402 768.484192
136 82.309052 767.304688
136 73.300247 766.595642
136 64.266678 766.359070
136 55.233109 766.595581
136 46.224300 767.304565
136 37.264946 768.484070
136 28.379597 770.130859
136 19.592609 772.240417
136 10.928070 774.806946
136 2.409729 777.823425
136 -5.939072 781.281616
136 -14.095444 785.171936
136 -22.037025 789.483826
136 -29.742065 794.205444
136 -37.189430 799.323853
136 -44.358711 804.825012
136 -51.230270 810.693848
136 -57.785255 816.914246
136 -64.005707 823.469177
136 -69.874573 830.340698
136 -75.375793 837.510010
136 -80.494263 844.957336
136 -85.215942 852.662415
136 -89.527908 860.604004
136 -93.418335 868.760376
136 -96.876541 877.109192
136 -99.893082 885.627563
136 -102.459656 894.292114
136 -104.569260 903.079163
136 -106.216080 911.964539
136 -107.395615 920.923950
136 -108.104630 929.932800
136 -108.341202 938.966370
136 -108.104660 948.000000
136 -107.395660 957.008850
136 -106.216125 965.968262
136 -104.569321 974.853638
136 -102.459747 983.640625
136 -99.893188 992.305237
136 -96.876678 1000.823608
136 -93.418472 1009.172424
136 -89.528061 1017.328796
136 -85.216110 1025.270386
136 -80.494446 1032.975464
136 -75.375977 1040.422852
136 -69.874771 1047.592163
136 -64.005890 1054.463745
136 -57.785423 1061.018677
136 -51.230423 1067.239136
136 -44.358841 1073.108032
136 -37.189529 1078.609131
136 -29.742134 1083.727539
136 -22.037064 1088.449219
136 -14.095436 1092.761230
136 -5.939026 1096.651611
136 2.409805 1100.109741
136 10.928188 1103.126221
136 19.592770 1105.692749
136 28.379799 1107.802246
136 37.265190 1109.449097
136 46.224590 1110.628540
136 55.233444 1111.337524
166 48.153309 1087.536133
166 56.331226 1087.322021
166 64.486732 1086.680176
166 72.597466 1085.612305
166 80.641205 1084.121582
166 88.595886 1082.211792
166 96.439728 1079.888306
166 104.151215 1077.157471
166 111.709213 1074.026855
166 119.093018 1070.505005
166 126.282364 1066.601563
166 133.257584 1062.327148
166 139.999527 1057.693481
166 146.489731 1052.713379
166 152.710403 1047.400391
166 158.644485 1041.769165
166 164.275726 1035.835083
166 169.588684 1029.614380
166 174.568787 1023.124207
166 179.202393 1016.382263
166 183.476807 1009.407043
166 187.380310 1002.217712
166 190.902191 994.833923
166 194.032822 987.275940
166 196.763596 979.564453
166 199.087051 971.720642
166 200.996796 963.765930
166 202.487625 955.722229
166 203.555420 947.611511
166 204.197266 939.455994
166 204.411423 931.278076
166 204.197281 923.100220
166 203.555435 914.944702
166 202.487656 906.833984
166 200.996826 898.790222
166 199.087097 890.835571
166 196.763641 882.991760
166 194.032883 875.280273
166 190.902252 867.722229
166 187.380386 860.338440
166 183.476898 853.149109
166 179.202484 846.173889
166 174.568893 839.431946
166 169.588791 832.941772
166 164.275864 826.721069
166 158.644638 820.786987
166 152.710571 815.155762
166 146.489914 809.842773
166 139.999725 804.862671
166 133.257797 800.229065
166 126.282608 795.954651
166 119.093262 792.051147
166 111.709473 788.529236
166 104.151489 785.398621
166 96.440018 782.667786
166 88.596191 780.344360
166 80.641510 778.434570
166 72.597794 776.943726
166 64.487068 775.875916
166 56.331577 775.234070
166 48.153667 775.019897
166 39.975758 775.234009
166 31.820263 775.875854
166 23.709536 776.943604
166 15.665806 778.434448
166 7.711124 780.344177
166 -0.132710 782.667603
166 -7.844196 785.398315
166 -15.402199 788.528931
166 -22.785999 792.050781
166 -29.975361 795.954285
166 -36.950573 800.228699
166 -43.692524 804.862305
166 -50.182735 809.842346
166 -56.403423 815.155273
166 -62.337521 820.786499
166 -67.968765 826.720581
166 -73.281738 832.941162
166 -78.261871 839.431396
166 -82.895538 846.173340
166 -87.169983 853.148560
166 -91.073517 860.337952
166 -94.595428 867.721802
166 -97.726089 875.279785
166 -100.456894 882.991333
166 -102.780365 890.835144
166 -104.690140 898.789856
166 -106.180984 906.833618
166 -107.248795 914.944397
166 -107.890656 923.099915
166 -108.104813 931.277893
166 -107.890671 939.455811
166 -107.248825 947.611328
166 -106.181030 955.722107
166 -104.690201 963.765869
166 -102.780441 971.720581
166 -100.456985 979.564453
166 -97.726196 987.275940
166 -94.595551 994.833984
166 -91.073654 1002.217834
166 -87.170120 1009.407227
166 -82.895691 1016.382446
166 -78.262054 1023.124390
166 -73.281921 1029.614624
166 -67.968933 1035.835327
166 -62.337666 1041.769409
166 -56.403561 1047.400635
166 -50.182850 1052.713623
166 -43.692616 1057.693726
166 -36.950642 1062.327271
166 -29.975391 1066.601685
166 -22.785992 1070.505249
166 -15.402161 1074.027100
166 -7.844128 1077.157715
166 -0.132603 1079.888428
166 7.711269 1082.211914
166 15.665989 1084.121582
166 23.709761 1085.612427
166 31.820526 1086.680176
166 39.976059 1087.322021
196 56.418442 1059.874756
196 63.993568 1059.676270
196 71.547935 1059.081787
196 79.060837 1058.092651
196 86.511665 1056.711792
196 93.880020 1054.942749
196 101.145691 1052.790649
196 108.288773 1050.261108
196 115.289673 1047.361206
196 122.129219 1044.098877
196 128.788651 1040.483154
196 135.249725 1036.523804
196 141.494720 1032.231689
196 147.506531 1027.618652
196 153.268677 1022.697388
196 158.765381 1017.481201
196 163.981537 1011.984497
196 168.902878 1006.222351
196 173.515900 1000.210571
196 177.807983 993.965576
196 181.767334 987.504456
196 185.383102 980.845032
196 188.645386 974.005493
196 191.545258 967.004639
196 194.074753 959.861572
196 196.226944 952.595886
196 197.995926 945.227539
196 199.376862 937.776733
196 200.365952 930.263855
196 200.960495 922.709473
196 201.158859 915.134338
196 200.960510 907.559265
196 200.365967 900.004883
196 199.376892 892.492004
196 197.995956 885.041138
196 196.226974 877.672791
196 194.074799 870.407166
196 191.545303 863.264099
196 188.645447 856.263184
196 185.383163 849.423645
196 181.767395 842.764221
196 177.808060 836.303162
196 173.516006 830.058167
196 168.902985 824.046326
196 163.981659 818.284180
196 158.765518 812.787476
196 153.268845 807.571350
196 147.506714 802.650024
196 141.494904 798.036987
196 135.249924 793.744873
196 128.788864 789.785522
196 122.129440 786.169739
196 115.289917 782.907471
196 108.289024 780.007568
196 101.145958 777.478027
196 93.880295 775.325806
196 86.511963 773.556885
196 79.061134 772.175903
196 71.548248 771.186768
196 63.993893 770.592224
196 56.418774 770.393860
196 48.843655 770.592224
196 41.289295 771.186707
196 33.776405 772.175781
196 26.325575 773.556702
196 18.957226 775.325684
196 11.691559 777.477844
196 4.548481 780.007324
196 -2.452423 782.907166
196 -9.291969 786.169434
196 -15.951408 789.785217
196 -22.412483 793.744507
196 -28.657486 798.036560
196 -34.669312 802.649536
196 -40.431465 807.570862
196 -45.928169 812.786987
196 -51.144341 818.283691
196 -56.065689 824.045837
196 -60.678749 830.057617
196 -64.970863 836.302612
196 -68.930237 842.763733
196 -72.546036 849.423157
196 -75.808365 856.262756
196 -78.708267 863.263672
196 -81.237778 870.406738
196 -83.389999 877.672424
196 -85.158997 885.040833
196 -86.539948 892.491699
196 -87.529053 900.004578
196 -88.123596 907.558960
196 -88.321976 915.134155
196 -88.123627 922.709290
196 -87.529083 930.263672
196 -86.539993 937.776611
196 -85.159058 945.227478
196 -83.390060 952.595825
196 -81.237869 959.861572
196 -78.708359 967.004639
196 -75.808472 974.005554
196 -72.546173 980.845154
196 -68.930374 987.504578
196 -64.971008 993.965698
196 -60.678917 1000.210693
196 -56.065865 1006.222534
196 -51.144493 1011.984680
196 -45.928307 1017.481384
196 -40.431595 1022.697571
196 -34.669411 1027.618896
196 -28.657570 1032.231934
196 -22.412537 1036.524048
196 -15.951431 1040.483398
196 -9.291962 1044.099121
196 -2.452389 1047.361450
196 4.548546 1050.261230
196 11.691658 1052.790771
196 18.957363 1054.942871
196 26.325747 1056.711914
196 33.776611 1058.092773
196 41.289539 1059.081787
196 48.843933 1059.676392
226 55.027550 1059.024292
226 62.535645 1058.827759
226 70.023155 1058.238403
226 77.469574 1057.258057
226 84.854469 1055.889404
226 92.157616 1054.135986
226 99.358994 1052.002930
226 106.438858 1049.495850
226 113.377808 1046.621582
226 120.156830 1043.388184
226 126.757332 1039.804443
226 133.161224 1035.880127
226 139.350967 1031.625977
226 145.309570 1027.053711
226 151.020737 1022.175964
226 156.468781 1017.005981
226 161.638794 1011.557922
226 166.516571 1005.846802
226 171.088776 999.888184
226 175.342865 993.698425
226 179.267181 987.294556
226 182.850952 980.694031
226 186.084381 973.915039
226 188.958588 966.976074
226 191.465698 959.896240
226 193.598846 952.694885
226 195.352173 945.391724
226 196.720886 938.006836
226 197.701233 930.560425
226 198.290497 923.072937
226 198.487122 915.564819
226 198.290527 908.056763
226 197.701233 900.569275
226 196.720917 893.122864
226 195.352203 885.737976
226 193.598877 878.434814
226 191.465729 871.233459
226 188.958649 864.153564
226 186.084442 857.214600
226 182.851028 850.435608
226 179.267258 843.835083
226 175.342957 837.431213
226 171.088882 831.241455
226 166.516693 825.282898
226 161.638916 819.571716
226 156.468933 814.123657
226 151.020889 808.953674
226 145.309753 804.075867
226 139.351151 799.503662
226 133.161438 795.249573
226 126.757545 791.325256
226 120.157051 787.741455
226 113.378052 784.508057
226 106.439117 781.633789
226 99.359261 779.126709
226 92.157898 776.993530
226 84.854759 775.240173
226 77.469872 773.871460
226 70.023468 772.891113
226 62.535965 772.301819
226 55.027878 772.105225
226 47.519794 772.301758
226 40.032288 772.891052
226 32.585880 773.871338
226 25.200985 775.240051
226 17.897842 776.993347
226 10.696468 779.126465
226 3.616604 781.633545
226 -3.322350 784.507751
226 -10.101372 787.741150
226 -16.701874 791.324951
226 -23.105774 795.249207
226 -29.295517 799.503296
226 -35.254135 804.075439
226 -40.965302 808.953247
226 -46.413361 814.123230
226 -51.583374 819.571228
226 -56.461174 825.282349
226 -61.033409 831.240967
226 -65.287537 837.430725
226 -69.211876 843.834656
226 -72.795685 850.435181
226 -76.029137 857.214172
226 -78.903374 864.153137
226 -81.410515 871.233032
226 -83.543678 878.434448
226 -85.297035 885.737610
226 -86.665764 893.122498
226 -87.646111 900.568970
226 -88.235390 908.056519
226 -88.432014 915.564636
226 -88.235420 923.072754
226 -87.646141 930.560303
226 -86.665794 938.006714
226 -85.297081 945.391663
226 -83.543739 952.694824
226 -81.410591 959.896240
226 -78.903481 966.976135
226 -76.029259 973.915100
226 -72.795815 980.694092
226 -69.212013 987.294678
226 -65.287682 993.698547
226 -61.033577 999.888306
226 -56.461349 1005.846924
226 -51.583527 1011.558105
226 -46.413498 1017.006165
226 -40.965431 1022.176147
226 -35.254242 1027.053955
226 -29.295601 1031.626221
226 -23.105835 1035.880249
226 -16.701904 1039.804565
226 -10.101364 1043.388306
226 -3.322315 1046.621826
226 3.616669 1049.495972
226 10.696568 1052.003052
226 17.897976 1054.136230
226 25.201153 1055.889526
226 32.586086 1057.258179
226 40.032528 1058.238525
226 47.520069 1058.827759
256 44.399647 1014.165527
256 50.973080 1013.993408
256 57.528496 1013.477478
256 64.047928 1012.619141
256 70.513504 1011.420837
256 76.907501 1009.885803
256 83.212402 1008.018188
256 89.410912 1005.823181
256 95.486053 1003.306763
256 101.421173 1000.475830
256 107.199997 997.338196
256 112.806686 993.902405
256 118.225891 990.177917
256 123.442734 986.174866
256 128.442917 981.904297
256 133.212753 977.377930
256 137.739166 972.608093
256 142.009720 967.607910
256 146.012756 962.391052
256 149.737259 956.971863
256 153.173050 951.365173
256 156.310684 945.586365
256 159.141586 939.651245
256 161.658005 933.576111
256 163.853012 927.377563
256 165.720596 921.072693
256 167.255661 914.678711
256 168.453995 908.213135
256 169.312286 901.693726
256 169.828217 895.138306
256 170.000351 888.564880
256 169.828217 881.991455
256 169.312302 875.436035
256 168.454010 868.916626
256 167.255692 862.451050
256 165.720642 856.057068
256 163.853043 849.752197
256 161.658051 843.553650
256 159.141647 837.478516
256 156.310745 831.543396
256 153.173111 825.764587
256 149.737335 820.157898
256 146.012833 814.738708
256 142.009827 809.521851
256 137.739273 804.521667
256 133.212875 799.751831
256 128.443054 795.225464
256 123.442871 790.954834
256 118.226044 786.951843
256 112.806870 783.227295
256 107.200180 779.791504
256 101.421371 776.653870
256 95.486267 773.822937
256 89.411133 771.306519
256 83.212631 769.111511
256 76.907745 767.243896
256 70.513756 765.708862
256 64.048187 764.510498
256 57.528767 763.652222
256 50.973358 763.136292
256 44.399937 762.964111
256 37.826508 763.136230
256 31.271099 763.652161
256 24.751677 764.510437
256 18.286104 765.708740
256 11.892109 767.243774
256 5.587212 769.111328
256 -0.611301 771.306335
256 -6.686443 773.822754
256 -12.621563 776.653625
256 -18.400391 779.791260
256 -24.007084 783.226990
256 -29.426281 786.951477
256 -34.643131 790.954468
256 -39.643337 795.225037
256 -44.413181 799.751404
256 -48.939594 804.521240
256 -53.210171 809.521423
256 -57.213223 814.738281
256 -60.937771 820.157471
256 -64.373581 825.764160
256 -67.511246 831.543030
256 -70.342178 837.478149
256 -72.858612 843.553284
256 -75.053635 849.751831
256 -76.921249 856.056763
256 -78.456329 862.450745
256 -79.654678 868.916382
256 -80.512985 875.435791
256 -81.028915 881.991272
256 -81.201050 888.564697
256 -81.028931 895.138184
256 -80.513016 901.693604
256 -79.654709 908.213074
256 -78.456375 914.678650
256 -76.921310 921.072693
256 -75.053711 927.377563
256 -72.858704 933.576111
256 -70.342270 939.651306
256 -67.511353 945.586426
256 -64.373703 951.365295
256 -60.937893 956.971985
256 -57.213367 962.391174
256 -53.210323 967.608032
256 -48.939724 972.608215
256 -44.413303 977.378052
256 -39.643452 981.904480
256 -34.643223 986.175049
256 -29.426357 990.178101
256 -24.007137 993.902588
256 -18.400414 997.338379
256 -12.621559 1000.476013
256 -6.686413 1003.306946
256 -0.611244 1005.823303
256 5.587299 1008.018311
256 11.892223 1009.885864
256 18.286253 1011.420959
256 24.751856 1012.619263
256 31.271311 1013.477539
256 37.826752 1013.993408
286 33.411346 1029.133057
286 40.497147 1028.947510
286 47.563526 1028.391357
286 54.591118 1027.466187
286 61.560654 1026.174438
286 68.453033 1024.519775
286 75.249367 1022.506531
286 81.931023 1020.140442
286 88.479691 1017.427917
286 94.877426 1014.376343
286 101.106682 1010.994141
286 107.150391 1007.290527
286 112.991982 1003.275757
286 118.615456 998.960693
286 124.005394 994.357239
286 129.147003 989.478027
286 134.026230 984.336426
286 138.629669 978.946472
286 142.944702 973.322998
286 146.959534 967.481384
286 150.663116 961.437683
286 154.045319 955.208435
286 157.096878 948.810730
286 159.809418 942.262085
286 162.175522 935.580444
286 164.188675 928.784119
286 165.843399 921.891724
286 167.135132 914.922180
286 168.060333 907.894592
286 168.616470 900.828247
286 168.802017 893.742432
286 168.616470 886.656677
286 168.060349 879.590271
286 167.135147 872.562683
286 165.843430 865.593140
286 164.188721 858.700806
286 162.175568 851.904480
286 159.809479 845.222839
286 157.096924 838.674133
286 154.045380 832.276428
286 150.663177 826.047180
286 146.959595 820.003479
286 142.944794 814.161865
286 138.629761 808.538391
286 134.026352 803.148438
286 129.147141 798.006836
286 124.005539 793.127625
286 118.615616 788.524170
286 112.992165 784.209167
286 107.150581 780.194336
286 101.106880 776.490723
286 94.877640 773.108521
286 88.479919 770.056946
286 81.931259 767.344360
286 75.249619 764.978271
286 68.453293 762.965088
286 61.560921 761.310364
286 54.591400 760.018616
286 47.563820 759.093384
286 40.497448 758.537231
286 33.411659 758.351685
286 26.325865 758.537231
286 19.259491 759.093384
286 12.231911 760.018555
286 5.262379 761.310242
286 -1.629997 762.964966
286 -8.426331 764.978088
286 -15.107986 767.344177
286 -21.656658 770.056702
286 -28.054390 773.108215
286 -34.283653 776.490417
286 -40.327362 780.193970
286 -46.168961 784.208801
286 -51.792442 788.523804
286 -57.182381 793.127197
286 -62.324013 798.006409
286 -67.203239 803.148010
286 -71.806686 808.537903
286 -76.121758 814.161377
286 -80.136612 820.002991
286 -83.840225 826.046692
286 -87.222466 832.276001
286 -90.274055 838.673706
286 -92.986626 845.222412
286 -95.352753 851.904114
286 -97.365936 858.700439
286 -99.020676 865.592834
286 -100.312408 872.562378
286 -101.237625 879.590027
286 -101.793762 886.656433
286 -101.979324 893.742249
286 -101.793777 900.828064
286 -101.237656 907.894470
286 -100.312454 914.922058
286 -99.020721 921.891663
286 -97.365997 928.784058
286 -95.352829 935.580383
286 -92.986725 942.262085
286 -90.274155 948.810791
286 -87.222588 955.208557
286 -83.840355 961.437805
286 -80.136749 967.481506
286 -76.121910 973.323120
286 -71.806847 978.946655
286 -67.203384 984.336548
286 -62.324142 989.478210
286 -57.182503 994.357422
286 -51.792534 998.960876
286 -46.169044 1003.275879
286 -40.327415 1007.290710
286 -34.283676 1010.994324
286 -28.054386 1014.376526
286 -21.656624 1017.428101
286 -15.107925 1020.140625
286 -8.426235 1022.506714
286 -1.629875 1024.519775
286 5.262539 1026.174561
286 12.232105 1027.466309
286 19.259720 1028.391357
286 26.326126 1028.947510
316 42.250355 1023.164185
316 49.170132 1022.982971
316 56.070946 1022.439880
316 62.933876 1021.536377
316 69.740112 1020.274902
316 76.471001 1018.658936
316 83.108093 1016.692932
316 89.633202 1014.382263
316 96.028435 1011.733276
316 102.276268 1008.753235
316 108.359573 1005.450256
316 114.261673 1001.833435
316 119.966400 997.912720
316 125.458115 993.698730
316 130.721756 989.203186
316 135.742905 984.438293
316 140.507797 979.417114
316 145.003372 974.153503
316 149.217316 968.661804
316 153.138062 962.957031
316 156.754883 957.054932
316 160.057846 950.971680
316 163.037903 944.723816
316 165.686890 938.328613
316 167.997543 931.803528
316 169.963547 925.166443
316 171.579483 918.435547
316 172.840942 911.629333
316 173.744476 904.766357
316 174.287582 897.865601
316 174.468781 890.945801
316 174.287582 884.026062
316 173.744492 877.125244
316 172.840973 870.262329
316 171.579514 863.456055
316 169.963577 856.725220
316 167.997589 850.088135
316 165.686935 843.562988
316 163.037949 837.167786
316 160.057907 830.919983
316 156.754944 824.836670
316 153.138138 818.934570
316 149.217407 813.229858
316 145.003479 807.738098
316 140.507919 802.474487
316 135.743042 797.453308
316 130.721893 792.688416
316 125.458267 788.192871
316 119.966568 783.978882
316 114.261856 780.058167
316 108.359772 776.441345
316 102.276474 773.138367
316 96.028656 770.158325
316 89.633438 767.509277
316 83.108337 765.198608
316 76.471260 763.232605
316 69.740379 761.616638
316 62.934151 760.355164
316 56.071232 759.451660
316 49.170429 758.908508
316 42.250660 758.727295
316 35.330887 758.908508
316 28.430082 759.451599
316 21.567160 760.355103
316 14.760925 761.616516
316 8.030037 763.232483
316 1.392948 765.198425
316 -5.132156 767.509094
316 -11.527390 770.158081
316 -17.775223 773.138062
316 -23.858532 776.441040
316 -29.760632 780.057800
316 -35.465366 783.978577
316 -40.957081 788.192444
316 -46.220737 792.688049
316 -51.241901 797.452881
316 -56.006802 802.473999
316 -60.502392 807.737671
316 -64.716354 813.229370
316 -68.637146 818.934082
316 -72.253983 824.836182
316 -75.556976 830.919556
316 -78.537064 837.167358
316 -81.186081 843.562622
316 -83.496765 850.087769
316 -85.462784 856.724854
316 -87.078751 863.455750
316 -88.340225 870.262024
316 -89.243744 877.125000
316 -89.786865 884.025818
316 -89.968079 890.945618
316 -89.786880 897.865417
316 -89.243790 904.766235
316 -88.340256 911.629211
316 -87.078796 918.435486
316 -85.462845 925.166382
316 -83.496841 931.803467
316 -81.186172 938.328613
316 -78.537170 944.723877
316 -75.557083 950.971741
316 -72.254105 957.055054
316 -68.637283 962.957153
316 -64.716507 968.661926
316 -60.502552 974.153625
316 -56.006947 979.417297
316 -51.242023 984.438477
316 -46.220860 989.203369
316 -40.957180 993.698914
316 -35.465443 997.912903
316 -29.760693 1001.833618
316 -23.858555 1005.450439
316 -17.775219 1008.753418
316 -11.527359 1011.733459
316 -5.132099 1014.382446
316 1.393036 1016.693054
316 8.030159 1018.659058
316 14.761082 1020.274963
316 21.567348 1021.536438
316 28.430305 1022.439941
316 35.331142 1022.983032
346 43.211765 1007.412231
346 49.881493 1007.237610
346 56.532940 1006.714111
346 63.147873 1005.843262
346 69.708168 1004.627380
346 76.195831 1003.069824
346 82.593094 1001.174866
346 88.882408 998.947693
346 95.046539 996.394409
346 101.068604 993.522095
346 106.932083 990.338440
346 112.620911 986.852356
346 118.119492 983.073242
346 123.412766 979.011597
346 128.486206 974.678467
346 133.325912 970.085754
346 137.918625 965.246033
346 142.251755 960.172607
346 146.313416 954.879333
346 150.092484 949.380737
346 153.578598 943.691956
346 156.762207 937.828491
346 159.634583 931.806396
346 162.187851 925.642273
346 164.415009 919.352966
346 166.309967 912.955688
346 167.867508 906.468079
346 169.083405 899.907776
346 169.954269 893.292847
346 170.477753 886.641418
346 170.652405 879.971680
346 170.477753 873.301941
346 169.954285 866.650513
346 169.083420 860.035583
346 167.867538 853.475342
346 166.309998 846.987671
346 164.415054 840.590393
346 162.187897 834.301086
346 159.634628 828.136963
346 156.762268 822.114868
346 153.578674 816.251404
346 150.092560 810.562622
346 146.313507 805.064026
346 142.251846 799.770752
346 137.918747 794.697327
346 133.326035 789.857605
346 128.486343 785.264893
346 123.412918 780.931763
346 118.119659 776.870117
346 112.621094 773.091003
346 106.932281 769.604858
346 101.068802 766.421265
346 95.046753 763.548889
346 88.882629 760.995605
346 82.593323 758.768433
346 76.196075 756.873474
346 69.708420 755.315918
346 63.148140 754.100037
346 56.533218 753.229126
346 49.881779 752.705627
346 43.212059 752.531006
346 36.542336 752.705627
346 29.890896 753.229065
346 23.275969 754.099915
346 16.715681 755.315796
346 10.228020 756.873352
346 3.830761 758.768250
346 -2.458553 760.995422
346 -8.622692 763.548645
346 -14.644756 766.421021
346 -20.508236 769.604614
346 -26.197063 773.090698
346 -31.695652 776.869751
346 -36.988926 780.931396
346 -42.062374 785.264526
346 -46.902096 789.857178
346 -51.494816 794.696899
346 -55.827953 799.770264
346 -59.889645 805.063599
346 -63.668751 810.562134
346 -67.154892 816.250977
346 -70.338531 822.114502
346 -73.210938 828.136536
346 -75.764221 834.300720
346 -77.991409 840.590027
346 -79.886383 846.987305
346 -81.443954 853.475037
346 -82.659851 860.035339
346 -83.530731 866.650269
346 -84.054214 873.301758
346 -84.228882 879.971497
346 -84.054230 886.641235
346 -83.530762 893.292725
346 -82.659882 899.907654
346 -81.444000 906.468018
346 -79.886444 912.955688
346 -77.991486 919.352966
346 -75.764313 925.642273
346 -73.211029 931.806458
346 -70.338638 937.828552
346 -67.155014 943.692017
346 -63.668880 949.380859
346 -59.889790 954.879456
346 -55.828106 960.172729
346 -51.494953 965.246216
346 -46.902218 970.085938
346 -42.062489 974.678650
346 -36.989017 979.011780
346 -31.695728 983.073425
346 -26.197117 986.852539
346 -20.508263 990.338623
346 -14.644753 993.522217
346 -8.622662 996.394592
346 -2.458496 998.947876
346 3.830849 1001.174988
346 10.228138 1003.069946
346 16.715832 1004.627502
346 23.276150 1005.843323
346 29.891109 1006.714172
346 36.542583 1007.237610
376 46.101921 948.504578
376 51.338207 948.367432
376 56.560143 947.956482
376 61.753414 947.272766
376 66.903786 946.318176
376 71.997139 945.095398
376 77.019516 943.607666
376 81.957146 941.859192
376 86.796509 939.854675
376 91.524323 937.599609
376 96.127640 935.100220
376 100.593842 932.363281
376 104.910675 929.396423
376 109.066330 926.207703
376 113.049400 922.805847
376 116.848961 919.200195
376 120.454628 915.400574
376 123.856491 911.417542
376 127.045227 907.261902
376 130.012115 902.945007
376 132.749008 898.478821
376 135.248398 893.875549
376 137.503448 889.147705
376 139.507965 884.308350
376 141.256485 879.370728
376 142.744171 874.348389
376 143.966980 869.255005
376 144.921539 864.104675
376 145.605255 858.911377
376 146.016235 853.689453
376 146.153351 848.453186
376 146.016235 843.216919
376 145.605270 837.994995
376 144.921570 832.801697
376 143.967010 827.651367
376 142.744202 822.557983
376 141.256500 817.535645
376 139.508011 812.597961
376 137.503479 807.758667
376 135.248444 803.030823
376 132.749054 798.427490
376 130.012177 793.961304
376 127.045303 789.644470
376 123.856567 785.488831
376 120.454720 781.505737
376 116.849068 777.706177
376 113.049507 774.100525
376 109.066444 770.698669
376 104.910805 767.509888
376 100.593979 764.543030
376 96.127785 761.806152
376 91.524475 759.306763
376 86.796669 757.051697
376 81.957321 755.047119
376 77.019699 753.298584
376 71.997330 751.810913
376 66.903984 750.588135
376 61.753624 749.633545
376 56.560360 748.949829
376 51.338432 748.538818
376 46.102150 748.401672
376 40.865868 748.538818
376 35.643940 748.949768
376 30.450674 749.633423
376 25.300306 750.588013
376 20.206957 751.810791
376 15.184582 753.298462
376 10.246948 755.046997
376 5.407593 757.051514
376 0.679775 759.306519
376 -3.923542 761.805908
376 -8.389744 764.542786
376 -12.706589 767.509644
376 -16.862244 770.698364
376 -20.845322 774.100220
376 -24.644905 777.705872
376 -28.250565 781.505432
376 -31.652435 785.488464
376 -34.841202 789.644104
376 -37.808113 793.960938
376 -40.545021 798.427185
376 -43.044434 803.030518
376 -45.299507 807.758301
376 -47.304054 812.597717
376 -49.052582 817.535339
376 -50.540291 822.557739
376 -51.763115 827.651123
376 -52.717690 832.801514
376 -53.401398 837.994751
376 -53.812386 843.216736
376 -53.949509 848.453003
376 -53.812393 853.689331
376 -53.401428 858.911316
376 -52.717720 864.104553
376 -51.763145 869.254944
376 -50.540337 874.348328
376 -49.052643 879.370728
376 -47.304123 884.308350
376 -45.299591 889.147766
376 -43.044525 893.875610
376 -40.545113 898.478943
376 -37.808212 902.945129
376 -34.841316 907.261963
376 -31.652557 911.417664
376 -28.250671 915.400696
376 -24.644997 919.200317
376 -20.845413 922.805969
376 -16.862316 926.207825
376 -12.706650 929.396545
376 -8.389786 932.363464
376 -3.923565 935.100342
376 0.679775 937.599731
376 5.407616 939.854797
376 10.246994 941.859314
376 15.184650 943.607788
376 20.207048 945.095459
376 25.300425 946.318237
376 30.450817 947.272827
376 35.644108 947.956482
376 40.866062 948.367432
406 29.908489 907.151123
406 34.301117 907.036072
406 38.681702 906.691284
406 43.038239 906.117798
406 47.358791 905.317017
406 51.631512 904.291199
406 55.844692 903.043213
406 59.986782 901.576416
406 64.046432 899.894836
406 68.012512 898.003113
406 71.874146 895.906433
406 75.620758 893.610474
406 79.242081 891.121643
406 82.728180 888.446655
406 86.069504 885.592896
406 89.256889 882.568176
406 92.281616 879.380798
406 95.135376 876.039490
406 97.810349 872.553345
406 100.299210 868.932068
406 102.595139 865.185425
406 104.691833 861.323792
406 106.583557 857.357727
406 108.265121 853.298096
406 109.731903 849.156006
406 110.979904 844.942810
406 112.005692 840.670105
406 112.806458 836.349548
406 113.380020 831.993042
406 113.724777 827.612427
406 113.839798 823.219849
406 113.724777 818.827209
406 113.380020 814.446655
406 112.806473 810.090088
406 112.005707 805.769531
406 110.979935 801.496826
406 109.731934 797.283630
406 108.265152 793.141602
406 106.583588 789.081909
406 104.691879 785.115845
406 102.595184 781.254211
406 100.299271 777.507629
406 97.810410 773.886292
406 95.135437 770.400208
406 92.281693 767.058838
406 89.256973 763.871460
406 86.069595 760.846741
406 82.728271 757.992981
406 79.242188 755.317993
406 75.620880 752.829163
406 71.874268 750.533203
406 68.012634 748.436523
406 64.046570 746.544800
406 59.986931 744.863220
406 55.844849 743.396423
406 51.631676 742.148438
406 47.358959 741.122620
406 43.038414 740.321838
406 38.681885 739.748291
406 34.301304 739.403503
406 29.908682 739.288452
406 25.516062 739.403503
406 21.135479 739.748230
406 16.778946 740.321777
406 12.458397 741.122559
406 8.185677 742.148315
406 3.972500 743.396301
406 -0.169590 744.863098
406 -4.229237 746.544617
406 -8.195320 748.436340
406 -12.056957 750.533020
406 -15.803570 752.828918
406 -19.424892 755.317810
406 -22.910995 757.992737
406 -26.252327 760.846497
406 -29.439724 763.871216
406 -32.464451 767.058594
406 -35.318218 770.399902
406 -37.993214 773.885986
406 -40.482098 777.507324
406 -42.778042 781.253906
406 -44.874760 785.115601
406 -46.766499 789.081665
406 -48.448071 793.141296
406 -49.914883 797.283447
406 -51.162891 801.496643
406 -52.188694 805.769348
406 -52.989475 810.089905
406 -53.563023 814.446472
406 -53.907795 818.827087
406 -54.022823 823.219727
406 -53.907803 827.612366
406 -53.563046 831.992920
406 -52.989498 836.349487
406 -52.188725 840.670044
406 -51.162930 844.942810
406 -49.914928 849.156006
406 -48.448132 853.298096
406 -46.766560 857.357788
406 -44.874836 861.323853
406 -42.778126 865.185486
406 -40.482189 868.932129
406 -37.993313 872.553467
406 -35.318317 876.039551
406 -32.464539 879.380920
406 -29.439804 882.568298
406 -26.252403 885.593018
406 -22.911057 888.446777
406 -19.424942 891.121765
406 -15.803608 893.610596
406 -12.056976 895.906555
406 -8.195316 898.003235
406 -4.229218 899.894958
406 -0.169554 901.576538
406 3.972557 903.043274
406 8.185755 904.291260
406 12.458494 905.317078
406 16.779064 906.117798
406 21.135620 906.691345
406 25.516224 907.036072
436 54.890068 933.664063
436 59.964336 933.531189
436 65.024696 933.132935
436 70.057281 932.470398
436 75.048286 931.545349
436 79.984047 930.360352
436 84.851021 928.918701
436 89.635880 927.224304
436 94.325500 925.281799
436 98.907028 923.096497
436 103.367905 920.674438
436 107.695923 918.022217
436 111.879181 915.147156
436 115.906250 912.057068
436 119.766083 908.760498
436 123.448090 905.266418
436 126.942184 901.584351
436 130.238785 897.724548
436 133.328857 893.697510
436 136.203949 889.514221
436 138.856155 885.186218
436 141.278214 880.725342
436 143.463486 876.143799
436 145.405991 871.454224
436 147.100403 866.669373
436 148.542053 861.802368
436 149.727020 856.866638
436 150.652069 851.875610
436 151.314606 846.843018
436 151.712875 841.782715
436 151.845749 836.708435
436 151.712875 831.634155
436 151.314621 826.573792
436 150.652069 821.541260
436 149.727051 816.550232
436 148.542084 811.614502
436 147.100433 806.747498
436 145.406036 801.962646
436 143.463531 797.273010
436 141.278259 792.691528
436 138.856201 788.230652
436 136.204010 783.902649
436 133.328934 779.719360
436 130.238861 775.692261
436 126.942268 771.832458
436 123.448181 768.150452
436 119.766190 764.656372
436 115.906372 761.359741
436 111.879318 758.269653
436 107.696053 755.394592
436 103.368057 752.742371
436 98.907181 750.320313
436 94.325653 748.135010
436 89.636047 746.192505
436 84.851204 744.498108
436 79.984230 743.056396
436 75.048485 741.871460
436 70.057480 740.946411
436 65.024910 740.283813
436 59.964554 739.885559
436 54.890289 739.752686
436 49.816029 739.885559
436 44.755672 740.283813
436 39.723095 740.946350
436 34.732086 741.871338
436 29.796333 743.056335
436 24.929359 744.497986
436 20.144505 746.192383
436 15.454887 748.134827
436 10.873352 750.320129
436 6.412472 752.742188
436 2.084461 755.394348
436 -2.098812 758.269409
436 -6.125889 761.359497
436 -9.985725 764.656067
436 -13.667740 768.150146
436 -17.161835 771.832153
436 -20.458450 775.691956
436 -23.548546 779.718994
436 -26.423653 783.902283
436 -29.075882 788.230286
436 -31.497963 792.691223
436 -33.683258 797.272705
436 -35.625778 801.962341
436 -37.320206 806.747253
436 -38.761879 811.614197
436 -39.946869 816.549988
436 -40.871910 821.541016
436 -41.534462 826.573608
436 -41.932732 831.633972
436 -42.065613 836.708313
436 -41.932739 841.782593
436 -41.534485 846.842957
436 -40.871933 851.875549
436 -39.946899 856.866577
436 -38.761925 861.802368
436 -37.320259 866.669312
436 -35.625847 871.454224
436 -33.683334 876.143860
436 -31.498047 880.725403
436 -29.075974 885.186279
436 -26.423752 889.514282
436 -23.548660 893.697571
436 -20.458565 897.724670
436 -17.161942 901.584473
436 -13.667831 905.266479
436 -9.985809 908.760620
436 -6.125957 912.057251
436 -2.098873 915.147278
436 2.084419 918.022400
436 6.412449 920.674561
436 10.873356 923.096680
436 15.454910 925.281921
436 20.144550 927.224426
436 24.929426 928.918823
436 29.796423 930.360474
436 34.732201 931.545410
436 39.723236 932.470459
436 44.755836 933.132935
436 49.816216 933.531189
466 42.090443 949.627380
466 47.192131 949.493774
466 52.279831 949.093384
466 57.339607 948.427246
466 62.357582 947.497253
466 67.320007 946.305847
466 72.213287 944.856384
466 77.023994 943.152832
466 81.738953 941.199829
466 86.345238 939.002747
466 90.830223 936.567627
466 95.181618 933.901062
466 99.387489 931.010437
466 103.436317 927.903687
466 107.317001 924.589233
466 111.018906 921.076294
466 114.531876 917.374390
466 117.846298 913.493713
466 120.953064 909.444885
466 123.843689 905.239014
466 126.510223 900.887573
466 128.945374 896.402649
466 131.142456 891.796326
466 133.095444 887.081421
466 134.799011 882.270691
466 136.248459 877.377441
466 137.439835 872.414978
466 138.369858 867.397034
466 139.035995 862.337280
466 139.436401 857.249573
466 139.570007 852.147888
466 139.436417 847.046204
466 139.036011 841.958496
466 138.369888 836.898743
466 137.439850 831.880737
466 136.248489 826.918335
466 134.799042 822.025085
466 133.095490 817.214355
466 131.142487 812.499390
466 128.945419 807.893127
466 126.510269 803.408142
466 123.843750 799.056763
466 120.953140 794.850891
466 117.846375 790.802063
466 114.531967 786.921387
466 111.018997 783.219482
466 107.317108 779.706482
466 103.436432 776.392090
466 99.387619 773.285278
466 95.181747 770.394653
466 90.830368 767.728149
466 86.345390 765.292969
466 81.739113 763.095886
466 77.024170 761.142883
466 72.213463 759.439331
466 67.320198 757.989868
466 62.357780 756.798462
466 57.339809 755.868408
466 52.280045 755.202271
466 47.192345 754.801880
466 42.090668 754.668274
466 36.988987 754.801880
466 31.901287 755.202271
466 26.841518 755.868347
466 21.823544 756.798401
466 16.861120 757.989746
466 11.967848 759.439209
466 7.157139 761.142700
466 2.442181 763.095703
466 -2.164108 765.292786
466 -6.649094 767.727905
466 -11.000488 770.394409
466 -15.206367 773.285034
466 -19.255199 776.391785
466 -23.135891 779.706177
466 -26.837803 783.219116
466 -30.350780 786.921021
466 -33.665203 790.801697
466 -36.771999 794.850525
466 -39.662640 799.056396
466 -42.329197 803.407837
466 -44.764370 807.892822
466 -46.961475 812.499084
466 -48.914486 817.214050
466 -50.618069 822.024780
466 -52.067532 826.918091
466 -53.258923 831.880554
466 -54.188961 836.898499
466 -54.855099 841.958313
466 -55.255520 847.046021
466 -55.389118 852.147705
466 -55.255527 857.249451
466 -54.855122 862.337158
466 -54.188992 867.396973
466 -53.258961 872.414917
466 -52.067585 877.377380
466 -50.618122 882.270691
466 -48.914562 887.081421
466 -46.961544 891.796387
466 -44.764454 896.402710
466 -42.329288 900.887695
466 -39.662739 905.239075
466 -36.772106 909.444946
466 -33.665318 913.493774
466 -30.350880 917.374512
466 -26.837894 921.076416
466 -23.135975 924.589355
466 -19.255268 927.903809
466 -15.206425 931.010559
466 -11.000530 933.901184
466 -6.649113 936.567749
466 -2.164104 939.002869
466 2.442204 941.199951
466 7.157185 943.152954
466 11.967915 944.856506
466 16.861210 946.305969
466 21.823658 947.497314
466 26.841658 948.427307
466 31.901451 949.093445
466 36.989174 949.493835
496 42.825161 871.344666
496 45.724091 871.268738
496 48.615074 871.041199
496 51.490189 870.662720
496 54.341553 870.134216
496 57.161350 869.457275
496 59.941856 868.633606
496 62.675446 867.665588
496 65.354622 866.555847
496 67.972054 865.307434
496 70.520554 863.923706
496 72.993149 862.408447
496 75.383049 860.765930
496 77.683716 859.000610
496 79.888832 857.117249
496 81.992355 855.121033
496 83.988541 853.017517
496 85.871887 850.812378
496 87.637253 848.511719
496 89.279785 846.121826
496 90.794991 843.649231
496 92.178711 841.100769
496 93.427155 838.483337
496 94.536911 835.804138
496 95.504929 833.070557
496 96.328552 830.290039
496 97.005524 827.470276
496 97.533997 824.618896
496 97.912506 821.743774
496 98.140030 818.852844
496 98.215942 815.953918
496 98.140038 813.054932
496 97.912514 810.164001
496 97.533997 807.288879
496 97.005531 804.437500
496 96.328568 801.617737
496 95.504944 798.837219
496 94.536934 796.103638
496 93.427185 793.424438
496 92.178741 790.807007
496 90.795021 788.258545
496 89.279816 785.785950
496 87.637283 783.395996
496 85.871933 781.095337
496 83.988586 778.890259
496 81.992416 776.786743
496 79.888885 774.790527
496 77.683777 772.907166
496 75.383118 771.141846
496 72.993225 769.499268
496 70.520638 767.984070
496 67.972137 766.600342
496 65.354713 765.351929
496 62.675541 764.242126
496 59.941956 763.274109
496 57.161457 762.450500
496 54.341663 761.773499
496 51.490303 761.245056
496 48.615196 760.866516
496 45.724213 760.638977
496 42.825287 760.563049
496 39.926361 760.638977
496 37.035381 760.866516
496 34.160271 761.244995
496 31.308907 761.773438
496 28.489109 762.450439
496 25.708607 763.274048
496 22.975019 764.242065
496 20.295839 765.351807
496 17.678410 766.600220
496 15.129908 767.983948
496 12.657314 769.499146
496 10.267410 771.141663
496 7.966743 772.907043
496 5.761620 774.790344
496 3.658085 776.786560
496 1.661903 778.890076
496 -0.221451 781.095154
496 -1.986824 783.395813
496 -3.629375 785.785767
496 -5.144588 788.258362
496 -6.528324 790.806824
496 -7.776783 793.424255
496 -8.886547 796.103455
496 -9.854572 798.837036
496 -10.678204 801.617554
496 -11.355183 804.437378
496 -11.883659 807.288757
496 -12.262180 810.163879
496 -12.489708 813.054871
496 -12.565624 815.953796
496 -12.489716 818.852722
496 -12.262192 821.743713
496 -11.883675 824.618835
496 -11.355206 827.470215
496 -10.678226 830.290039
496 -9.854603 833.070557
496 -8.886585 835.804138
496 -7.776829 838.483337
496 -6.528374 841.100769
496 -5.144642 843.649292
496 -3.629429 846.121887
496 -1.986885 848.511780
496 -0.221516 850.812439
496 1.661846 853.017578
496 3.658031 855.121094
496 5.761570 857.117310
496 7.966702 859.000671
496 10.267376 860.765991
496 12.657291 862.408569
496 15.129896 863.923767
496 17.678411 865.307495
496 20.295853 866.555908
496 22.975044 867.665649
496 25.708645 868.633667
496 28.489161 869.457275
496 31.308971 870.134277
496 34.160347 870.662720
496 37.035473 871.041260
496 39.926468 871.268738
526 51.565174 926.237183
526 54.726257 926.154358
526 57.878681 925.906250
526 61.013798 925.493530
526 64.123016 924.917297
526 67.197815 924.179077
526 70.229759 923.280945
526 73.210556 922.225403
526 76.132019 921.015320
526 78.986145 919.653931
526 81.765106 918.145081
526 84.461304 916.492859
526 87.067329 914.701782
526 89.576050 912.776794
526 91.980576 910.723145
526 94.274338 908.546448
526 96.451035 906.252686
526 98.504692 903.848145
526 100.429703 901.339417
526 102.220772 898.733398
526 103.873001 896.037231
526 105.381851 893.258240
526 106.743202 890.404114
526 107.953308 887.482666
526 109.008865 884.501892
526 109.906967 881.469910
526 110.645157 878.395142
526 111.221420 875.285950
526 111.634171 872.150818
526 111.882263 868.998413
526 111.965042 865.837341
526 111.882271 862.676208
526 111.634171 859.523804
526 111.221436 856.388672
526 110.645172 853.279480
526 109.906982 850.204712
526 109.008881 847.172729
526 107.953331 844.191956
526 106.743225 841.270508
526 105.381882 838.416382
526 103.873032 835.637390
526 102.220810 832.941223
526 100.429741 830.335205
526 98.504738 827.826477
526 96.451080 825.421936
526 94.274399 823.128174
526 91.980644 820.951477
526 89.576118 818.897827
526 87.067406 816.972839
526 84.461388 815.181763
526 81.765198 813.529480
526 78.986237 812.020630
526 76.132118 810.659302
526 73.210663 809.449158
526 70.229874 808.393616
526 67.197929 807.495483
526 64.123138 806.757324
526 61.013924 806.181030
526 57.878811 805.768311
526 54.726395 805.520203
526 51.565311 805.437378
526 48.404232 805.520203
526 45.251812 805.768250
526 42.116699 806.181030
526 39.007484 806.757263
526 35.932690 807.495422
526 32.900742 808.393555
526 29.919949 809.449097
526 26.998486 810.659180
526 24.144358 812.020508
526 21.365389 813.529358
526 18.669197 815.181580
526 16.063168 816.972656
526 13.554447 818.897644
526 11.149910 820.951294
526 8.856148 823.127991
526 6.679451 825.421753
526 4.625782 827.826233
526 2.700764 830.334961
526 0.909676 832.940979
526 -0.742565 835.637207
526 -2.251434 838.416199
526 -3.612797 841.270325
526 -4.822914 844.191772
526 -5.878479 847.172607
526 -6.776592 850.204529
526 -7.514797 853.279358
526 -8.091061 856.388550
526 -8.503811 859.523682
526 -8.751915 862.676147
526 -8.834698 865.837219
526 -8.751923 868.998291
526 -8.503826 872.150757
526 -8.091080 875.285889
526 -7.514816 878.395081
526 -6.776623 881.469910
526 -5.878517 884.501892
526 -4.822960 887.482666
526 -3.612843 890.404175
526 -2.251488 893.258301
526 -0.742622 896.037292
526 0.909615 898.733459
526 2.700695 901.339478
526 4.625710 903.848206
526 6.679386 906.252747
526 8.856091 908.546509
526 11.149857 910.723206
526 13.554405 912.776855
526 16.063133 914.701904
526 18.669170 916.492981
526 21.365377 918.145203
526 24.144360 919.654053
526 26.998501 921.015381
526 29.919975 922.225464
526 32.900780 923.281006
526 35.932743 924.179138
526 39.007553 924.917297
526 42.116787 925.493591
526 45.251915 925.906311
526 48.404346 926.154419
556 58.390602 915.320374
556 61.054401 915.250671
556 63.710896 915.041565
556 66.352814 914.693787
556 68.972900 914.208130
556 71.563980 913.586060
556 74.118958 912.829285
556 76.630829 911.939758
556 79.092697 910.920044
556 81.497826 909.772827
556 83.839622 908.501343
556 86.111664 907.109070
556 88.307716 905.599731
556 90.421776 903.977539
556 92.448036 902.246948
556 94.380951 900.412720
556 96.215218 898.479797
556 97.945808 896.453552
556 99.567978 894.339478
556 101.077286 892.143433
556 102.469597 889.871399
556 103.741089 887.529602
556 104.888275 885.124451
556 105.908012 882.662598
556 106.797508 880.150757
556 107.554321 877.595764
556 108.176392 875.004700
556 108.662003 872.384583
556 109.009811 869.742676
556 109.218887 867.086182
556 109.288635 864.422363
556 109.218887 861.758606
556 109.009819 859.102112
556 108.662003 856.460205
556 108.176407 853.840088
556 107.554337 851.249023
556 106.797523 848.694031
556 105.908035 846.182190
556 104.888290 843.720337
556 103.741104 841.315186
556 102.469620 838.973389
556 101.077316 836.701355
556 99.568016 834.505310
556 97.945847 832.391235
556 96.215263 830.364990
556 94.380997 828.432068
556 92.448090 826.597778
556 90.421829 824.867188
556 88.307785 823.245056
556 86.111732 821.735718
556 83.839699 820.343384
556 81.497910 819.071899
556 79.092781 817.924744
556 76.630920 816.904968
556 74.119057 816.015503
556 71.564079 815.258667
556 68.973000 814.636597
556 66.352913 814.151001
556 63.711006 813.803162
556 61.054512 813.594116
556 58.390720 813.524353
556 55.726925 813.594055
556 53.070431 813.803162
556 50.428520 814.150940
556 47.808434 814.636536
556 45.217346 815.258606
556 42.662373 816.015381
556 40.150505 816.904907
556 37.688637 817.924622
556 35.283504 819.071838
556 32.941711 820.343323
556 30.669670 821.735596
556 28.473612 823.244873
556 26.359550 824.867065
556 24.333286 826.597656
556 22.400368 828.431885
556 20.566101 830.364807
556 18.835503 832.391052
556 17.213318 834.505127
556 15.703995 836.701172
556 14.311680 838.973206
556 13.040180 841.315002
556 11.892982 843.720154
556 10.873234 846.182007
556 9.983723 848.693909
556 9.226898 851.248901
556 8.604828 853.839966
556 8.119217 856.460083
556 7.771397 859.101990
556 7.562325 861.758484
556 7.492565 864.422302
556 7.562317 867.086121
556 7.771385 869.742615
556 8.119202 872.384521
556 8.604809 875.004639
556 9.226875 877.595764
556 9.983696 880.150757
556 10.873196 882.662598
556 11.892941 885.124512
556 13.040134 887.529602
556 14.311630 889.871399
556 15.703945 892.143494
556 17.213261 894.339539
556 18.835442 896.453613
556 20.566044 898.479858
556 22.400318 900.412781
556 24.333241 902.247070
556 26.359516 903.977661
556 28.473581 905.599792
556 30.669649 907.109131
556 32.941700 908.501404
556 35.283508 909.772888
556 37.688644 910.920105
556 40.150528 911.939819
556 42.662407 912.829346
556 45.217396 913.586121
556 47.808491 914.208191
556 50.428593 914.693787
556 53.070515 915.041626
556 55.727024 915.250671
