-201 53.904316 1097.103882
-201 57.192936 1097.017822
-201 60.472538 1096.759644
-201 63.734142 1096.330322
-201 66.968803 1095.730835
-201 70.167648 1094.962769
-201 73.321922 1094.028442
-201 76.422974 1092.930298
-201 79.462303 1091.671387
-201 82.431580 1090.255127
-201 85.322662 1088.685425
-201 88.127640 1086.966553
-201 90.838799 1085.103149
-201 93.448730 1083.100464
-201 95.950272 1080.963989
-201 98.336571 1078.699463
-201 100.601089 1076.313110
-201 102.737602 1073.811646
-201 104.740273 1071.201660
-201 106.603607 1068.490479
-201 108.322495 1065.685547
-201 109.892227 1062.794434
-201 111.308495 1059.825195
-201 112.567429 1056.785889
-201 113.665558 1053.684814
-201 114.599899 1050.530518
-201 115.367874 1047.331665
-201 115.967384 1044.097046
-201 116.396790 1040.835449
-201 116.654892 1037.555908
-201 116.741013 1034.267212
-201 116.654900 1030.978638
-201 116.396790 1027.698975
-201 115.967392 1024.437378
-201 115.367889 1021.202759
-201 114.599915 1018.003906
-201 113.665581 1014.849670
-201 112.567444 1011.748596
-201 111.308517 1008.709290
-201 109.892258 1005.739990
-201 108.322525 1002.848938
-201 106.603645 1000.043945
-201 104.740318 997.332764
-201 102.737656 994.722839
-201 100.601135 992.221313
-201 98.336632 989.835022
-201 95.950340 987.570496
-201 93.448807 985.433960
-201 90.838882 983.431335
-201 88.127716 981.567993
-201 85.322754 979.849121
-201 82.431679 978.279358
-201 79.462410 976.863098
-201 76.423080 975.604126
-201 73.322037 974.505981
-201 70.167770 973.571655
-201 66.968925 972.803650
-201 63.734272 972.204163
-201 60.472675 971.774780
-201 57.193073 971.516663
-201 53.904461 971.430542
-201 50.615845 971.516602
-201 47.336243 971.774719
-201 44.074646 972.204102
-201 40.839989 972.803589
-201 37.641140 973.571594
-201 34.486870 974.505920
-201 31.385817 975.604065
-201 28.346489 976.862976
-201 25.377211 978.279236
-201 22.486124 979.848938
-201 19.681156 981.567810
-201 16.969986 983.431152
-201 14.360050 985.433838
-201 11.858505 987.570313
-201 9.472202 989.834839
-201 7.207687 992.221130
-201 5.071159 994.722656
-201 3.068478 997.332581
-201 1.205128 1000.043762
-201 -0.513771 1002.848694
-201 -2.083515 1005.739807
-201 -3.499802 1008.709106
-201 -4.758743 1011.748413
-201 -5.856895 1014.849487
-201 -6.791241 1018.003784
-201 -7.559227 1021.202637
-201 -8.158745 1024.437256
-201 -8.588146 1027.698853
-201 -8.846260 1030.978516
-201 -8.932381 1034.267212
-201 -8.846268 1037.555786
-201 -8.588161 1040.835449
-201 -8.158760 1044.097046
-201 -7.559250 1047.331665
-201 -6.791271 1050.530518
-201 -5.856930 1053.684814
-201 -4.758789 1056.785889
-201 -3.499851 1059.825195
-201 -2.083572 1062.794556
-201 -0.513832 1065.685669
-201 1.205063 1068.490601
-201 3.068405 1071.201782
-201 5.071087 1073.811646
-201 7.207619 1076.313232
-201 9.472141 1078.699585
-201 11.858448 1080.964111
-201 14.360008 1083.100586
-201 16.969948 1085.103271
-201 19.681129 1086.966553
-201 22.486113 1088.685425
-201 25.377213 1090.255249
-201 28.346502 1091.671509
-201 31.385845 1092.930420
-201 34.486908 1094.028564
-201 37.641197 1094.962891
-201 40.840061 1095.730835
-201 44.074734 1096.330322
-201 47.336349 1096.759766
-201 50.615967 1097.017822
-171 38.913788 1058.522217
-171 42.724388 1058.422485
-171 46.524544 1058.123291
-171 50.303841 1057.625854
-171 54.051914 1056.931152
-171 57.758499 1056.041260
-171 61.413429 1054.958618
-171 65.006691 1053.686157
-171 68.528427 1052.227417
-171 71.969002 1050.586426
-171 75.318970 1048.767456
-171 78.569153 1046.775757
-171 81.710648 1044.616699
-171 84.734833 1042.296143
-171 87.633430 1039.820557
-171 90.398483 1037.196533
-171 93.022438 1034.431519
-171 95.498070 1031.532959
-171 97.818611 1028.508667
-171 99.977699 1025.367188
-171 101.969421 1022.117004
-171 103.788300 1018.767090
-171 105.429359 1015.326477
-171 106.888115 1011.804749
-171 108.160553 1008.211487
-171 109.243195 1004.556580
-171 110.133064 1000.849976
-171 110.827736 997.101929
-171 111.325287 993.322632
-171 111.624367 989.522461
-171 111.724152 985.711914
-171 111.624367 981.901306
-171 111.325294 978.101135
-171 110.827744 974.321838
-171 110.133080 970.573792
-171 109.243217 966.867188
-171 108.160576 963.212280
-171 106.888145 959.619019
-171 105.429390 956.097290
-171 103.788330 952.656738
-171 101.969452 949.306763
-171 99.977745 946.056580
-171 97.818665 942.915039
-171 95.498123 939.890869
-171 93.022507 936.992310
-171 90.398560 934.227234
-171 87.633514 931.603271
-171 84.734924 929.127625
-171 81.710739 926.807129
-171 78.569260 924.648010
-171 75.319077 922.656311
-171 71.969116 920.837402
-171 68.528549 919.196350
-171 65.006821 917.737549
-171 61.413563 916.465149
-171 57.758636 915.382446
-171 54.052063 914.492615
-171 50.303993 913.797913
-171 46.524700 913.300354
-171 42.724552 913.001282
-171 38.913956 912.901489
-171 35.103359 913.001282
-171 31.303207 913.300354
-171 27.523914 913.797852
-171 23.775843 914.492554
-171 20.069262 915.382385
-171 16.414331 916.465027
-171 12.821072 917.737427
-171 9.299330 919.196167
-171 5.858757 920.837280
-171 2.508789 922.656128
-171 -0.741398 924.647827
-171 -3.882893 926.806885
-171 -6.907085 929.127441
-171 -9.805687 931.603027
-171 -12.570751 934.226990
-171 -15.194698 936.992065
-171 -17.670341 939.890625
-171 -19.990898 942.914795
-171 -22.150009 946.056335
-171 -24.141735 949.306519
-171 -25.960632 952.656494
-171 -27.601715 956.097046
-171 -29.060486 959.618774
-171 -30.332939 963.212097
-171 -31.415588 966.867004
-171 -32.305473 970.573608
-171 -33.000145 974.321716
-171 -33.497704 978.101013
-171 -33.796783 981.901184
-171 -33.896576 985.711792
-171 -33.796791 989.522400
-171 -33.497719 993.322571
-171 -33.000168 997.101868
-171 -32.305496 1000.849976
-171 -31.415619 1004.556580
-171 -30.332977 1008.211487
-171 -29.060539 1011.804749
-171 -27.601776 1015.326538
-171 -25.960701 1018.767090
-171 -24.141804 1022.117065
-171 -22.150082 1025.367310
-171 -19.990982 1028.508789
-171 -17.670429 1031.532959
-171 -15.194778 1034.431641
-171 -12.570824 1037.196655
-171 -9.805752 1039.820557
-171 -6.907135 1042.296265
-171 -3.882935 1044.616821
-171 -0.741428 1046.775879
-171 2.508774 1048.767578
-171 5.858761 1050.586426
-171 9.299347 1052.227539
-171 12.821104 1053.686279
-171 16.414381 1054.958740
-171 20.069328 1056.041382
-171 23.775928 1056.931152
-171 27.524021 1057.625854
-171 31.303329 1058.123413
-171 35.103500 1058.422485
-141 50.562313 1099.944214
-141 55.315269 1099.819824
-141 60.055202 1099.446777
-141 64.769112 1098.826172
-141 69.444084 1097.959717
-141 74.067299 1096.849731
-141 78.626091 1095.499390
-141 83.107964 1093.912231
-141 87.500626 1092.092773
-141 91.792053 1090.045898
-141 95.970459 1087.777100
-141 100.024414 1085.292847
-141 103.942795 1082.599854
-141 107.714859 1079.705444
-141 111.330276 1076.617554
-141 114.779129 1073.344727
-141 118.051987 1069.895874
-141 121.139832 1066.280518
-141 124.034241 1062.508423
-141 126.727280 1058.590088
-141 129.211533 1054.536133
-141 131.480225 1050.357666
-141 133.527130 1046.066284
-141 135.346634 1041.673584
-141 136.933746 1037.191772
-141 138.284119 1032.632935
-141 139.394043 1028.009766
-141 140.260513 1023.334778
-141 140.881104 1018.620850
-141 141.254150 1013.880920
-141 141.378616 1009.127991
-141 141.254150 1004.375000
-141 140.881119 999.635132
-141 140.260529 994.921204
-141 139.394073 990.246216
-141 138.284149 985.622986
-141 136.933777 981.064209
-141 135.346664 976.582336
-141 133.527161 972.189697
-141 131.480270 967.898254
-141 129.211594 963.719849
-141 126.727325 959.665894
-141 124.034302 955.747559
-141 121.139908 951.975464
-141 118.052063 948.360046
-141 114.779221 944.911194
-141 111.330376 941.638367
-141 107.714966 938.550476
-141 103.942917 935.656067
-141 100.024536 932.963074
-141 95.970596 930.478760
-141 91.792191 928.210083
-141 87.500778 926.163208
-141 83.108124 924.343689
-141 78.626259 922.756531
-141 74.067474 921.406189
-141 69.444267 920.296204
-141 64.769302 919.429749
-141 60.055397 918.809143
-141 55.315475 918.436096
-141 50.562523 918.311646
-141 45.809570 918.436096
-141 41.069641 918.809082
-141 36.355736 919.429688
-141 31.680767 920.296143
-141 27.057552 921.406067
-141 22.498762 922.756409
-141 18.016891 924.343506
-141 13.624226 926.163025
-141 9.332806 928.209900
-141 5.154392 930.478577
-141 1.100437 932.962830
-141 -2.817947 935.655823
-141 -6.590019 938.550232
-141 -10.205444 941.638062
-141 -13.654308 944.910889
-141 -16.927151 948.359741
-141 -20.015018 951.975159
-141 -22.909451 955.747192
-141 -25.602505 959.665588
-141 -28.086781 963.719543
-141 -30.355495 967.898010
-141 -32.402416 972.189392
-141 -34.221935 976.582092
-141 -35.809063 981.063965
-141 -37.159451 985.622803
-141 -38.269405 990.246033
-141 -39.135868 994.921021
-141 -39.756474 999.634949
-141 -40.129520 1004.374878
-141 -40.253986 1009.127869
-141 -40.129528 1013.880798
-141 -39.756489 1018.620789
-141 -39.135891 1023.334717
-141 -38.269436 1028.009644
-141 -37.159496 1032.632935
-141 -35.809116 1037.191772
-141 -34.221996 1041.673584
-141 -32.402485 1046.066284
-141 -30.355579 1050.357666
-141 -28.086872 1054.536133
-141 -25.602596 1058.590088
-141 -22.909550 1062.508545
-141 -20.015125 1066.280518
-141 -16.927250 1069.895996
-141 -13.654392 1073.344849
-141 -10.205524 1076.617676
-141 -6.590084 1079.705566
-141 -2.818001 1082.599976
-141 1.100399 1085.292969
-141 5.154373 1087.777222
-141 9.332806 1090.046021
-141 13.624249 1092.092896
-141 18.016933 1093.912354
-141 22.498825 1095.499512
-141 27.057636 1096.849854
-141 31.680874 1097.959717
-141 36.355865 1098.826172
-141 41.069794 1099.446777
-141 45.809746 1099.819824
-111 45.091450 1175.414063
-111 51.959755 1175.234253
-111 58.809235 1174.695190
-111 65.621117 1173.798340
-111 72.376724 1172.546265
-111 79.057541 1170.942383
-111 85.645264 1168.990967
-111 92.121834 1166.697510
-111 98.469498 1164.068237
-111 104.670853 1161.110352
-111 110.708908 1157.831909
-111 116.567108 1154.242065
-111 122.229385 1150.350464
-111 127.680252 1146.167847
-111 132.904739 1141.705688
-111 137.888550 1136.976318
-111 142.617996 1131.992432
-111 147.080139 1126.768066
-111 151.262726 1121.317139
-111 155.154312 1115.654785
-111 158.744217 1109.796631
-111 162.022614 1103.758545
-111 164.980499 1097.557251
-111 167.609787 1091.209595
-111 169.903259 1084.733032
-111 171.854630 1078.145386
-111 173.458542 1071.464478
-111 174.710632 1064.708862
-111 175.607437 1057.897095
-111 176.146500 1051.047607
-111 176.326355 1044.179321
-111 176.146500 1037.311035
-111 175.607452 1030.461548
-111 174.710648 1023.649658
-111 173.458572 1016.894043
-111 171.854660 1010.213196
-111 169.903305 1003.625488
-111 167.609833 997.148926
-111 164.980560 990.801270
-111 162.022675 984.599915
-111 158.744293 978.561890
-111 155.154388 972.703674
-111 151.262817 967.041382
-111 147.080231 961.590515
-111 142.618118 956.366028
-111 137.888672 951.382263
-111 132.904892 946.652771
-111 127.680405 942.190674
-111 122.229568 938.008057
-111 116.567291 934.116455
-111 110.709106 930.526550
-111 104.671059 927.248169
-111 98.469711 924.290222
-111 92.122070 921.660950
-111 85.645508 919.367432
-111 79.057800 917.416077
-111 72.376984 915.812134
-111 65.621384 914.560059
-111 58.809517 913.663208
-111 51.960049 913.124146
-111 45.091751 912.944275
-111 38.223454 913.124146
-111 31.373981 913.663208
-111 24.562109 914.559937
-111 17.806503 915.812012
-111 11.125683 917.415894
-111 4.537964 919.367310
-111 -1.938602 921.660706
-111 -8.286263 924.289978
-111 -14.487621 927.247864
-111 -20.525677 930.526245
-111 -26.383877 934.116150
-111 -32.046169 938.007690
-111 -37.497044 942.190247
-111 -42.721539 946.652405
-111 -47.705357 951.381836
-111 -52.434811 956.365601
-111 -56.896961 961.590088
-111 -61.079578 967.040894
-111 -64.971207 972.703247
-111 -68.561127 978.561401
-111 -71.839554 984.599487
-111 -74.797470 990.800842
-111 -77.426788 997.148560
-111 -79.720276 1003.625122
-111 -81.671677 1010.212891
-111 -83.275620 1016.893738
-111 -84.527710 1023.649353
-111 -85.424530 1030.461304
-111 -85.963593 1037.310791
-111 -86.143463 1044.179077
-111 -85.963608 1051.047363
-111 -85.424561 1057.896851
-111 -84.527756 1064.708862
-111 -83.275665 1071.464478
-111 -81.671738 1078.145264
-111 -79.720367 1084.733032
-111 -77.426880 1091.209595
-111 -74.797577 1097.557251
-111 -71.839676 1103.758667
-111 -68.561264 1109.796753
-111 -64.971329 1115.655029
-111 -61.079731 1121.317261
-111 -56.897114 1126.768188
-111 -52.434948 1131.992676
-111 -47.705479 1136.976440
-111 -42.721661 1141.705933
-111 -37.497135 1146.168091
-111 -32.046253 1150.350708
-111 -26.383930 1154.242188
-111 -20.525707 1157.832153
-111 -14.487617 1161.110596
-111 -8.286232 1164.068359
-111 -1.938545 1166.697754
-111 4.538055 1168.991211
-111 11.125805 1170.942505
-111 17.806658 1172.546387
-111 24.562296 1173.798462
-111 31.374203 1174.695313
-111 38.223709 1175.234253
-81 50.076622 1172.898193
-81 57.082581 1172.714722
-81 64.069336 1172.164795
-81 71.017731 1171.250000
-81 77.908737 1169.972900
-81 84.723450 1168.336792
-81 91.443207 1166.346313
-81 98.049576 1164.006836
-81 104.524445 1161.324951
-81 110.850098 1158.307739
-81 117.009155 1154.963623
-81 122.984764 1151.301758
-81 128.760529 1147.332153
-81 134.320648 1143.065796
-81 139.649841 1138.514160
-81 144.733521 1133.689941
-81 149.557770 1128.606323
-81 154.109314 1123.277100
-81 158.375732 1117.717041
-81 162.345322 1111.941162
-81 166.007172 1105.965576
-81 169.351273 1099.806519
-81 172.368439 1093.480957
-81 175.050415 1087.006104
-81 177.389862 1080.399658
-81 179.380341 1073.679932
-81 181.016388 1066.865234
-81 182.293579 1059.974243
-81 183.208344 1053.025879
-81 183.758240 1046.039063
-81 183.941681 1039.033203
-81 183.758240 1032.027222
-81 183.208374 1025.040405
-81 182.293610 1018.092041
-81 181.016449 1011.201050
-81 179.380371 1004.386353
-81 177.389893 997.666626
-81 175.050476 991.060242
-81 172.368500 984.585388
-81 169.351334 978.259766
-81 166.007248 972.100708
-81 162.345398 966.125061
-81 158.375824 960.349304
-81 154.109421 954.789185
-81 149.557877 949.460022
-81 144.733643 944.376343
-81 139.649979 939.552063
-81 134.320801 935.000488
-81 128.760712 930.734070
-81 122.984947 926.764526
-81 117.009354 923.102661
-81 110.850296 919.758545
-81 104.524673 916.741333
-81 98.049805 914.059387
-81 91.443451 911.719910
-81 84.723709 909.729431
-81 77.909004 908.093384
-81 71.018013 906.816162
-81 64.069626 905.901367
-81 57.082878 905.351501
-81 50.076931 905.168030
-81 43.070980 905.351440
-81 36.084232 905.901306
-81 29.135839 906.816040
-81 22.244843 908.093201
-81 15.430130 909.729248
-81 8.710381 911.719727
-81 2.104012 914.059143
-81 -4.370865 916.741089
-81 -10.696510 919.758240
-81 -16.855576 923.102356
-81 -22.831184 926.764160
-81 -28.606964 930.733765
-81 -34.167076 935.000122
-81 -39.496284 939.551697
-81 -44.579979 944.375854
-81 -49.404221 949.459534
-81 -53.955795 954.788696
-81 -58.222244 960.348816
-81 -62.191856 966.124634
-81 -65.853737 972.100220
-81 -69.197868 978.259277
-81 -72.215073 984.584961
-81 -74.897079 991.059875
-81 -77.236534 997.666260
-81 -79.227043 1004.385986
-81 -80.863121 1011.200745
-81 -82.140312 1018.091797
-81 -83.055092 1025.040161
-81 -83.604973 1032.026978
-81 -83.788445 1039.032959
-81 -83.604988 1046.038940
-81 -83.055122 1053.025757
-81 -82.140358 1059.974121
-81 -80.863182 1066.865112
-81 -79.227104 1073.679932
-81 -77.236618 1080.399658
-81 -74.897171 1087.006104
-81 -72.215172 1093.480957
-81 -69.197983 1099.806641
-81 -65.853867 1105.965698
-81 -62.191994 1111.941284
-81 -58.222397 1117.717163
-81 -53.955956 1123.277222
-81 -49.404366 1128.606445
-81 -44.580109 1133.690186
-81 -39.496399 1138.514404
-81 -34.167168 1143.065918
-81 -28.607040 1147.332397
-81 -22.831238 1151.302002
-81 -16.855606 1154.963867
-81 -10.696507 1158.307861
-81 -4.370834 1161.325073
-81 2.104073 1164.007080
-81 8.710472 1166.346436
-81 15.430252 1168.336914
-81 22.244999 1169.973022
-81 29.136030 1171.250122
-81 36.084457 1172.164917
-81 43.071239 1172.714722
-51 42.517761 1197.967041
-51 50.204227 1197.765747
-51 57.869621 1197.162476
-51 65.492943 1196.158813
-51 73.053284 1194.757568
-51 80.529938 1192.962646
-51 87.902397 1190.778809
-51 95.150467 1188.212158
-51 102.254265 1185.269653
-51 109.194336 1181.959351
-51 115.951645 1178.290405
-51 122.507683 1174.272949
-51 128.844467 1169.917725
-51 134.944641 1165.236938
-51 140.791473 1160.243286
-51 146.368958 1154.950439
-51 151.661789 1149.372925
-51 156.655457 1143.526123
-51 161.336273 1137.425903
-51 165.691437 1131.089111
-51 169.708984 1124.533081
-51 173.377899 1117.775879
-51 176.688141 1110.835815
-51 179.630630 1103.731934
-51 182.197296 1096.483887
-51 184.381119 1089.111450
-51 186.176102 1081.634766
-51 187.577332 1074.074463
-51 188.580963 1066.451172
-51 189.184250 1058.785767
-51 189.385529 1051.099365
-51 189.184250 1043.412842
-51 188.580978 1035.747437
-51 187.577362 1028.124146
-51 186.176132 1020.563843
-51 184.381165 1013.087158
-51 182.197342 1005.714722
-51 179.630676 998.466675
-51 176.688202 991.362854
-51 173.377975 984.422791
-51 169.709061 977.665527
-51 165.691528 971.109497
-51 161.336395 964.772705
-51 156.655579 958.672485
-51 151.661926 952.825684
-51 146.369110 947.248169
-51 140.791641 941.955383
-51 134.944824 936.961670
-51 128.844666 932.280884
-51 122.507881 927.925720
-51 115.951866 923.908142
-51 109.194565 920.239258
-51 102.254509 916.928955
-51 95.150719 913.986450
-51 87.902664 911.419800
-51 80.530220 909.235962
-51 73.053581 907.440918
-51 65.493248 906.039734
-51 57.869942 905.036072
-51 50.204556 904.432739
-51 42.518097 904.231445
-51 34.831642 904.432739
-51 27.166252 905.036011
-51 19.542940 906.039612
-51 11.982599 907.440796
-51 4.505955 909.235779
-51 -2.866505 911.419556
-51 -10.114567 913.986206
-51 -17.218369 916.928711
-51 -24.158440 920.238892
-51 -30.915756 923.907837
-51 -37.471794 927.925354
-51 -43.808586 932.280457
-51 -49.908768 936.961243
-51 -55.755615 941.954895
-51 -61.333107 947.247742
-51 -66.625946 952.825195
-51 -71.619629 958.671997
-51 -76.300491 964.772156
-51 -80.655685 971.108948
-51 -84.673256 977.665039
-51 -88.342209 984.422363
-51 -91.652481 991.362427
-51 -94.595001 998.466248
-51 -97.161697 1005.714355
-51 -99.345535 1013.086792
-51 -101.140549 1020.563477
-51 -102.541794 1028.123901
-51 -103.545425 1035.747192
-51 -104.148712 1043.412598
-51 -104.350006 1051.099121
-51 -104.148727 1058.785645
-51 -103.545456 1066.451050
-51 -102.541840 1074.074341
-51 -101.140594 1081.634766
-51 -99.345612 1089.111450
-51 -97.161774 1096.483887
-51 -94.595093 1103.731934
-51 -91.652588 1110.835815
-51 -88.342331 1117.775879
-51 -84.673393 1124.533203
-51 -80.655830 1131.089233
-51 -76.300652 1137.426147
-51 -71.619804 1143.526245
-51 -66.626099 1149.373169
-51 -61.333244 1154.950684
-51 -55.755753 1160.243408
-51 -49.908875 1165.237183
-51 -43.808670 1169.917969
-51 -37.471855 1174.273071
-51 -30.915787 1178.290649
-51 -24.158440 1181.959595
-51 -17.218334 1185.269775
-51 -10.114502 1188.212280
-51 -2.866402 1190.778931
-51 4.506088 1192.962769
-51 11.982773 1194.757690
-51 19.543150 1196.158936
-51 27.166500 1197.162476
-51 34.831924 1197.765747
-21 40.180855 1170.509766
-21 47.399170 1170.320801
-21 54.597698 1169.754272
-21 61.756714 1168.811768
-21 68.856590 1167.495850
-21 75.877869 1165.810181
-21 82.801300 1163.759399
-21 89.607918 1161.349121
-21 96.279053 1158.585815
-21 102.796440 1155.477173
-21 109.142189 1152.031738
-21 115.298927 1148.258789
-21 121.249763 1144.168945
-21 126.978401 1139.773193
-21 132.469147 1135.083618
-21 137.706909 1130.113159
-21 142.677368 1124.875488
-21 147.366913 1119.384766
-21 151.762634 1113.656006
-21 155.852539 1107.705200
-21 159.625397 1101.548462
-21 163.070862 1095.202759
-21 166.179474 1088.685425
-21 168.942749 1082.014282
-21 171.353088 1075.207642
-21 173.403900 1068.284180
-21 175.089569 1061.262939
-21 176.405457 1054.163086
-21 177.347961 1047.004028
-21 177.914490 1039.805542
-21 178.103516 1032.587280
-21 177.914520 1025.368896
-21 177.347992 1018.170410
-21 176.405487 1011.011414
-21 175.089600 1003.911499
-21 173.403961 996.890259
-21 171.353149 989.966797
-21 168.942810 983.160217
-21 166.179535 976.489075
-21 163.070923 969.971680
-21 159.625473 963.625977
-21 155.852631 957.469238
-21 151.762726 951.518372
-21 147.367004 945.789734
-21 142.677490 940.299011
-21 137.707047 935.061279
-21 132.469284 930.090759
-21 126.978569 925.401245
-21 121.249947 921.005493
-21 115.299118 916.915588
-21 109.142395 913.142761
-21 102.796654 909.697266
-21 96.279289 906.588623
-21 89.608162 903.825317
-21 82.801559 901.414978
-21 75.878136 899.364136
-21 68.856873 897.678467
-21 61.757004 896.362610
-21 54.598000 895.420044
-21 47.399479 894.853516
-21 40.181171 894.664490
-21 32.962864 894.853516
-21 25.764341 895.420044
-21 18.605333 896.362488
-21 11.505461 897.678345
-21 4.484188 899.364014
-21 -2.439247 901.414795
-21 -9.245861 903.825134
-21 -15.917000 906.588379
-21 -22.434380 909.697021
-21 -28.780136 913.142456
-21 -34.936874 916.915283
-21 -40.887718 921.005127
-21 -46.616364 925.400879
-21 -52.107109 930.090332
-21 -57.344894 935.060791
-21 -62.315361 940.298523
-21 -67.004906 945.789246
-21 -71.400673 951.517883
-21 -75.490608 957.468750
-21 -79.263489 963.625488
-21 -82.708977 969.971252
-21 -85.817635 976.488647
-21 -88.580940 983.159790
-21 -90.991310 989.966431
-21 -93.042152 996.889893
-21 -94.727821 1003.911194
-21 -96.043724 1011.011108
-21 -96.986244 1018.170105
-21 -97.552788 1025.368652
-21 -97.741814 1032.587036
-21 -97.552803 1039.805420
-21 -96.986275 1047.003906
-21 -96.043770 1054.162964
-21 -94.727882 1061.262817
-21 -93.042213 1068.284180
-21 -90.991386 1075.207642
-21 -88.581032 1082.014282
-21 -85.817741 1088.685425
-21 -82.709099 1095.202881
-21 -79.263618 1101.548584
-21 -75.490753 1107.705322
-21 -71.400833 1113.656250
-21 -67.005066 1119.384888
-21 -62.315514 1124.875610
-21 -57.345024 1130.113403
-21 -52.107231 1135.083862
-21 -46.616463 1139.773438
-21 -40.887802 1144.169189
-21 -34.936928 1148.259033
-21 -28.780167 1152.031860
-21 -22.434376 1155.477295
-21 -15.916965 1158.585938
-21 -9.245796 1161.349243
-21 -2.439152 1163.759521
-21 4.484314 1165.810303
-21 11.505625 1167.495972
-21 18.605532 1168.811890
-21 25.764572 1169.754395
-21 32.963131 1170.320801
9 29.011065 1143.450073
9 35.446297 1143.281616
9 41.863892 1142.776489
9 48.246258 1141.936279
9 54.575897 1140.763184
9 60.835472 1139.260376
9 67.007813 1137.432007
9 73.076012 1135.283203
9 79.023430 1132.819702
9 84.833763 1130.048218
9 90.491096 1126.976563
9 95.979912 1123.613037
9 101.285172 1119.966797
9 106.392334 1116.047974
9 111.287407 1111.867188
9 115.956955 1107.435913
9 120.388199 1102.766357
9 124.568977 1097.871338
9 128.487839 1092.764160
9 132.134048 1087.458862
9 135.497604 1081.970093
9 138.569290 1076.312744
9 141.340668 1070.502441
9 143.804169 1064.555054
9 145.953033 1058.486816
9 147.781357 1052.314453
9 149.284149 1046.054932
9 150.457275 1039.725342
9 151.297531 1033.342896
9 151.802612 1026.925293
9 151.971130 1020.490112
9 151.802612 1014.054871
9 151.297546 1007.637329
9 150.457306 1001.254944
9 149.284164 994.925293
9 147.781387 988.665771
9 145.953064 982.493408
9 143.804214 976.425232
9 141.340714 970.477783
9 138.569336 964.667480
9 135.497681 959.010132
9 132.134125 953.521301
9 128.487930 948.216064
9 124.569077 943.108887
9 120.388313 938.213867
9 115.957077 933.544312
9 111.287537 929.113037
9 106.392479 924.932251
9 101.285332 921.013367
9 95.980080 917.367188
9 90.491280 914.003601
9 84.833954 910.931946
9 79.023628 908.160522
9 73.076225 905.697021
9 67.008041 903.548157
9 60.835709 901.719788
9 54.576149 900.217041
9 48.246513 899.043884
9 41.864159 898.203613
9 35.446571 897.698547
9 29.011347 897.529968
9 22.576122 897.698486
9 16.158533 898.203552
9 9.776175 899.043762
9 3.446535 900.216919
9 -2.813032 901.719666
9 -8.985373 903.547974
9 -15.053568 905.696838
9 -21.000986 908.160278
9 -26.811327 910.931702
9 -32.468658 914.003357
9 -37.957481 917.366882
9 -43.262749 921.013062
9 -48.369919 924.931885
9 -53.264992 929.112671
9 -57.934555 933.543884
9 -62.365807 938.213440
9 -66.546600 943.108459
9 -70.465492 948.215637
9 -74.111725 953.520874
9 -77.475304 959.009705
9 -80.547005 964.667053
9 -83.318420 970.477417
9 -85.781944 976.424866
9 -87.930824 982.493042
9 -89.759178 988.665405
9 -91.261986 994.924988
9 -92.435127 1001.254700
9 -93.275391 1007.637085
9 -93.780472 1014.054688
9 -93.948997 1020.489929
9 -93.780487 1026.925171
9 -93.275421 1033.342773
9 -92.435165 1039.725220
9 -91.262032 1046.054810
9 -89.759232 1052.314453
9 -87.930901 1058.486816
9 -85.782028 1064.555054
9 -83.318520 1070.502441
9 -80.547119 1076.312866
9 -77.475418 1081.970215
9 -74.111855 1087.458984
9 -70.465630 1092.764282
9 -66.546745 1097.871460
9 -62.365936 1102.766479
9 -57.934677 1107.436035
9 -53.265106 1111.867310
9 -48.370003 1116.048096
9 -43.262817 1119.967041
9 -37.957535 1123.613159
9 -32.468681 1126.976807
9 -26.811323 1130.048462
9 -21.000956 1132.819824
9 -15.053514 1135.283325
9 -8.985289 1137.432129
9 -2.812920 1139.260498
9 3.446680 1140.763184
9 9.776350 1141.936401
9 16.158741 1142.776611
9 22.576359 1143.281616
39 39.992336 1140.332520
39 46.156864 1140.171143
39 52.304493 1139.687378
39 58.418377 1138.882446
39 64.481758 1137.758667
39 70.478012 1136.319092
39 76.390701 1134.567627
39 82.203636 1132.509155
39 87.900864 1130.149292
39 93.466789 1127.494507
39 98.886139 1124.552002
39 104.144058 1121.329956
39 109.226151 1117.837158
39 114.118469 1114.083130
39 118.807632 1110.078247
39 123.280746 1105.833374
39 127.525589 1101.360229
39 131.530487 1096.671143
39 135.284500 1091.778809
39 138.777328 1086.696655
39 141.999390 1081.438721
39 144.941849 1076.019409
39 147.596664 1070.453491
39 149.956528 1064.756348
39 152.014999 1058.943359
39 153.766403 1053.030640
39 155.205978 1047.034424
39 156.329773 1040.971069
39 157.134674 1034.857178
39 157.618500 1028.709595
39 157.779938 1022.545044
39 157.618515 1016.380554
39 157.134689 1010.232910
39 156.329788 1004.119019
39 155.206009 998.055664
39 153.766449 992.059387
39 152.015030 986.146729
39 149.956573 980.333801
39 147.596710 974.636536
39 144.941910 969.070618
39 141.999451 963.651306
39 138.777405 958.393372
39 135.284592 953.311279
39 131.530579 948.418945
39 127.525696 943.729797
39 123.280869 939.256714
39 118.807755 935.011841
39 114.118607 931.006958
39 109.226303 927.252930
39 104.144226 923.760132
39 98.886307 920.538025
39 93.466972 917.595581
39 87.901062 914.940735
39 82.203842 912.580872
39 76.390923 910.522400
39 70.478241 908.770935
39 64.481995 907.331360
39 58.418625 906.207581
39 52.304749 905.402649
39 46.157127 904.918823
39 39.992607 904.757385
39 33.828087 904.918823
39 27.680462 905.402588
39 21.566586 906.207520
39 15.503210 907.331299
39 9.506958 908.770813
39 3.594265 910.522217
39 -2.218666 912.580688
39 -7.915897 914.940552
39 -13.481819 917.595337
39 -18.901169 920.537781
39 -24.159092 923.759827
39 -29.241184 927.252625
39 -34.133518 931.006592
39 -38.822681 935.011475
39 -43.295811 939.256287
39 -47.540653 943.729431
39 -51.545574 948.418579
39 -55.299618 953.310852
39 -58.792469 958.392944
39 -62.014553 963.650879
39 -64.957047 969.070251
39 -67.611877 974.636169
39 -69.971771 980.333435
39 -72.030258 986.146362
39 -73.781693 992.059082
39 -75.221283 998.055359
39 -76.345078 1004.118774
39 -77.149994 1010.232666
39 -77.633835 1016.380310
39 -77.795258 1022.544861
39 -77.633835 1028.709473
39 -77.150024 1034.857056
39 -76.345108 1040.970947
39 -75.221329 1047.034424
39 -73.781738 1053.030640
39 -72.030319 1058.943359
39 -69.971848 1064.756348
39 -67.611969 1070.453613
39 -64.957153 1076.019531
39 -62.014668 1081.438843
39 -58.792591 1086.696777
39 -55.299747 1091.778931
39 -51.545719 1096.671265
39 -47.540783 1101.360352
39 -43.295925 1105.833496
39 -38.822781 1110.078369
39 -34.133602 1114.083252
39 -29.241261 1117.837280
39 -24.159145 1121.330078
39 -18.901192 1124.552246
39 -13.481815 1127.494629
39 -7.915871 1130.149414
39 -2.218613 1132.509277
39 3.594345 1134.567749
39 9.507067 1136.319214
39 15.503349 1137.758789
39 21.566753 1138.882446
39 27.680660 1139.687378
39 33.828316 1140.171143
69 38.453384 1158.024170
69 45.191906 1157.847656
69 51.911957 1157.318848
69 58.595116 1156.438965
69 65.223068 1155.210571
69 71.777649 1153.636963
69 78.240891 1151.722412
69 84.595078 1149.472290
69 90.822792 1146.892700
69 96.906967 1143.990723
69 102.830925 1140.774170
69 108.578430 1137.252197
69 114.133720 1133.434082
69 119.481583 1129.330566
69 124.607353 1124.952759
69 129.496979 1120.312622
69 134.137054 1115.422974
69 138.514877 1110.297241
69 142.618439 1104.949341
69 146.436493 1099.394043
69 149.958557 1093.646606
69 153.175003 1087.722656
69 156.076996 1081.638428
69 158.656601 1075.410767
69 160.906738 1069.056519
69 162.821228 1062.593384
69 164.394836 1056.038818
69 165.623276 1049.410767
69 166.503128 1042.727661
69 167.032013 1036.007568
69 167.208466 1029.269165
69 167.032013 1022.530579
69 166.503143 1015.810547
69 165.623291 1009.127380
69 164.394867 1002.499451
69 162.821274 995.944885
69 160.906769 989.481628
69 158.656647 983.127441
69 156.077057 976.899780
69 153.175064 970.815552
69 149.958633 964.891602
69 146.436554 959.144104
69 142.618530 953.588867
69 138.514984 948.240967
69 134.137177 943.115234
69 129.497101 938.225586
69 124.607491 933.585510
69 119.481735 929.207703
69 114.133888 925.104126
69 108.578606 921.286072
69 102.831116 917.763977
69 96.907166 914.547546
69 90.823013 911.645508
69 84.595306 909.065918
69 78.241135 906.815735
69 71.777901 904.901245
69 65.223328 903.327637
69 58.595387 902.099182
69 51.912235 901.219360
69 45.192192 900.690430
69 38.453682 900.513977
69 31.715168 900.690430
69 24.995121 901.219238
69 18.311968 902.099121
69 11.684017 903.327515
69 5.129440 904.901123
69 -1.333797 906.815552
69 -7.687984 909.065674
69 -13.915699 911.645264
69 -19.999874 914.547241
69 -25.923836 917.763672
69 -31.671341 921.285767
69 -37.226639 925.103760
69 -42.574509 929.207275
69 -47.700287 933.585083
69 -52.589920 938.225159
69 -57.230011 943.114746
69 -61.607841 948.240540
69 -65.711426 953.588379
69 -69.529510 959.143677
69 -73.051605 964.891174
69 -76.268082 970.815186
69 -79.170105 976.899353
69 -81.749733 983.127075
69 -83.999893 989.481262
69 -85.914413 995.944519
69 -87.488045 1002.499146
69 -88.716476 1009.127136
69 -89.596344 1015.810303
69 -90.125229 1022.530396
69 -90.301697 1029.268921
69 -90.125244 1036.007446
69 -89.596375 1042.727539
69 -88.716522 1049.410767
69 -87.488091 1056.038696
69 -85.914474 1062.593262
69 -83.999969 1069.056519
69 -81.749825 1075.410767
69 -79.170212 1081.638550
69 -76.268196 1087.722656
69 -73.051727 1093.646729
69 -69.529640 1099.394165
69 -65.711571 1104.949463
69 -61.607994 1110.297363
69 -57.230148 1115.423096
69 -52.590042 1120.312744
69 -47.700401 1124.952881
69 -42.574600 1129.330688
69 -37.226715 1133.434326
69 -31.671394 1137.252319
69 -25.923859 1140.774414
69 -19.999870 1143.990845
69 -13.915668 1146.892822
69 -7.687927 1149.472412
69 -1.333710 1151.722534
69 5.129559 1153.636963
69 11.684168 1155.210571
69 18.312151 1156.438965
69 24.995338 1157.318848
69 31.715416 1157.847656
99 41.620296 1168.092529
99 48.603512 1167.909668
99 55.567581 1167.361572
99 62.493431 1166.449707
99 69.362061 1165.176758
99 76.154655 1163.545898
99 82.852592 1161.562012
99 89.437515 1159.230103
99 95.891373 1156.556885
99 102.196487 1153.549438
99 108.335556 1150.216187
99 114.291763 1146.566284
99 120.048782 1142.609497
99 125.590836 1138.356934
99 130.902740 1133.820190
99 135.969910 1129.011597
99 140.778503 1123.944458
99 145.315277 1118.632568
99 149.567856 1113.090454
99 153.524551 1107.333496
99 157.174515 1101.377197
99 160.507751 1095.238159
99 163.515137 1088.933105
99 166.188400 1082.479248
99 168.520248 1075.894287
99 170.504272 1069.196411
99 172.135025 1062.403809
99 173.408051 1055.535156
99 174.319855 1048.609375
99 174.867950 1041.645264
99 175.050812 1034.662109
99 174.867950 1027.678833
99 174.319870 1020.714783
99 173.408081 1013.788940
99 172.135056 1006.920349
99 170.504303 1000.127747
99 168.520294 993.429810
99 166.188461 986.844910
99 163.515182 980.391052
99 160.507813 974.085938
99 157.174591 967.946838
99 153.524628 961.990662
99 149.567947 956.233643
99 145.315384 950.691589
99 140.778610 945.379700
99 135.970047 940.312500
99 130.902878 935.503906
99 125.591003 930.967163
99 120.048950 926.714539
99 114.291946 922.757874
99 108.335754 919.107910
99 102.196686 915.774658
99 95.891602 912.767273
99 89.437752 910.093994
99 82.852844 907.762085
99 76.154907 905.778076
99 69.362328 904.147339
99 62.493706 902.874268
99 55.567871 901.962463
99 48.603809 901.414368
99 41.620602 901.231445
99 34.637398 901.414307
99 27.673330 901.962402
99 20.747492 902.874146
99 13.878864 904.147217
99 7.086273 905.777954
99 0.388336 907.761902
99 -6.196583 910.093750
99 -12.650444 912.767029
99 -18.955551 915.774353
99 -25.094624 919.107605
99 -31.050838 922.757507
99 -36.807865 926.714233
99 -42.349926 930.966736
99 -47.661831 935.503540
99 -52.729031 940.312073
99 -57.537609 945.379211
99 -62.074413 950.691101
99 -66.327011 956.233154
99 -70.283737 961.990173
99 -73.933731 967.946411
99 -77.266998 974.085510
99 -80.274414 980.390625
99 -82.947708 986.844482
99 -85.279572 993.429443
99 -87.263611 1000.127380
99 -88.894394 1006.919983
99 -90.167435 1013.788635
99 -91.079239 1020.714539
99 -91.627335 1027.678589
99 -91.810211 1034.661865
99 -91.627350 1041.645142
99 -91.079269 1048.609253
99 -90.167465 1055.535034
99 -88.894440 1062.403687
99 -87.263672 1069.196289
99 -85.279663 1075.894287
99 -82.947800 1082.479248
99 -80.274521 1088.933105
99 -77.267120 1095.238281
99 -73.933853 1101.377319
99 -70.283875 1107.333618
99 -66.327164 1113.090576
99 -62.074574 1118.632690
99 -57.537754 1123.944580
99 -52.729153 1129.011719
99 -47.661953 1133.820313
99 -42.350025 1138.357178
99 -36.807941 1142.609741
99 -31.050892 1146.566406
99 -25.094654 1150.216431
99 -18.955547 1153.549561
99 -12.650414 1156.557007
99 -6.196526 1159.230225
99 0.388428 1161.562134
99 7.086395 1163.546143
99 13.879021 1165.176880
99 20.747683 1166.449829
99 27.673553 1167.361572
99 34.637653 1167.909668
129 53.286419 1157.378784
129 60.097706 1157.200439
129 66.890327 1156.665771
129 73.645660 1155.776489
129 80.345184 1154.534790
129 86.970551 1152.944092
129 93.503586 1151.009033
129 99.926392 1148.734497
129 106.221352 1146.127075
129 112.371231 1143.193726
129 118.359161 1139.942627
129 124.168732 1136.382446
129 129.784012 1132.523193
129 135.189621 1128.375244
129 140.370743 1123.950195
129 145.313171 1119.260010
129 150.003357 1114.317627
129 154.428452 1109.136475
129 158.576324 1103.730835
129 162.435608 1098.115601
129 165.995712 1092.306030
129 169.246887 1086.318115
129 172.180222 1080.168213
129 174.787689 1073.873291
129 177.062119 1067.450439
129 178.997284 1060.917480
129 180.587891 1054.292114
129 181.829590 1047.592529
129 182.718948 1040.837280
129 183.253540 1034.044678
129 183.431900 1027.233398
129 183.253540 1020.422058
129 182.718964 1013.629456
129 181.829605 1006.874146
129 180.587921 1000.174622
129 178.997330 993.549255
129 177.062164 987.016235
129 174.787735 980.593445
129 172.180283 974.298462
129 169.246948 968.148560
129 165.995789 962.160645
129 162.435684 956.351074
129 158.576416 950.735840
129 154.428558 945.330200
129 150.003479 940.149109
129 145.313293 935.206665
129 140.370880 930.516479
129 135.189774 926.091370
129 129.784180 921.943481
129 124.168900 918.084229
129 118.359344 914.524109
129 112.371429 911.272949
129 106.221573 908.339539
129 99.926620 905.732117
129 93.503830 903.457642
129 86.970795 901.522461
129 80.345444 899.931824
129 73.645927 898.690186
129 66.890610 897.800781
129 60.098000 897.266174
129 53.286716 897.087769
129 46.475437 897.266113
129 39.682823 897.800720
129 32.927498 898.690063
129 26.227976 899.931702
129 19.602615 901.522339
129 13.069584 903.457458
129 6.646782 905.731873
129 0.351814 908.339355
129 -5.798065 911.272644
129 -11.785992 914.523804
129 -17.595562 918.083862
129 -23.210857 921.943115
129 -28.616474 926.091003
129 -33.797604 930.516052
129 -38.740040 935.206238
129 -43.430241 940.148621
129 -47.855343 945.329712
129 -52.003246 950.735352
129 -55.862560 956.350647
129 -59.422688 962.160217
129 -62.673893 968.148193
129 -65.607269 974.298035
129 -68.214752 980.593018
129 -70.489197 987.015869
129 -72.424393 993.548889
129 -74.015030 1000.174316
129 -75.256714 1006.873840
129 -76.146088 1013.629211
129 -76.680679 1020.421814
129 -76.859055 1027.233154
129 -76.680695 1034.044434
129 -76.146118 1040.837158
129 -75.256760 1047.592407
129 -74.015076 1054.291992
129 -72.424454 1060.917358
129 -70.489273 1067.450439
129 -68.214844 1073.873291
129 -65.607361 1080.168213
129 -62.674015 1086.318115
129 -59.422817 1092.306152
129 -55.862690 1098.115723
129 -52.003391 1103.730957
129 -47.855503 1109.136597
129 -43.430378 1114.317749
129 -38.740170 1119.260132
129 -33.797718 1123.950439
129 -28.616566 1128.375488
129 -23.210934 1132.523315
129 -17.595615 1136.382690
129 -11.786022 1139.942749
129 -5.798061 1143.193970
129 0.351845 1146.127197
129 6.646839 1148.734741
129 13.069672 1151.009155
129 19.602737 1152.944336
129 26.228128 1154.534912
129 32.927685 1155.776489
129 39.683044 1156.665894
129 46.475689 1157.200439
159 49.254993 1153.378418
159 55.999348 1153.201782
159 62.725216 1152.672485
159 69.414162 1151.791870
159 76.047852 1150.562378
159 82.608109 1148.987305
159 89.076950 1147.071167
159 95.436630 1144.819092
159 101.669739 1142.237305
159 107.759186 1139.332764
159 113.688263 1136.113525
159 119.440750 1132.588379
159 125.000854 1128.767090
159 130.353333 1124.659912
159 135.483551 1120.278320
159 140.377396 1115.634277
159 145.021500 1110.740356
159 149.403107 1105.610229
159 153.510223 1100.257690
159 157.331573 1094.697632
159 160.856705 1088.945068
159 164.075928 1083.015991
159 166.980438 1076.926636
159 169.562271 1070.693481
159 171.814362 1064.333862
159 173.730515 1057.864990
159 175.305481 1051.304688
159 176.534973 1044.671021
159 177.415588 1037.982178
159 177.944931 1031.256226
159 178.121536 1024.511963
159 177.944931 1017.767578
159 177.415604 1011.041687
159 176.535004 1004.352783
159 175.305511 997.719055
159 173.730545 991.158813
159 171.814392 984.690002
159 169.562317 978.330322
159 166.980499 972.097229
159 164.075989 966.007751
159 160.856766 960.078674
159 157.331650 954.326233
159 153.510315 948.766113
159 149.403214 943.413635
159 145.021622 938.283447
159 140.377533 933.389587
159 135.483688 928.745483
159 130.353485 924.363831
159 125.001022 920.256714
159 119.440918 916.435364
159 113.688461 912.910278
159 107.759384 909.691040
159 101.669952 906.786499
159 95.436859 904.204651
159 89.077187 901.952515
159 82.608360 900.036377
159 76.048111 898.461426
159 69.414429 897.231873
159 62.725494 896.351257
159 55.999634 895.821899
159 49.255291 895.645264
159 42.510941 895.821899
159 35.785080 896.351196
159 29.096140 897.231812
159 22.462452 898.461304
159 15.902199 900.036255
159 9.433365 901.952393
159 3.073681 904.204407
159 -3.159428 906.786255
159 -9.248871 909.690735
159 -15.177959 912.909973
159 -20.930439 916.435059
159 -26.490543 920.256409
159 -31.843044 924.363464
159 -36.973263 928.745056
159 -41.867130 933.389160
159 -46.511234 938.282959
159 -50.892857 943.413147
159 -54.999996 948.765686
159 -58.821384 954.325806
159 -62.346531 960.078247
159 -65.565781 966.007385
159 -68.470322 972.096802
159 -71.052185 978.329956
159 -73.304291 984.689636
159 -75.220474 991.158508
159 -76.795471 997.718750
159 -78.024963 1004.352478
159 -78.905594 1011.041443
159 -79.434937 1017.767334
159 -79.611557 1024.511719
159 -79.434952 1031.256104
159 -78.905624 1037.981934
159 -78.025009 1044.670898
159 -76.795517 1051.304688
159 -75.220535 1057.864990
159 -73.304367 1064.333862
159 -71.052277 1070.693481
159 -68.470428 1076.926636
159 -65.565903 1083.016113
159 -62.346653 1088.945190
159 -58.821514 1094.697754
159 -55.000141 1100.257813
159 -50.893009 1105.610352
159 -46.511372 1110.740479
159 -41.867252 1115.634399
159 -36.973377 1120.278564
159 -31.843136 1124.660156
159 -26.490620 1128.767212
159 -20.930492 1132.588623
159 -15.177982 1136.113770
159 -9.248867 1139.333008
159 -3.159397 1142.237427
159 3.073738 1144.819336
159 9.433453 1147.071289
159 15.902317 1148.987549
159 22.462603 1150.562500
159 29.096323 1151.791870
159 35.785297 1152.672485
159 42.511192 1153.201782
189 49.899475 1171.657959
189 57.042587 1171.470947
189 64.166122 1170.910278
189 71.250549 1169.977661
189 78.276459 1168.675415
189 85.224579 1167.007324
189 92.075882 1164.977905
189 98.811584 1162.592651
189 105.413223 1159.858154
189 111.862701 1156.781982
189 118.142342 1153.372314
189 124.234932 1149.638794
189 130.123779 1145.591553
189 135.792725 1141.241577
189 141.226257 1136.600952
189 146.409454 1131.682251
189 151.328156 1126.499023
189 155.968811 1121.065552
189 160.318756 1115.396484
189 164.366058 1109.507690
189 168.099594 1103.415039
189 171.509155 1097.135498
189 174.585388 1090.686035
189 177.319885 1084.084351
189 179.705109 1077.348633
189 181.734558 1070.497437
189 183.402649 1063.549316
189 184.704834 1056.523315
189 185.637512 1049.438965
189 186.198151 1042.315430
189 186.385208 1035.172363
189 186.198166 1028.029175
189 185.637543 1020.905701
189 184.704865 1013.821289
189 183.402695 1006.795349
189 181.734604 999.847229
189 179.705154 992.995972
189 177.319931 986.260254
189 174.585449 979.658630
189 171.509216 973.209167
189 168.099670 966.929504
189 164.366119 960.836914
189 160.318848 954.948059
189 155.968918 949.279114
189 151.328278 943.845581
189 146.409607 938.662415
189 141.226410 933.743713
189 135.792892 929.103027
189 130.123962 924.753113
189 124.235123 920.705811
189 118.142548 916.972229
189 111.862915 913.562683
189 105.413452 910.486450
189 98.811829 907.751953
189 92.076141 905.366699
189 85.224846 903.337219
189 78.276733 901.669128
189 71.250832 900.366943
189 64.166412 899.434204
189 57.042892 898.873596
189 49.899788 898.686523
189 42.756683 898.873535
189 35.633160 899.434143
189 28.548737 900.366821
189 21.522835 901.668945
189 14.574711 903.337036
189 7.723408 905.366455
189 0.987709 907.751709
189 -5.613930 910.486145
189 -12.063408 913.562378
189 -18.343048 916.971924
189 -24.435646 920.705444
189 -30.324493 924.752747
189 -35.993454 929.102661
189 -41.426994 933.743286
189 -46.610207 938.661926
189 -51.528893 943.845154
189 -56.169579 949.278625
189 -60.519554 954.947632
189 -64.566879 960.836426
189 -68.300446 966.929077
189 -71.710045 973.208679
189 -74.786316 979.658203
189 -77.520821 986.259827
189 -79.906082 992.995544
189 -81.935547 999.846863
189 -83.603668 1006.795044
189 -84.905869 1013.820984
189 -85.838547 1020.905396
189 -86.399200 1028.028931
189 -86.586258 1035.172119
189 -86.399216 1042.315308
189 -85.838593 1049.438843
189 -84.905899 1056.523315
189 -83.603714 1063.549194
189 -81.935623 1070.497314
189 -79.906158 1077.348633
189 -77.520920 1084.084351
189 -74.786415 1090.686035
189 -71.710167 1097.135498
189 -68.300575 1103.415161
189 -64.567017 1109.507813
189 -60.519707 1115.396729
189 -56.169739 1121.065674
189 -51.529045 1126.499146
189 -46.610336 1131.682373
189 -41.427116 1136.601074
189 -35.993553 1141.241699
189 -30.324570 1145.591675
189 -24.435699 1149.639038
189 -18.343079 1153.372559
189 -12.063404 1156.782104
189 -5.613895 1159.858276
189 0.987770 1162.592773
189 7.723503 1164.978027
189 14.574837 1167.007446
189 21.522995 1168.675537
189 28.548931 1169.977661
189 35.633389 1170.910400
189 42.756947 1171.470947
219 45.540253 1127.927002
219 51.501930 1127.770874
219 57.447269 1127.302979
219 63.359974 1126.524536
219 69.223831 1125.437744
219 75.022781 1124.045532
219 80.740913 1122.351807
219 86.362564 1120.360962
219 91.872330 1118.078857
219 97.255096 1115.511353
219 102.496117 1112.665771
219 107.581024 1109.549683
219 112.495888 1106.171753
219 117.227226 1102.541260
219 121.762077 1098.668213
219 126.088005 1094.562988
219 130.193176 1090.237061
219 134.066284 1085.702271
219 137.696777 1080.970947
219 141.074677 1076.056030
219 144.190704 1070.971069
219 147.036346 1065.730103
219 149.603790 1060.347290
219 151.886017 1054.837646
219 153.876740 1049.215942
219 155.570526 1043.497803
219 156.962723 1037.698853
219 158.049530 1031.834961
219 158.827957 1025.922363
219 159.295868 1019.976990
219 159.451981 1014.015320
219 159.295868 1008.053650
219 158.827972 1002.108337
219 158.049561 996.195618
219 156.962753 990.331787
219 155.570557 984.532837
219 153.876770 978.814697
219 151.886047 973.193054
219 149.603836 967.683289
219 147.036407 962.300537
219 144.190765 957.059509
219 141.074738 951.974609
219 137.696869 947.059753
219 134.066376 942.328369
219 130.193268 937.793579
219 126.088120 933.467651
219 121.762199 929.362427
219 117.227364 925.489319
219 112.496033 921.858826
219 107.581184 918.480957
219 102.496284 915.364929
219 97.255272 912.519287
219 91.872513 909.951782
219 86.362762 907.669556
219 80.741119 905.678833
219 75.022995 903.985046
219 69.224060 902.592834
219 63.360214 901.505981
219 57.447517 900.727600
219 51.502186 900.259644
219 45.540516 900.103516
219 39.578842 900.259644
219 33.633507 900.727539
219 27.720812 901.505920
219 21.856955 902.592712
219 16.058014 903.984924
219 10.339882 905.678711
219 4.718227 907.669373
219 -0.791531 909.951599
219 -6.174305 912.519043
219 -11.415325 915.364624
219 -16.500237 918.480652
219 -21.415100 921.858521
219 -26.146446 925.489014
219 -30.681305 929.362122
219 -35.007248 933.467224
219 -39.112411 937.793152
219 -42.985550 942.328003
219 -46.616058 947.059326
219 -49.993980 951.974182
219 -53.110039 957.059143
219 -55.955704 962.300171
219 -58.523178 967.682922
219 -60.805412 973.192688
219 -62.796165 978.814392
219 -64.489975 984.532532
219 -65.882195 990.331482
219 -66.969009 996.195374
219 -67.747437 1002.108093
219 -68.215355 1008.053467
219 -68.371475 1014.015137
219 -68.215370 1019.976868
219 -67.747467 1025.922241
219 -66.969040 1031.834961
219 -65.882233 1037.698853
219 -64.490028 1043.497803
219 -62.796234 1049.215942
219 -60.805496 1054.837646
219 -58.523262 1060.347412
219 -55.955803 1065.730225
219 -53.110146 1070.971191
219 -49.994095 1076.056152
219 -46.616188 1080.970947
219 -42.985687 1085.702393
219 -39.112534 1090.237183
219 -35.007362 1094.563110
219 -30.681412 1098.668335
219 -26.146530 1102.541504
219 -21.415169 1106.171875
219 -16.500286 1109.549805
219 -11.415348 1112.665894
219 -6.174301 1115.511475
219 -0.791504 1118.078979
219 4.718281 1120.361206
219 10.339958 1122.351807
219 16.058119 1124.045654
219 21.857090 1125.437866
219 27.720974 1126.524658
219 33.633698 1127.302979
219 39.579060 1127.770874
249 33.612793 1134.240845
249 39.547264 1134.085449
249 45.465466 1133.619751
249 51.351185 1132.844849
249 57.188282 1131.763062
249 62.960758 1130.377197
249 68.652802 1128.691162
249 74.248795 1126.709473
249 79.733406 1124.437622
249 85.091614 1121.881958
249 90.308708 1119.049316
249 95.370407 1115.947510
249 100.262840 1112.584961
249 104.972580 1108.971069
249 109.486740 1105.115601
249 113.792923 1101.029175
249 117.879349 1096.723022
249 121.734795 1092.208862
249 125.348709 1087.499146
249 128.711182 1082.606689
249 131.813004 1077.544922
249 134.645660 1072.327881
249 137.201385 1066.969727
249 139.473175 1061.485107
249 141.454834 1055.889038
249 143.140884 1050.197021
249 144.526733 1044.424561
249 145.608582 1038.587524
249 146.383453 1032.701782
249 146.849213 1026.783569
249 147.004623 1020.849121
249 146.849228 1014.914673
249 146.383453 1008.996460
249 145.608597 1003.110779
249 144.526764 997.273682
249 143.140915 991.501160
249 141.454865 985.809143
249 139.473221 980.213135
249 137.201431 974.728577
249 134.645706 969.370361
249 131.813065 964.153259
249 128.711258 959.091553
249 125.348793 954.199097
249 121.734886 949.489380
249 117.879448 944.975220
249 113.793037 940.669067
249 109.486862 936.582642
249 104.972717 932.727173
249 100.262985 929.113281
249 95.370567 925.750793
249 90.308876 922.648926
249 85.091782 919.816284
249 79.733597 917.260559
249 74.248993 914.988770
249 68.653008 913.007080
249 62.960976 911.321045
249 57.188507 909.935181
249 51.351421 908.853333
249 45.465714 908.078430
249 39.547516 907.612671
249 33.613052 907.457214
249 27.678589 907.612610
249 21.760391 908.078369
249 15.874680 908.853210
249 10.037586 909.935059
249 4.265112 911.320923
249 -1.426922 913.006958
249 -7.022919 914.988525
249 -12.507534 917.260376
249 -17.865734 919.816040
249 -23.082840 922.648682
249 -28.144543 925.750488
249 -33.036972 929.112915
249 -37.746727 932.726807
249 -42.260887 936.582275
249 -46.567085 940.668701
249 -50.653511 944.974854
249 -54.508972 949.488953
249 -58.122917 954.198730
249 -61.485420 959.091187
249 -64.587257 964.152893
249 -67.419930 969.369995
249 -69.975685 974.728210
249 -72.247513 980.212830
249 -74.229172 985.808838
249 -75.915253 991.500916
249 -77.301117 997.273376
249 -78.382973 1003.110474
249 -79.157845 1008.996216
249 -79.623627 1014.914490
249 -79.779037 1020.848938
249 -79.623642 1026.783447
249 -79.157875 1032.701660
249 -78.383003 1038.587402
249 -77.301155 1044.424561
249 -75.915306 1050.197021
249 -74.229240 1055.889038
249 -72.247589 1061.485107
249 -69.975777 1066.969727
249 -67.420036 1072.327881
249 -64.587364 1077.545044
249 -61.485535 1082.606812
249 -58.123047 1087.499268
249 -54.509109 1092.208984
249 -50.653633 1096.723145
249 -46.567200 1101.029297
249 -42.260994 1105.115723
249 -37.746811 1108.971191
249 -33.037041 1112.585083
249 -28.144588 1115.947632
249 -23.082863 1119.049438
249 -17.865734 1121.882080
249 -12.507504 1124.437744
249 -7.022865 1126.709595
249 -1.426846 1128.691162
249 4.265217 1130.377319
249 10.037720 1131.763062
249 15.874842 1132.844971
249 21.760582 1133.619751
249 27.678808 1134.085571
279 37.790264 1110.650269
279 43.328915 1110.505249
279 48.852383 1110.070557
279 54.345531 1109.347412
279 59.793301 1108.337646
279 65.180763 1107.044312
279 70.493149 1105.470703
279 75.715897 1103.621216
279 80.834702 1101.500854
279 85.835518 1099.115601
279 90.704643 1096.471924
279 95.428741 1093.577026
279 99.994843 1090.438843
279 104.390457 1087.065918
279 108.603531 1083.467651
279 112.622498 1079.653809
279 116.436356 1075.634766
279 120.034653 1071.421753
279 123.407532 1067.026123
279 126.545731 1062.459961
279 129.440659 1057.735962
279 132.084381 1052.866821
279 134.469635 1047.865967
279 136.589920 1042.747192
279 138.439392 1037.524414
279 140.012985 1032.212036
279 141.306396 1026.824585
279 142.316086 1021.376831
279 143.039276 1015.883667
279 143.473984 1010.360229
279 143.619019 1004.821594
279 143.473999 999.282959
279 143.039291 993.759460
279 142.316116 988.266357
279 141.306427 982.818604
279 140.013016 977.431091
279 138.439423 972.118713
279 136.589951 966.895996
279 134.469681 961.777222
279 132.084427 956.776367
279 129.440720 951.907227
279 126.545792 947.183167
279 123.407608 942.617065
279 120.034744 938.221436
279 116.436462 934.008362
279 112.622604 929.989380
279 108.603638 926.175537
279 104.390579 922.577271
279 99.994980 919.204346
279 95.428879 916.066162
279 90.704803 913.171204
279 85.835678 910.527527
279 80.834869 908.142212
279 75.716080 906.021973
279 70.493347 904.172485
279 65.180969 902.598877
279 59.793514 901.305420
279 54.345749 900.295715
279 48.852612 899.572510
279 43.329151 899.137817
279 37.790508 898.992798
279 32.251865 899.137817
279 26.728401 899.572510
279 21.235258 900.295654
279 15.787491 901.305359
279 10.400030 902.598755
279 5.087646 904.172302
279 -0.135101 906.021790
279 -5.253902 908.142029
279 -10.254719 910.527283
279 -15.123852 913.171021
279 -19.847946 916.065918
279 -24.414059 919.204102
279 -28.809681 922.576904
279 -33.022755 926.175232
279 -37.041737 929.989075
279 -40.855602 934.007996
279 -44.453907 938.221069
279 -47.826801 942.616699
279 -50.965038 947.182800
279 -53.859982 951.906921
279 -56.503727 956.776062
279 -58.889011 961.776855
279 -61.009312 966.895691
279 -62.858799 972.118469
279 -64.432419 977.430847
279 -65.725845 982.818298
279 -66.735550 988.266113
279 -67.458740 993.759277
279 -67.893448 999.282776
279 -68.038498 1004.821411
279 -67.893463 1010.360107
279 -67.458755 1015.883606
279 -66.735580 1021.376770
279 -65.725891 1026.824585
279 -64.432465 1032.212036
279 -62.858860 1037.524414
279 -61.009380 1042.747192
279 -58.889095 1047.865967
279 -56.503819 1052.866821
279 -53.860081 1057.735962
279 -50.965145 1062.460083
279 -47.826923 1067.026245
279 -44.454037 1071.421875
279 -40.855717 1075.634888
279 -37.041836 1079.653931
279 -33.022846 1083.467773
279 -28.809757 1087.066040
279 -24.414124 1090.438965
279 -19.847988 1093.577148
279 -15.123871 1096.472046
279 -10.254719 1099.115723
279 -5.253876 1101.501099
279 -0.135056 1103.621338
279 5.087719 1105.470825
279 10.400129 1107.044312
279 15.787615 1108.337769
279 21.235409 1109.347412
279 26.728579 1110.070557
279 32.252068 1110.505249
309 33.856983 1079.463867
309 38.774288 1079.335083
309 43.678116 1078.949097
309 48.555023 1078.307129
309 53.391644 1077.410645
309 58.174721 1076.262329
309 62.891144 1074.865234
309 67.527985 1073.223267
309 72.072540 1071.340820
309 76.512352 1069.223145
309 80.835243 1066.876099
309 85.029373 1064.305908
309 89.083237 1061.519775
309 92.985733 1058.525269
309 96.726166 1055.330566
309 100.294281 1051.944580
309 103.680283 1048.376465
309 106.874908 1044.636108
309 109.869400 1040.733643
309 112.655548 1036.679688
309 115.225723 1032.485596
309 117.572861 1028.162720
309 119.690536 1023.722900
309 121.572952 1019.178345
309 123.214935 1014.541504
309 124.612000 1009.825073
309 125.760315 1005.041992
309 126.656738 1000.205383
309 127.298798 995.328491
309 127.684738 990.424683
309 127.813507 985.507385
309 127.684738 980.590088
309 127.298813 975.686279
309 126.656754 970.809326
309 125.760345 965.972717
309 124.612030 961.189636
309 123.214966 956.473267
309 121.572983 951.836426
309 119.690567 947.291870
309 117.572906 942.852051
309 115.225769 938.529175
309 112.655609 934.335022
309 109.869476 930.281189
309 106.874985 926.378662
309 103.680374 922.638245
309 100.294373 919.070129
309 96.726273 915.684082
309 92.985847 912.489502
309 89.083359 909.494995
309 85.029503 906.708862
309 80.835388 904.138672
309 76.512497 901.791504
309 72.072701 899.673828
309 67.528152 897.791443
309 62.891319 896.149414
309 58.174904 894.752319
309 53.391830 893.604004
309 48.555218 892.707581
309 43.678318 892.065552
309 38.774498 891.679565
309 33.857201 891.550781
309 28.939899 891.679565
309 24.036077 892.065491
309 19.159176 892.707520
309 14.322557 893.603943
309 9.539482 894.752258
309 4.823059 896.149292
309 0.186214 897.791260
309 -4.358337 899.673645
309 -8.798149 901.791321
309 -13.121040 904.138428
309 -17.315170 906.708618
309 -21.369041 909.494751
309 -25.271545 912.489197
309 -29.011982 915.683838
309 -32.580097 919.069824
309 -35.966114 922.637939
309 -39.160755 926.378357
309 -42.155262 930.280823
309 -44.941441 934.334717
309 -47.511623 938.528809
309 -49.858776 942.851746
309 -51.976475 947.291565
309 -53.858906 951.836121
309 -55.500919 956.472961
309 -56.897999 961.189392
309 -58.046329 965.972534
309 -58.942753 970.809143
309 -59.584820 975.686096
309 -59.970768 980.589905
309 -60.099537 985.507263
309 -59.970776 990.424561
309 -59.584843 995.328430
309 -58.942783 1000.205322
309 -58.046368 1005.041992
309 -56.898045 1009.825073
309 -55.500973 1014.541504
309 -53.858974 1019.178345
309 -51.976551 1023.722900
309 -49.858860 1028.162720
309 -47.511707 1032.485596
309 -44.941532 1036.679810
309 -42.155369 1040.733643
309 -39.160862 1044.636230
309 -35.966213 1048.376587
309 -32.580189 1051.944702
309 -29.012066 1055.330811
309 -25.271614 1058.525391
309 -21.369099 1061.519897
309 -17.315212 1064.306030
309 -13.121059 1066.876221
309 -8.798145 1069.223267
309 -4.358315 1071.340942
309 0.186256 1073.223389
309 4.823124 1074.865356
309 9.539568 1076.262451
309 14.322668 1077.410767
309 19.159309 1078.307129
309 24.036236 1078.949219
309 28.940081 1079.335083
339 30.551537 1114.499023
339 36.403996 1114.345703
339 42.240410 1113.886353
339 48.044788 1113.122192
339 53.801216 1112.055298
339 59.493919 1110.688599
339 65.107300 1109.025879
339 70.625961 1107.071655
339 76.034775 1104.831177
339 81.318932 1102.310791
339 86.463928 1099.517334
339 91.455688 1096.458374
339 96.280502 1093.142334
339 100.925156 1089.578369
339 105.376930 1085.776245
339 109.623604 1081.746216
339 113.653557 1077.499634
339 117.455727 1073.047852
339 121.019691 1068.403198
339 124.335701 1063.578369
339 127.394653 1058.586548
339 130.188156 1053.441650
339 132.708557 1048.157471
339 134.948975 1042.748657
339 136.903229 1037.229980
339 138.565979 1031.616577
339 139.932678 1025.923950
339 140.999573 1020.167480
339 141.763733 1014.363098
339 142.223083 1008.526733
339 142.376328 1002.674255
339 142.223083 996.821777
339 141.763748 990.985413
339 140.999603 985.181030
339 139.932709 979.424622
339 138.566010 973.731873
339 136.903259 968.118530
339 134.949005 962.599854
339 132.708618 957.191040
339 130.188202 951.906921
339 127.394714 946.761902
339 124.335770 941.770142
339 121.019775 936.945313
339 117.455811 932.300659
339 113.653656 927.848938
339 109.623718 923.602234
339 105.377052 919.572266
339 100.925293 915.770142
339 96.280647 912.206177
339 91.455841 908.890137
339 86.464096 905.831177
339 81.319107 903.037659
339 76.034958 900.517273
339 70.626160 898.276855
339 65.107506 896.322571
339 59.494141 894.659790
339 53.801445 893.293091
339 48.045021 892.226196
339 42.240654 891.462036
339 36.404243 891.002686
339 30.551794 890.849426
339 24.699343 891.002625
339 18.862930 891.461975
339 13.058559 892.226135
339 7.302132 893.292969
339 1.609430 894.659668
339 -4.003941 896.322388
339 -9.522602 898.276672
339 -14.931419 900.517029
339 -20.215576 903.037415
339 -25.360580 905.830933
339 -30.352333 908.889832
339 -35.177155 912.205811
339 -39.821815 915.769775
339 -44.273598 919.571960
339 -48.520287 923.601868
339 -52.550240 927.848511
339 -56.352417 932.300293
339 -59.916412 936.944946
339 -63.232452 941.769775
339 -66.291420 946.761536
339 -69.084946 951.906555
339 -71.605385 957.190735
339 -73.845810 962.599548
339 -75.800087 968.118225
339 -77.462860 973.731628
339 -78.829575 979.424316
339 -79.896484 985.180786
339 -80.660652 990.985168
339 -81.119995 996.821594
339 -81.273254 1002.674072
339 -81.120003 1008.526550
339 -80.660675 1014.362976
339 -79.896515 1020.167419
339 -78.829620 1025.923828
339 -77.462914 1031.616577
339 -75.800156 1037.229980
339 -73.845886 1042.748657
339 -71.605469 1048.157471
339 -69.085052 1053.441650
339 -66.291527 1058.586670
339 -63.232559 1063.578491
339 -59.916542 1068.403320
339 -56.352547 1073.047974
339 -52.550354 1077.499756
339 -48.520393 1081.746338
339 -44.273697 1085.776367
339 -39.821899 1089.578491
339 -35.177216 1093.142456
339 -30.352379 1096.458496
339 -25.360603 1099.517456
339 -20.215572 1102.310913
339 -14.931393 1104.831299
339 -9.522552 1107.071777
339 -4.003864 1109.026001
339 1.609535 1110.688721
339 7.302263 1112.055420
339 13.058720 1113.122314
339 18.863119 1113.886475
339 24.699558 1114.345703
369 25.113678 1102.224854
369 30.517994 1102.083374
369 35.907497 1101.659180
369 41.267418 1100.953613
369 46.583057 1099.968384
369 51.839851 1098.706299
369 57.023392 1097.170898
369 62.119473 1095.366333
369 67.114120 1093.297363
369 71.993652 1090.969971
369 76.744682 1088.390381
369 81.354202 1085.565674
369 85.809563 1082.503662
369 90.098564 1079.212524
369 94.209450 1075.701538
369 98.130943 1071.980103
369 101.852310 1068.058594
369 105.363335 1063.947754
369 108.654396 1059.658813
369 111.716492 1055.203369
369 114.541206 1050.593872
369 117.120804 1045.842896
369 119.448212 1040.963379
369 121.517067 1035.968750
369 123.321678 1030.872681
369 124.857109 1025.689087
369 126.119156 1020.432312
369 127.104355 1015.116638
369 127.810005 1009.756775
369 128.234161 1004.367249
369 128.375687 998.962952
369 128.234177 993.558655
369 127.810013 988.169128
369 127.104378 982.809204
369 126.119179 977.493591
369 124.857140 972.236816
369 123.321709 967.053284
369 121.517105 961.957214
369 119.448257 956.962524
369 117.120850 952.083008
369 114.541260 947.331970
369 111.716553 942.722473
369 108.654472 938.267090
369 105.363411 933.978088
369 101.852402 929.867249
369 98.131050 925.945740
369 94.209564 922.224365
369 90.098686 918.713318
369 85.809700 915.422241
369 81.354340 912.360168
369 76.744835 909.535461
369 71.993813 906.955872
369 67.114288 904.628418
369 62.119656 902.559570
369 57.023582 900.754944
369 51.840050 899.219482
369 46.583267 897.957458
369 41.267632 896.972229
369 35.907722 896.266602
369 30.518225 895.842407
369 25.113914 895.700867
369 19.709604 895.842407
369 14.320107 896.266541
369 8.960194 896.972168
369 3.644556 897.957336
369 -1.612238 899.219360
369 -6.795776 900.754822
369 -11.891853 902.559387
369 -16.886501 904.628235
369 -21.766033 906.955627
369 -26.517067 909.535217
369 -31.126587 912.359924
369 -35.581955 915.421997
369 -39.870964 918.713013
369 -43.981857 922.224060
369 -47.903358 925.945374
369 -51.624725 929.866882
369 -55.135765 933.977722
369 -58.426849 938.266724
369 -61.488968 942.722107
369 -64.313698 947.331665
369 -66.893326 952.082703
369 -69.220757 956.962219
369 -71.289627 961.956909
369 -73.094261 967.052979
369 -74.629715 972.236511
369 -75.891777 977.493347
369 -76.876984 982.809021
369 -77.582634 988.168945
369 -78.006805 993.558472
369 -78.148331 998.962769
369 -78.006821 1004.367126
369 -77.582657 1009.756653
369 -76.877014 1015.116577
369 -75.891808 1020.432251
369 -74.629761 1025.689087
369 -73.094322 1030.872559
369 -71.289703 1035.968750
369 -69.220840 1040.963379
369 -66.893417 1045.842896
369 -64.313797 1050.593994
369 -61.489075 1055.203491
369 -58.426971 1059.658936
369 -55.135887 1063.947876
369 -51.624840 1068.058838
369 -47.903458 1071.980225
369 -43.981949 1075.701660
369 -39.871040 1079.212646
369 -35.582016 1082.503784
369 -31.126629 1085.565796
369 -26.517090 1088.390503
369 -21.766029 1090.970093
369 -16.886478 1093.297607
369 -11.891808 1095.366455
369 -6.795706 1097.171021
369 -1.612143 1098.706421
369 3.644676 1099.968506
369 8.960340 1100.953613
369 14.320280 1101.659302
369 19.709805 1102.083374
399 25.257999 1094.286255
399 30.568338 1094.147217
399 35.864120 1093.730469
399 41.130836 1093.037109
399 46.354042 1092.068970
399 51.519424 1090.828857
399 56.612823 1089.320190
399 61.620285 1087.546875
399 66.528076 1085.514038
399 71.322754 1083.227173
399 75.991173 1080.692383
399 80.520538 1077.916748
399 84.898422 1074.907959
399 89.112839 1071.674072
399 93.152237 1068.224121
399 97.005539 1064.567505
399 100.662201 1060.714233
399 104.112167 1056.674805
399 107.345993 1052.460327
399 110.354843 1048.082520
399 113.130432 1043.553101
399 115.665176 1038.884766
399 117.952118 1034.090088
399 119.984985 1029.182251
399 121.758224 1024.174805
399 123.266953 1019.081421
399 124.507050 1013.916016
399 125.475128 1008.692810
399 126.168503 1003.426086
399 126.585281 998.130310
399 126.724350 992.820007
399 126.585297 987.509644
399 126.168518 982.213867
399 125.475143 976.947205
399 124.507080 971.723999
399 123.266983 966.558594
399 121.758255 961.465210
399 119.985031 956.457764
399 117.952164 951.549927
399 115.665222 946.755310
399 113.130493 942.086853
399 110.354904 937.557495
399 107.346069 933.179626
399 104.112244 928.965210
399 100.662292 924.925781
399 97.005646 921.072510
399 93.152344 917.415833
399 89.112961 913.965881
399 84.898560 910.732056
399 80.520676 907.723206
399 75.991325 904.947632
399 71.322922 902.412842
399 66.528252 900.125916
399 61.620464 898.093018
399 56.613014 896.319763
399 51.519619 894.811035
399 46.354244 893.570923
399 41.131046 892.602844
399 35.864342 891.909485
399 30.568565 891.492676
399 25.258232 891.353577
399 19.947899 891.492676
399 14.652122 891.909424
399 9.385414 892.602783
399 4.162210 893.570801
399 -1.003170 894.810913
399 -6.096569 896.319641
399 -11.104031 898.092834
399 -16.011826 900.125732
399 -20.806503 902.412659
399 -25.474918 904.947388
399 -30.004280 907.722961
399 -34.382175 910.731750
399 -38.596600 913.965576
399 -42.636005 917.415527
399 -46.489315 921.072144
399 -50.145969 924.925476
399 -53.595951 928.964844
399 -56.829815 933.179260
399 -59.838680 937.557190
399 -62.614292 942.086548
399 -65.149063 946.754944
399 -67.436020 951.549622
399 -69.468918 956.457458
399 -71.242172 961.464905
399 -72.750916 966.558350
399 -73.991028 971.723755
399 -74.959106 976.946960
399 -75.652481 982.213684
399 -76.069290 987.509521
399 -76.208344 992.819824
399 -76.069290 998.130188
399 -75.652512 1003.426025
399 -74.959137 1008.692749
399 -73.991074 1013.915955
399 -72.750961 1019.081360
399 -71.242233 1024.174805
399 -69.468994 1029.182251
399 -67.436096 1034.090088
399 -65.149155 1038.884766
399 -62.614391 1043.553223
399 -59.838779 1048.082520
399 -56.829929 1052.460449
399 -53.596073 1056.674927
399 -50.146084 1060.714355
399 -46.489414 1064.567627
399 -42.636097 1068.224243
399 -38.596672 1071.674194
399 -34.382233 1074.908081
399 -30.004322 1077.916870
399 -25.474941 1080.692505
399 -20.806499 1083.227295
399 -16.011799 1085.514160
399 -11.103985 1087.547119
399 -6.096500 1089.320313
399 -1.003077 1090.828979
399 4.162331 1092.069092
399 9.385559 1093.037109
399 14.652292 1093.730469
399 19.948095 1094.147217
429 27.537930 1089.564453
429 32.834736 1089.425781
429 38.117023 1089.010010
429 43.370316 1088.318481
429 48.580212 1087.352783
429 53.732430 1086.115967
429 58.812859 1084.610962
429 63.807556 1082.842285
429 68.702850 1080.814575
429 73.485306 1078.533447
429 78.141823 1076.005249
429 82.659637 1073.236694
429 87.026375 1070.235474
429 91.230057 1067.009888
429 95.259155 1063.568726
429 99.102646 1059.921387
429 102.749969 1056.077881
429 106.191147 1052.048828
429 109.416748 1047.845093
429 112.417923 1043.478394
429 115.186447 1038.960571
429 117.714722 1034.304077
429 119.995834 1029.521606
429 122.023529 1024.626343
429 123.792252 1019.631653
429 125.297134 1014.551208
429 126.534073 1009.398987
429 127.499680 1004.189087
429 128.191284 998.935852
429 128.607010 993.653564
429 128.745712 988.356750
429 128.607025 983.059937
429 128.191299 977.777649
429 127.499695 972.524353
429 126.534103 967.314514
429 125.297165 962.162292
429 123.792282 957.081848
429 122.023575 952.087158
429 119.995880 947.191895
429 117.714783 942.409424
429 115.186508 937.752869
429 112.417984 933.235107
429 109.416824 928.868347
429 106.191238 924.664673
429 102.750061 920.635559
429 99.102737 916.792114
429 95.259262 913.144775
429 91.230179 909.703552
429 87.026505 906.477966
429 82.659782 903.476807
429 78.141975 900.708252
429 73.485458 898.179993
429 68.703018 895.898865
429 63.807735 893.871155
429 58.813042 892.102417
429 53.732628 890.597534
429 48.580414 889.360596
429 43.370529 888.394958
429 38.117245 887.703369
429 32.834961 887.287598
429 27.538162 887.148926
429 22.241362 887.287598
429 16.959078 887.703308
429 11.705791 888.394897
429 6.495899 889.360474
429 1.343679 890.597412
429 -3.736740 892.102295
429 -8.731441 893.870972
429 -13.626728 895.898682
429 -18.409191 898.179749
429 -23.065712 900.708008
429 -27.583530 903.476563
429 -31.950268 906.477661
429 -36.153954 909.703247
429 -40.183064 913.144409
429 -44.026562 916.791748
429 -47.673893 920.635193
429 -51.115086 924.664307
429 -54.340702 928.867981
429 -57.341908 933.234741
429 -60.110447 937.752563
429 -62.638752 942.409058
429 -64.919891 947.191528
429 -66.947601 952.086853
429 -68.716324 957.081543
429 -70.221237 962.161987
429 -71.458191 967.314270
429 -72.423798 972.524170
429 -73.115417 977.777466
429 -73.531143 983.059753
429 -73.669861 988.356567
429 -73.531158 993.653442
429 -73.115433 998.935730
429 -72.423828 1004.189026
429 -71.458221 1009.398926
429 -70.221283 1014.551208
429 -68.716385 1019.631653
429 -66.947678 1024.626343
429 -64.919968 1029.521606
429 -62.638836 1034.304077
429 -60.110538 1038.960693
429 -57.342007 1043.478516
429 -54.340816 1047.845215
429 -51.115208 1052.048950
429 -47.674000 1056.078003
429 -44.026653 1059.921509
429 -40.183155 1063.568848
429 -36.154026 1067.010010
429 -31.950329 1070.235596
429 -27.583572 1073.236816
429 -23.065731 1076.005371
429 -18.409187 1078.533569
429 -13.626705 1080.814697
429 -8.731396 1082.842407
429 -3.736671 1084.611084
429 1.343775 1086.115967
429 6.496017 1087.352905
429 11.705936 1088.318481
429 16.959248 1089.010132
429 22.241556 1089.425781
459 18.332500 1051.854858
459 22.526482 1051.745117
459 26.708965 1051.415894
459 30.868492 1050.868286
459 34.993660 1050.103760
459 39.073154 1049.124390
459 43.095802 1047.932739
459 47.050579 1046.532349
459 50.926640 1044.926758
459 54.713364 1043.120605
459 58.400368 1041.118774
459 61.977551 1038.926636
459 65.435104 1036.550293
459 68.763550 1033.996338
459 71.953773 1031.271606
459 74.997025 1028.383667
459 77.884964 1025.340454
459 80.609665 1022.150208
459 83.163666 1018.821777
459 85.539993 1015.364197
459 87.732086 1011.787048
459 89.733963 1008.100037
459 91.540131 1004.313354
459 93.145645 1000.437256
459 94.546112 996.482483
459 95.737671 992.459839
459 96.717072 988.380371
459 97.481628 984.255188
459 98.029236 980.095703
459 98.358414 975.913208
459 98.468231 971.719238
459 98.358414 967.525269
459 98.029251 963.342773
459 97.481644 959.183228
459 96.717087 955.058105
459 95.737701 950.978577
459 94.546127 946.955933
459 93.145676 943.001160
459 91.540161 939.125122
459 89.734009 935.338379
459 87.732132 931.651367
459 85.540039 928.074219
459 83.163727 924.616638
459 80.609726 921.288208
459 77.885033 918.097961
459 74.997101 915.054749
459 71.953857 912.166809
459 68.763649 909.442078
459 65.435211 906.888062
459 61.977661 904.511780
459 58.400486 902.319641
459 54.713490 900.317749
459 50.926773 898.511597
459 47.050720 896.906067
459 43.095955 895.505615
459 39.073311 894.314026
459 34.993820 893.334656
459 30.868660 892.570068
459 26.709141 892.022461
459 22.526661 891.693298
459 18.332684 891.583435
459 14.138708 891.693237
459 9.956227 892.022400
459 5.796706 892.570007
459 1.671543 893.334595
459 -2.407953 894.313965
459 -6.430601 895.505493
459 -10.385376 896.905945
459 -14.261436 898.511475
459 -18.048161 900.317627
459 -21.735165 902.319458
459 -25.312351 904.511597
459 -28.769905 906.887878
459 -32.098358 909.441833
459 -35.288586 912.166565
459 -38.331844 915.054443
459 -41.219784 918.097717
459 -43.944496 921.287903
459 -46.498524 924.616394
459 -48.874859 928.073914
459 -51.066967 931.651123
459 -53.068867 935.338135
459 -54.875057 939.124878
459 -56.480587 943.000916
459 -57.881062 946.955688
459 -59.072636 950.978394
459 -60.052052 955.057861
459 -60.816616 959.183044
459 -61.364231 963.342590
459 -61.693401 967.525085
459 -61.803234 971.719116
459 -61.693417 975.913086
459 -61.364246 980.095581
459 -60.816639 984.255127
459 -60.052074 988.380310
459 -59.072674 992.459839
459 -57.881107 996.482483
459 -56.480648 1000.437256
459 -54.875118 1004.313354
459 -53.068935 1008.100098
459 -51.067043 1011.787109
459 -48.874935 1015.364319
459 -46.498615 1018.821838
459 -43.944592 1022.150330
459 -41.219868 1025.340576
459 -38.331921 1028.383789
459 -35.288658 1031.271729
459 -32.098415 1033.996460
459 -28.769955 1036.550415
459 -25.312382 1038.926758
459 -21.735184 1041.118896
459 -18.048157 1043.120728
459 -14.261417 1044.926880
459 -10.385340 1046.532471
459 -6.430546 1047.932861
459 -2.407879 1049.124390
459 1.671637 1050.103760
459 5.796821 1050.868408
459 9.956363 1051.416016
459 14.138863 1051.745117
489 54.079945 1006.539001
489 58.506271 1006.423096
489 62.920464 1006.075684
489 67.310425 1005.497742
489 71.664124 1004.690857
489 75.969620 1003.657227
489 80.215126 1002.399597
489 84.388992 1000.921570
489 88.479782 999.227112
489 92.476288 997.320862
489 96.367554 995.208069
489 100.142914 992.894531
489 103.792007 990.386597
489 107.304855 987.691101
489 110.671814 984.815430
489 113.883652 981.767517
489 116.931580 978.555664
489 119.807236 975.188721
489 122.502731 971.675903
489 125.010696 968.026794
489 127.324234 964.251404
489 129.437012 960.360168
489 131.343246 956.363647
489 133.037704 952.272888
489 134.515747 948.098999
489 135.773331 943.853516
489 136.806976 939.548035
489 137.613892 935.194336
489 138.191849 930.804382
489 138.539261 926.390198
489 138.655167 921.963867
489 138.539261 917.537537
489 138.191864 913.123352
489 137.613907 908.733398
489 136.807007 904.379700
489 135.773346 900.074219
489 134.515778 895.828674
489 133.037735 891.654846
489 131.343277 887.564026
489 129.437057 883.567566
489 127.324280 879.676270
489 125.010742 875.900940
489 122.502792 872.251831
489 119.807297 868.739014
489 116.931656 865.372009
489 113.883743 862.160156
489 110.671906 859.112244
489 107.304955 856.236572
489 103.792122 853.541077
489 100.143028 851.033142
489 96.367676 848.719604
489 92.476425 846.606812
489 88.479927 844.700562
489 84.389145 843.006104
489 80.215279 841.528076
489 75.969788 840.270447
489 71.664291 839.236816
489 67.310600 838.429871
489 62.920647 837.851929
489 58.506458 837.504517
489 54.080139 837.388611
489 49.653820 837.504517
489 45.239632 837.851868
489 40.849670 838.429810
489 36.495979 839.236694
489 32.190479 840.270386
489 27.944979 841.527954
489 23.771111 843.005981
489 19.680317 844.700439
489 15.683811 846.606628
489 11.792549 848.719421
489 8.017189 851.032959
489 4.368088 853.540894
489 0.855236 856.236328
489 -2.511726 859.112000
489 -5.723579 862.159912
489 -8.771507 865.371704
489 -11.647167 868.738708
489 -14.342686 872.251526
489 -16.850666 875.900635
489 -19.164227 879.676025
489 -21.277027 883.567261
489 -23.183277 887.563782
489 -24.877758 891.654602
489 -26.355816 895.828491
489 -27.613400 900.073975
489 -28.647076 904.379517
489 -29.453991 908.733215
489 -30.031948 913.123169
489 -30.379360 917.537415
489 -30.495274 921.963745
489 -30.379368 926.390076
489 -30.031971 930.804260
489 -29.454021 935.194275
489 -28.647106 939.547974
489 -27.613445 943.853455
489 -26.355862 948.098999
489 -24.877819 952.272888
489 -23.183346 956.363708
489 -21.277103 960.360229
489 -19.164303 964.251465
489 -16.850758 968.026855
489 -14.342785 971.675964
489 -11.647274 975.188782
489 -8.771599 978.555786
489 -5.723660 981.767639
489 -2.511803 984.815552
489 0.855179 987.691223
489 4.368034 990.386719
489 8.017155 992.894653
489 11.792530 995.208191
489 15.683815 997.320984
489 19.680340 999.227234
489 23.771149 1000.921692
489 27.945036 1002.399719
489 32.190559 1003.657288
489 36.496078 1004.690918
489 40.849792 1005.497803
489 45.239773 1006.075745
489 49.653980 1006.423157
519 27.591333 1052.445190
519 31.988581 1052.329956
519 36.373772 1051.984863
519 40.734898 1051.410767
519 45.059994 1050.609131
519 49.337208 1049.582275
519 53.554821 1048.332886
519 57.701267 1046.864624
519 61.765190 1045.181274
519 65.735435 1043.287598
519 69.601135 1041.188599
519 73.351692 1038.890259
519 76.976822 1036.398804
519 80.466583 1033.721069
519 83.811424 1030.864258
519 87.002167 1027.836426
519 90.030075 1024.645630
519 92.886833 1021.300781
519 95.564621 1017.811035
519 98.056107 1014.185913
519 100.354446 1010.435364
519 102.453354 1006.569641
519 104.347061 1002.599426
519 106.030388 998.535461
519 107.498726 994.389038
519 108.748032 990.171448
519 109.774902 985.894226
519 110.576515 981.569153
519 111.150665 977.208008
519 111.495789 972.822815
519 111.610939 968.425598
519 111.495796 964.028320
519 111.150681 959.643127
519 110.576530 955.282043
519 109.774918 950.956970
519 108.748062 946.679749
519 107.498749 942.462097
519 106.030418 938.315674
519 104.347092 934.251770
519 102.453392 930.281494
519 100.354492 926.415833
519 98.056160 922.665283
519 95.564682 919.040161
519 92.886894 915.550354
519 90.030151 912.205505
519 87.002251 909.014771
519 83.811516 905.986877
519 80.466682 903.130127
519 76.976929 900.452332
519 73.351807 897.960815
519 69.601265 895.662476
519 65.735565 893.563599
519 61.765327 891.669861
519 57.701416 889.986511
519 53.554977 888.518188
519 49.337372 887.268860
519 45.060162 886.242004
519 40.735073 885.440369
519 36.373955 884.866211
519 31.988768 884.521118
519 27.591526 884.405945
519 23.194284 884.521057
519 18.809093 884.866150
519 14.447977 885.440308
519 10.122883 886.241943
519 5.845669 887.268799
519 1.628059 888.518066
519 -2.518389 889.986389
519 -6.582308 891.669739
519 -10.552561 893.563416
519 -14.418261 895.662292
519 -18.168814 897.960632
519 -21.793947 900.452087
519 -25.283716 903.129883
519 -28.628565 905.986633
519 -31.819315 909.014526
519 -34.847221 912.205261
519 -37.703995 915.550049
519 -40.381805 919.039856
519 -42.873306 922.664978
519 -45.171669 926.415527
519 -47.270584 930.281250
519 -49.164314 934.251526
519 -50.847664 938.315430
519 -52.316010 942.461914
519 -53.565338 946.679504
519 -54.592216 950.956726
519 -55.393837 955.281860
519 -55.967995 959.643005
519 -56.313126 964.028198
519 -56.428276 968.425476
519 -56.313133 972.822693
519 -55.968018 977.207947
519 -55.393860 981.569092
519 -54.592247 985.894165
519 -53.565376 990.171387
519 -52.316063 994.389038
519 -50.847725 998.535522
519 -49.164383 1002.599426
519 -47.270660 1006.569702
519 -45.171745 1010.435425
519 -42.873398 1014.185974
519 -40.381897 1017.811096
519 -37.704094 1021.300903
519 -34.847313 1024.645752
519 -31.819395 1027.836426
519 -28.628637 1030.864380
519 -25.283777 1033.721191
519 -21.793997 1036.398926
519 -18.168852 1038.890381
519 -14.418276 1041.188721
519 -10.552557 1043.287720
519 -6.582285 1045.181396
519 -2.518351 1046.864746
519 1.628117 1048.333008
519 5.845747 1049.582275
519 10.122982 1050.609131
519 14.448097 1051.410767
519 18.809235 1051.984863
519 23.194447 1052.330078
549 37.126316 1114.375244
549 42.060257 1114.246094
549 46.980675 1113.858765
549 51.874084 1113.214600
549 56.727066 1112.315063
549 61.526329 1111.162964
549 66.258713 1109.761108
549 70.911240 1108.113525
549 75.471176 1106.224731
549 79.926003 1104.099976
549 84.263519 1101.744873
549 88.471840 1099.166016
549 92.539421 1096.370483
549 96.455124 1093.365845
549 100.208206 1090.160400
549 103.788391 1086.762939
549 107.185852 1083.182739
549 110.391296 1079.429688
549 113.395920 1075.513916
549 116.191483 1071.446289
549 118.770355 1067.238037
549 121.125427 1062.900513
549 123.250275 1058.445679
549 125.139053 1053.885742
549 126.786606 1049.233276
549 128.188400 1044.500854
549 129.340591 1039.701660
549 130.240051 1034.848633
549 130.884277 1029.955200
549 131.271515 1025.034790
549 131.400726 1020.100891
549 131.271530 1015.166931
549 130.884293 1010.246521
549 130.240067 1005.353149
549 129.340607 1000.500122
549 128.188416 995.700867
549 126.786636 990.968506
549 125.139084 986.315979
549 123.250305 981.756042
549 121.125473 977.301208
549 118.770401 972.963745
549 116.191544 968.755371
549 113.395981 964.687805
549 110.391373 960.772095
549 107.185944 957.019043
549 103.788483 953.438843
549 100.208313 950.041382
549 96.455231 946.835938
549 92.539543 943.831299
549 88.471970 941.035767
549 84.263657 938.456909
549 79.926147 936.101807
549 75.471329 933.976929
549 70.911407 932.088135
549 66.258881 930.440613
549 61.526512 929.038818
549 56.727257 927.886597
549 51.874279 926.987122
549 46.980881 926.342896
549 42.060467 925.955627
549 37.126534 925.826416
549 32.192596 925.955627
549 27.272182 926.342834
549 22.378780 926.987061
549 17.525799 927.886475
549 12.726540 929.038696
549 7.994160 930.440491
549 3.341629 932.088013
549 -1.218300 933.976746
549 -5.673130 936.101624
549 -10.010651 938.456665
549 -14.218971 941.035522
549 -18.286560 943.831055
549 -22.202263 946.835693
549 -25.955357 950.041077
549 -29.535549 953.438538
549 -32.933018 957.018738
549 -36.138462 960.771790
549 -39.143108 964.687500
549 -41.938709 968.755066
549 -44.517582 972.963379
549 -46.872684 977.300903
549 -48.997547 981.755737
549 -50.886349 986.315735
549 -52.533916 990.968262
549 -53.935719 995.700623
549 -55.087940 1000.499939
549 -55.987392 1005.352905
549 -56.631634 1010.246338
549 -57.018879 1015.166809
549 -57.148090 1020.100769
549 -57.018894 1025.034668
549 -56.631657 1029.955078
549 -55.987423 1034.848511
549 -55.087971 1039.701538
549 -53.935764 1044.500854
549 -52.533970 1049.233276
549 -50.886417 1053.885742
549 -48.997623 1058.445679
549 -46.872768 1062.900635
549 -44.517673 1067.238159
549 -41.938801 1071.446411
549 -39.143215 1075.514038
549 -36.138577 1079.429688
549 -32.933117 1083.182861
549 -29.535633 1086.763062
549 -25.955441 1090.160522
549 -22.202332 1093.365967
549 -18.286613 1096.370605
549 -14.219009 1099.166138
549 -10.010670 1101.744995
549 -5.673130 1104.100098
549 -1.218277 1106.224854
549 3.341671 1108.113647
549 7.994225 1109.761230
549 12.726627 1111.162964
549 17.525909 1112.315186
549 22.378916 1113.214600
549 27.272343 1113.858887
549 32.192780 1114.246094
609 13.160246 1054.410278
609 15.451188 1054.350220
609 17.735851 1054.170410
609 20.007973 1053.871338
609 22.261326 1053.453735
609 24.489731 1052.918701
609 26.687086 1052.267822
609 28.847363 1051.502808
609 30.964643 1050.625854
609 33.033123 1049.639160
609 35.047134 1048.545654
609 37.001152 1047.348267
609 38.889824 1046.050171
609 40.707973 1044.655029
609 42.450619 1043.166748
609 44.112976 1041.589233
609 45.690498 1039.926880
609 47.178856 1038.184204
609 48.573975 1036.366089
609 49.872025 1034.477417
609 51.069450 1032.523315
609 52.162964 1030.509399
609 53.149574 1028.440918
609 54.026581 1026.323608
609 54.791580 1024.163330
609 55.442459 1021.965942
609 55.977455 1019.737549
609 56.395088 1017.484192
609 56.694221 1015.212097
609 56.874031 1012.927429
609 56.934021 1010.636475
609 56.874031 1008.345581
609 56.694221 1006.060913
609 56.395096 1003.788757
609 55.977463 1001.535400
609 55.442474 999.307007
609 54.791588 997.109680
609 54.026596 994.949402
609 53.149597 992.832092
609 52.162987 990.763611
609 51.069473 988.749634
609 49.872047 986.795593
609 48.574005 984.906921
609 47.178894 983.088806
609 45.690536 981.346130
609 44.113022 979.683777
609 42.450665 978.106262
609 40.708023 976.617920
609 38.889881 975.222778
609 37.001213 973.924744
609 35.047195 972.727295
609 33.033192 971.633789
609 30.964716 970.647156
609 28.847439 969.770142
609 26.687168 969.005188
609 24.489817 968.354248
609 22.261414 967.819275
609 20.008064 967.401672
609 17.735947 967.102539
609 15.451286 966.922729
609 13.160346 966.862671
609 10.869407 966.922668
609 8.584745 967.102478
609 6.312626 967.401611
609 4.059276 967.819214
609 1.830870 968.354248
609 -0.366484 969.005127
609 -2.526760 969.770081
609 -4.644041 970.647095
609 -6.712521 971.633728
609 -8.726532 972.727234
609 -10.680552 973.924622
609 -12.569225 975.222656
609 -14.387377 976.617798
609 -16.130024 978.106140
609 -17.792389 979.683655
609 -19.369913 981.346008
609 -20.858274 983.088623
609 -22.253401 984.906799
609 -23.551462 986.795471
609 -24.748892 988.749512
609 -25.842421 990.763489
609 -26.829042 992.831970
609 -27.706057 994.949280
609 -28.471060 997.109558
609 -29.121950 999.306885
609 -29.656950 1001.535339
609 -30.074591 1003.788696
609 -30.373724 1006.060791
609 -30.553534 1008.345459
609 -30.613527 1010.636414
609 -30.553537 1012.927368
609 -30.373732 1015.212036
609 -30.074602 1017.484192
609 -29.656965 1019.737549
609 -29.121973 1021.965942
609 -28.471087 1024.163330
609 -27.706087 1026.323608
609 -26.829077 1028.440918
609 -25.842459 1030.509399
609 -24.748934 1032.523438
609 -23.551504 1034.477417
609 -22.253450 1036.366089
609 -20.858328 1038.184204
609 -19.369959 1039.926880
609 -17.792431 1041.589233
609 -16.130064 1043.166748
609 -14.387409 1044.655151
609 -12.569252 1046.050293
609 -10.680569 1047.348267
609 -8.726540 1048.545776
609 -6.712521 1049.639282
609 -4.644030 1050.625854
609 -2.526741 1051.502808
609 -0.366453 1052.267822
609 1.830910 1052.918701
609 4.059327 1053.453735
609 6.312689 1053.871338
609 8.584820 1054.170410
609 10.869492 1054.350220
