39.136047
43.757305
48.365898
52.949196
57.494629
61.989738
66.422211
70.779900
75.050842
79.223358
83.285995
87.227615
91.037415
94.704971
98.220207
101.573502
104.755653
107.757950
110.572159
113.190567
115.605995
117.811821
119.802010
121.571091
123.114227
124.427185
125.506363
126.348816
126.952217
127.314919
127.435936
127.314926
126.952225
126.348831
125.506386
124.427208
123.114258
121.571121
119.802040
117.811867
115.606049
113.190620
110.572220
107.758018
104.755737
101.573586
98.220306
94.705070
91.037537
87.227737
83.286118
79.223495
75.050995
70.780052
66.422379
61.989914
57.494804
52.949379
48.366089
43.757504
39.136250
34.514996
29.906406
25.323116
20.777687
16.282576
11.850103
7.492420
3.221470
-0.951042
-5.013676
-8.955299
-12.765110
-16.432663
-19.947906
-23.301208
-26.483368
-29.485672
-32.299904
-34.918335
-37.333778
-39.539627
-41.529831
-43.298927
-44.842079
-46.155052
-47.234245
-48.076706
-48.680115
-49.042824
-49.163841
-49.042831
-48.680130
-48.076729
-47.234276
-46.155098
-44.842133
-43.298996
-41.529900
-39.539703
-37.333862
-34.918419
-32.300003
-29.485779
-26.483459
-23.301292
-19.947987
-16.432724
-12.765160
-8.955338
-5.013695
-0.951038
3.221493
7.492460
11.850164
16.282658
20.777792
25.323244
29.906555
34.515167
37.891899
44.216881
50.524529
56.797554
63.018753
69.171089
75.237686
81.201920
87.047447
92.758240
98.318649
103.713432
108.927803
113.947472
118.758675
123.348228
127.703560
131.812714
135.664429
139.248169
142.554108
145.573151
148.297058
150.718353
152.830414
154.627411
156.104446
157.257477
158.083344
158.579773
158.745392
158.579773
158.083359
157.257507
156.104477
154.627441
152.830444
150.718399
148.297119
145.573212
142.554169
139.248260
135.664520
131.812805
127.703667
123.348351
118.758804
113.947617
108.927963
103.713600
98.318832
92.758430
87.047653
81.202133
75.237907
69.171318
63.018997
56.797806
50.524792
44.217152
37.892178
31.567200
25.259560
18.986542
12.765343
6.613014
0.546417
-5.417816
-11.263340
-16.974136
-22.534550
-27.929337
-33.143707
-38.163383
-42.974602
-47.564163
-51.919495
-56.028664
-59.880417
-63.464188
-66.770134
-69.789215
-72.513145
-74.934464
-77.046532
-78.843559
-80.320625
-81.473671
-82.299538
-82.795967
-82.961601
-82.795982
-82.299561
-81.473701
-80.320663
-78.843613
-77.046608
-74.934555
-72.513245
-69.789322
-66.770248
-63.464310
-59.880554
-56.028809
-51.919624
-47.564278
-42.974709
-38.163467
-33.143784
-27.929382
-22.534573
-16.974136
-11.263313
-5.417763
0.546501
6.613127
12.765486
18.986715
25.259762
31.567432
42.564323
49.596256
56.608910
63.583076
70.499626
77.339607
84.084274
90.715134
97.214020
103.563110
109.745010
115.742775
121.539955
127.120674
132.469635
137.572159
142.414291
146.982727
151.264954
155.249268
158.924683
162.281189
165.309540
168.001465
170.349579
172.347443
173.989563
175.271484
176.189636
176.741547
176.925690
176.741577
176.189667
175.271515
173.989594
172.347473
170.349609
168.001526
165.309601
162.281250
158.924774
155.249329
151.265045
146.982819
142.414398
137.572296
132.469788
127.120834
121.540131
115.742958
109.745209
103.563324
97.214241
90.715370
84.084518
77.339867
70.499893
63.583355
56.609203
49.596554
42.564632
35.532707
28.520058
21.545902
14.629356
7.789379
1.044716
-5.586147
-12.085030
-18.434128
-24.616028
-30.613792
-36.410980
-41.991707
-47.340675
-52.443214
-57.285347
-61.853798
-66.136063
-70.120399
-73.795853
-77.152374
-80.180771
-82.872719
-85.220848
-87.218727
-88.860893
-90.142815
-91.060982
-91.612907
-91.797050
-91.612923
-91.061012
-90.142845
-88.860939
-87.218803
-85.220932
-82.872810
-80.180870
-77.152496
-73.795982
-70.120529
-66.136215
-61.853958
-57.285492
-52.443344
-47.340797
-41.991806
-36.411064
-30.613846
-24.616058
-18.434120
-12.084999
-5.586086
1.044807
7.789501
14.629515
21.546095
28.520283
35.532967
38.352573
47.245487
56.114025
64.933884
73.680878
82.331047
90.860672
99.246368
107.465164
115.494537
123.312454
130.897522
138.228912
145.286545
152.051102
158.503998
164.627579
170.405029
175.820557
180.859283
185.507416
189.752197
193.582001
196.986328
199.955872
202.482452
204.559174
206.180344
207.341492
208.039459
208.272339
208.039474
207.341507
206.180374
204.559204
202.482498
199.955917
196.986389
193.582062
189.752274
185.507507
180.859390
175.820679
170.405167
164.627731
158.504166
152.051270
145.286743
138.229126
130.897751
123.312714
115.494797
107.465454
99.246674
90.860985
82.331375
73.681229
64.934235
56.114395
47.245865
38.352962
29.460060
20.591528
11.771681
3.024689
-5.625473
-14.155094
-22.540794
-30.759594
-38.788960
-46.606884
-54.191944
-61.523342
-68.580994
-75.345551
-81.798477
-87.922058
-93.699539
-99.115097
-104.153870
-108.802032
-113.046844
-116.876694
-120.281067
-123.250626
-125.777237
-127.853989
-129.475174
-130.636337
-131.334320
-131.567200
-131.334335
-130.636368
-129.475220
-127.854050
-125.777328
-123.250732
-120.281189
-116.876831
-113.046997
-108.802200
-104.154053
-99.115295
-93.699738
-87.922241
-81.798630
-75.345703
-68.581116
-61.523449
-54.192013
-46.606922
-38.788952
-30.759556
-22.540718
-14.154976
-5.625317
3.024887
11.771925
20.591814
29.460388
32.453541
41.809868
51.140549
60.420013
69.622818
78.723740
87.697845
96.520538
105.167618
113.615402
121.840714
129.821030
137.534454
144.959869
152.076920
158.866089
165.308762
171.387299
177.085022
182.386322
187.276657
191.742645
195.772018
199.353760
202.478027
205.136276
207.321213
209.026855
210.248520
210.982864
211.227875
210.982880
210.248550
209.026886
207.321259
205.136322
202.478088
199.353821
195.772095
191.742722
187.276764
182.386429
177.085144
171.387436
165.308929
158.866272
152.077118
144.960083
137.534698
129.821274
121.840973
113.615677
105.167908
96.520844
87.698181
78.724091
69.623177
60.420383
51.140938
41.810265
32.453953
23.097635
13.766962
4.487511
-4.715290
-13.816216
-22.790318
-31.613003
-40.260082
-48.707859
-56.933178
-64.913498
-72.626938
-80.052368
-87.169434
-93.958603
-100.401306
-106.479843
-112.177612
-117.478958
-122.369339
-126.835358
-130.864777
-134.446548
-137.570847
-140.229126
-142.414093
-144.119751
-145.341431
-146.075775
-146.320801
-146.075806
-145.341476
-144.119812
-142.414154
-140.229218
-137.570953
-134.446671
-130.864914
-126.835510
-122.369507
-117.479141
-112.177811
-106.480057
-100.401489
-93.958786
-87.169586
-80.052490
-72.627045
-64.913574
-56.933216
-48.707859
-40.260036
-31.612919
-22.790195
-13.816051
-4.715080
4.487766
13.767263
23.097980
45.390453
55.034069
64.651253
74.215645
83.701019
93.081398
102.331055
111.424637
120.337234
129.044403
137.522278
145.747635
153.697906
161.351334
168.686905
175.684540
182.325043
188.590210
194.462891
199.926971
204.967468
209.570572
213.723679
217.415390
220.635605
223.375473
225.627487
227.385513
228.644684
229.401581
229.654114
229.401596
228.644714
227.385544
225.627533
223.375519
220.635651
217.415466
213.723755
209.570663
204.967575
199.927078
194.463013
188.590363
182.325211
175.684723
168.687103
161.351547
153.698151
145.747894
137.522552
129.044693
120.337540
111.424973
102.331398
93.081757
83.701393
74.216026
64.651649
55.034481
45.390877
35.747272
26.130098
16.565718
7.080341
-2.300030
-11.549683
-20.643269
-29.555859
-38.263035
-46.740917
-54.966267
-62.916553
-70.569977
-77.905579
-84.903214
-91.543732
-97.808914
-103.681641
-109.145767
-114.186295
-118.789444
-122.942581
-126.634338
-129.854584
-132.594482
-134.846542
-136.604568
-137.863754
-138.620651
-138.873199
-138.620682
-137.863800
-136.604630
-134.846603
-132.594559
-129.854691
-126.634476
-122.942734
-118.789612
-114.186478
-109.145950
-103.681839
-97.809143
-91.543930
-84.903397
-77.905731
-70.570114
-62.916668
-54.966343
-46.740955
-38.263027
-29.555820
-20.643185
-11.549557
-2.299858
7.080559
16.565981
26.130409
35.747627
33.755238
41.353519
48.930977
56.466843
63.940453
71.331322
78.619202
85.784119
92.806419
99.666870
106.346664
112.827484
119.091568
125.121765
130.901520
136.415009
141.647125
146.583496
151.210632
155.515823
159.487274
163.114090
166.386353
169.295090
171.832321
173.991089
175.765472
177.150635
178.142746
178.739105
178.938080
178.739120
178.142761
177.150665
175.765503
173.991119
171.832367
169.295151
166.386414
163.114166
159.487350
155.515915
151.210739
146.583618
141.647247
136.415161
130.901688
125.121933
119.091766
112.827682
106.346878
99.667099
92.806664
85.784370
78.619476
71.331604
63.940742
56.467140
48.931293
41.353844
33.755569
26.157295
18.579845
11.043991
3.570387
-3.820484
-11.108364
-18.273273
-25.295578
-32.156033
-38.835819
-45.316647
-51.580746
-57.610943
-63.390713
-68.904221
-74.136322
-79.072723
-83.699890
-88.005112
-91.976593
-95.603455
-98.875748
-101.784515
-104.321762
-106.480560
-108.254974
-109.640137
-110.632263
-111.228638
-111.427612
-111.228653
-110.632294
-109.640182
-108.255020
-106.480621
-104.321854
-101.784622
-98.875870
-95.603592
-91.976730
-88.005264
-83.700043
-79.072891
-74.136490
-68.904358
-63.390842
-57.611042
-51.580830
-45.316708
-38.835850
-32.156025
-25.295544
-18.273209
-11.108265
-3.820351
3.570557
11.044199
18.580090
26.157576
31.160177
38.429070
45.678040
52.887222
60.036846
67.107323
74.079269
80.933578
87.651466
94.214508
100.604729
106.804604
112.797142
118.565918
124.095131
129.369598
134.374893
139.097275
143.523819
147.642380
151.441666
154.911270
158.041672
160.824310
163.251556
165.316727
167.014191
168.339310
169.288422
169.858917
170.049271
169.858932
169.288437
168.339340
167.014236
165.316772
163.251587
160.824356
158.041733
154.911331
151.441742
147.642471
143.523911
139.097382
134.375015
129.369736
124.095276
118.566086
112.797325
106.804794
100.604935
94.214729
87.651695
80.933823
74.079529
67.107590
60.037125
52.887512
45.678345
38.429382
31.160496
23.891609
16.642647
9.433475
2.283854
-4.786619
-11.758566
-18.612871
-25.330755
-31.893805
-38.284019
-44.483902
-50.476448
-56.245232
-61.774445
-67.048935
-72.054237
-76.776634
-81.203209
-85.321800
-89.121117
-92.590752
-95.721191
-98.503853
-100.931114
-102.996315
-104.693810
-106.018929
-106.968056
-107.538567
-107.728920
-107.538582
-106.968086
-106.018974
-104.693871
-102.996391
-100.931206
-98.503960
-95.721298
-92.590874
-89.121246
-85.321945
-81.203362
-76.776802
-72.054382
-67.049072
-61.774574
-56.245331
-50.476524
-44.483955
-38.284050
-31.893801
-25.330725
-18.612810
-11.758471
-4.786489
2.284018
9.433674
16.642879
23.891878
41.108906
48.804115
56.478230
64.110222
71.679169
79.164322
86.545166
93.801468
100.913361
107.861313
114.626312
121.189804
127.533798
133.640915
139.494400
145.078217
150.377075
155.376419
160.062576
164.422684
168.444809
172.117889
175.431885
178.377731
180.947327
183.133621
184.930649
186.333481
187.338242
187.942215
188.143723
187.942215
187.338257
186.333496
184.930679
183.133667
180.947357
178.377777
175.431946
172.117950
168.444885
164.422775
160.062683
155.376541
150.377213
145.078369
139.494568
133.641098
127.533997
121.190018
114.626541
107.861542
100.913605
93.801727
86.545441
79.164597
71.679459
64.110527
56.478550
48.804443
41.109245
33.414043
25.739935
18.107952
10.539013
3.053864
-4.326981
-11.583290
-18.695171
-25.643139
-32.408138
-38.971630
-45.315632
-51.422756
-57.276257
-62.860088
-68.158936
-73.158310
-77.844498
-82.204636
-86.226776
-89.899902
-93.213943
-96.159805
-98.729431
-100.915756
-102.712799
-104.115646
-105.120422
-105.724396
-105.925919
-105.724411
-105.120453
-104.115692
-102.712860
-100.915833
-98.729523
-96.159912
-93.214066
-89.900040
-86.226913
-82.204788
-77.844666
-73.158478
-68.159103
-62.860226
-57.276386
-51.422855
-45.315723
-38.971691
-32.408169
-25.643131
-18.695137
-11.583221
-4.326881
3.053997
10.539185
18.108162
25.740181
33.414326
53.545773
62.104012
70.638786
79.126717
87.544533
95.869156
104.077774
112.147888
120.057373
127.784576
135.308273
142.607864
149.663345
156.455383
162.965347
169.175400
175.068527
180.628571
185.840271
190.689377
195.162582
199.247620
202.933289
206.209503
209.067276
211.498779
213.497345
215.057495
216.174957
216.846664
217.070770
216.846664
216.174973
215.057526
213.497375
211.498825
209.067337
206.209564
202.933350
199.247696
195.162674
190.689484
185.840393
180.628693
175.068680
169.175568
162.965530
156.455582
149.663559
142.608093
135.308517
127.784821
120.057648
112.148178
104.078079
95.869476
87.544861
79.127060
70.639145
62.104374
53.546146
44.987919
36.453148
27.965227
19.547421
11.222801
3.014183
-5.055931
-12.965420
-20.692608
-28.216312
-35.515919
-42.571407
-49.363453
-55.873432
-62.083500
-67.976624
-73.536682
-78.748428
-83.597565
-88.070801
-92.155869
-95.841583
-99.117828
-101.975632
-104.407166
-106.405746
-107.965912
-109.083389
-109.755096
-109.979218
-109.755112
-109.083420
-107.965973
-106.405807
-104.407242
-101.975723
-99.117950
-95.841705
-92.156006
-88.070953
-83.597733
-78.748611
-73.536880
-67.976807
-62.083652
-55.873577
-49.363567
-42.571507
-35.515987
-28.216351
-20.692608
-12.965382
-5.055859
3.014294
11.222950
19.547611
27.965462
36.453423
44.988235
55.256454
63.870319
72.460571
81.003677
89.476204
97.854935
106.116913
114.239479
122.200378
129.977798
137.550400
144.897446
151.998779
158.834961
165.387253
171.637665
177.569092
183.165283
188.410858
193.291489
197.793762
201.905334
205.614975
208.912476
211.788834
214.236130
216.247696
217.817993
218.942703
219.618774
219.844345
219.618790
218.942734
217.818024
216.247726
214.236191
211.788879
208.912537
205.615036
201.905411
197.793839
193.291580
188.410980
183.165405
177.569244
171.637833
165.387421
158.835175
151.998993
144.897675
137.550644
129.978058
122.200653
114.239769
106.117218
97.855255
89.476532
81.004021
72.460930
63.870686
55.256832
46.642975
38.052731
29.509638
21.037117
12.658386
4.396416
-3.726154
-11.687057
-19.464470
-27.037079
-34.384125
-41.485474
-48.321671
-54.873962
-61.124397
-67.055832
-72.652023
-77.897644
-82.778305
-87.280609
-91.392227
-95.101898
-98.399445
-101.275833
-103.723160
-105.734741
-107.305054
-108.429779
-109.105865
-109.331436
-109.105881
-108.429825
-107.305099
-105.734802
-103.723236
-101.275925
-98.399567
-95.102036
-91.392380
-87.280762
-82.778473
-77.897827
-72.652214
-67.056007
-61.124550
-54.874107
-48.321785
-41.485573
-34.384193
-27.037109
-19.464462
-11.687012
-3.726078
4.396526
12.658539
21.037312
29.509874
38.053009
46.643295
59.910370
68.847061
77.759262
86.622536
95.412598
104.105339
112.676956
121.103943
129.363190
137.432098
145.288498
152.910889
160.278381
167.370758
174.168610
180.653275
186.807007
192.612915
198.055084
203.118622
207.789627
212.055313
215.903961
219.325058
222.309219
224.848236
226.935181
228.564331
229.731201
230.432602
230.666626
230.432617
229.731216
228.564362
226.935211
224.848282
222.309265
219.325119
215.904037
212.055389
207.789719
203.118729
198.055206
192.613037
186.807159
180.653442
174.168793
167.370972
160.278595
152.911133
145.288757
137.432358
129.363480
121.104240
112.677277
104.105667
95.412933
86.622894
77.759628
68.847443
59.910763
50.974079
42.061890
33.198624
24.408573
15.715828
7.144215
-1.282768
-9.542023
-17.610916
-25.467331
-33.089729
-40.457222
-47.549614
-54.347473
-60.832161
-66.985886
-72.791809
-78.234024
-83.297607
-87.968643
-92.234360
-96.083069
-99.504196
-102.488373
-105.027420
-107.114395
-108.743561
-109.910446
-110.611862
-110.845886
-110.611877
-109.910477
-108.743607
-107.114456
-105.027512
-102.488480
-99.504318
-96.083191
-92.234512
-87.968811
-83.297775
-78.234222
-72.792023
-66.986069
-60.832321
-54.347626
-47.549736
-40.457321
-33.089798
-25.467369
-17.610916
-9.541985
-1.282692
7.144333
15.715984
24.408772
33.198868
42.062180
50.974411
59.096397
67.237648
75.356575
83.430939
91.438606
99.357620
107.166290
114.843201
122.367310
129.717987
136.875122
143.819061
150.530762
156.991852
163.184631
169.092102
174.698105
179.987244
184.945007
189.557831
193.813080
197.699097
201.205170
204.321777
207.040314
209.353333
211.254517
212.738647
213.801666
214.440643
214.653839
214.440643
213.801697
212.738678
211.254547
209.353363
207.040344
204.321838
201.205231
197.699158
193.813171
189.557953
184.945114
179.987350
174.698242
169.092270
163.184814
156.992050
150.530975
143.819275
136.875336
129.718231
122.367569
114.843475
107.166580
99.357925
91.438919
83.431267
75.356918
67.237991
59.096756
50.955517
42.836594
34.762234
26.754574
18.835560
11.026901
3.349991
-4.174118
-11.524811
-18.681931
-25.625870
-32.337585
-38.798698
-44.991486
-50.898972
-56.504967
-61.794113
-66.751923
-71.364799
-75.620079
-79.506111
-83.012230
-86.128853
-88.847420
-91.160469
-93.061684
-94.545830
-95.608849
-96.247841
-96.461037
-96.247856
-95.608894
-94.545876
-93.061745
-91.160545
-88.847511
-86.128960
-83.012352
-79.506248
-75.620232
-71.364952
-66.752098
-61.794296
-56.505135
-50.899124
-44.991623
-38.798805
-32.337677
-25.625931
-18.681961
-11.524803
-4.174080
3.350063
11.027004
18.835705
26.754757
34.762459
42.836853
50.955818
64.266281
73.299858
82.308678
91.268044
100.153397
108.940384
117.604927
126.123276
134.472076
142.628448
150.570023
158.275055
165.722412
172.891693
179.763245
186.318207
192.538651
198.407486
203.908676
209.027100
213.748749
218.060669
221.951065
225.409241
228.425751
230.992294
233.101868
234.748672
235.928192
236.637207
236.873764
236.637222
235.928223
234.748703
233.101898
230.992340
228.425797
225.409302
221.951126
218.060760
213.748840
209.027206
203.908798
198.407623
192.538803
186.318375
179.763428
172.891891
165.722641
158.275299
150.570282
142.628708
134.472351
126.123573
117.605247
108.940720
100.153748
91.268402
82.309052
73.300247
64.266678
55.233109
46.224300
37.264946
28.379597
19.592609
10.928070
2.409729
-5.939072
-14.095444
-22.037025
-29.742065
-37.189430
-44.358711
-51.230270
-57.785255
-64.005707
-69.874573
-75.375793
-80.494263
-85.215942
-89.527908
-93.418335
-96.876541
-99.893082
-102.459656
-104.569260
-106.216080
-107.395615
-108.104630
-108.341202
-108.104660
-107.395660
-106.216125
-104.569321
-102.459747
-99.893188
-96.876678
-93.418472
-89.528061
-85.216110
-80.494446
-75.375977
-69.874771
-64.005890
-57.785423
-51.230423
-44.358841
-37.189529
-29.742134
-22.037064
-14.095436
-5.939026
2.409805
10.928188
19.592770
28.379799
37.265190
46.224590
55.233444
48.153309
56.331226
64.486732
72.597466
80.641205
88.595886
96.439728
104.151215
111.709213
119.093018
126.282364
133.257584
139.999527
146.489731
152.710403
158.644485
164.275726
169.588684
174.568787
179.202393
183.476807
187.380310
190.902191
194.032822
196.763596
199.087051
200.996796
202.487625
203.555420
204.197266
204.411423
204.197281
203.555435
202.487656
200.996826
199.087097
196.763641
194.032883
190.902252
187.380386
183.476898
179.202484
174.568893
169.588791
164.275864
158.644638
152.710571
146.489914
139.999725
133.257797
126.282608
119.093262
111.709473
104.151489
96.440018
88.596191
80.641510
72.597794
64.487068
56.331577
48.153667
39.975758
31.820263
23.709536
15.665806
7.711124
-0.132710
-7.844196
-15.402199
-22.785999
-29.975361
-36.950573
-43.692524
-50.182735
-56.403423
-62.337521
-67.968765
-73.281738
-78.261871
-82.895538
-87.169983
-91.073517
-94.595428
-97.726089
-100.456894
-102.780365
-104.690140
-106.180984
-107.248795
-107.890656
-108.104813
-107.890671
-107.248825
-106.181030
-104.690201
-102.780441
-100.456985
-97.726196
-94.595551
-91.073654
-87.170120
-82.895691
-78.262054
-73.281921
-67.968933
-62.337666
-56.403561
-50.182850
-43.692616
-36.950642
-29.975391
-22.785992
-15.402161
-7.844128
-0.132603
7.711269
15.665989
23.709761
31.820526
39.976059
56.418442
63.993568
71.547935
79.060837
86.511665
93.880020
101.145691
108.288773
115.289673
122.129219
128.788651
135.249725
141.494720
147.506531
153.268677
158.765381
163.981537
168.902878
173.515900
177.807983
181.767334
185.383102
188.645386
191.545258
194.074753
196.226944
197.995926
199.376862
200.365952
200.960495
201.158859
200.960510
200.365967
199.376892
197.995956
196.226974
194.074799
191.545303
188.645447
185.383163
181.767395
177.808060
173.516006
168.902985
163.981659
158.765518
153.268845
147.506714
141.494904
135.249924
128.788864
122.129440
115.289917
108.289024
101.145958
93.880295
86.511963
79.061134
71.548248
63.993893
56.418774
48.843655
41.289295
33.776405
26.325575
18.957226
11.691559
4.548481
-2.452423
-9.291969
-15.951408
-22.412483
-28.657486
-34.669312
-40.431465
-45.928169
-51.144341
-56.065689
-60.678749
-64.970863
-68.930237
-72.546036
-75.808365
-78.708267
-81.237778
-83.389999
-85.158997
-86.539948
-87.529053
-88.123596
-88.321976
-88.123627
-87.529083
-86.539993
-85.159058
-83.390060
-81.237869
-78.708359
-75.808472
-72.546173
-68.930374
-64.971008
-60.678917
-56.065865
-51.144493
-45.928307
-40.431595
-34.669411
-28.657570
-22.412537
-15.951431
-9.291962
-2.452389
4.548546
11.691658
18.957363
26.325747
33.776611
41.289539
48.843933
55.027550
62.535645
70.023155
77.469574
84.854469
92.157616
99.358994
106.438858
113.377808
120.156830
126.757332
133.161224
139.350967
145.309570
151.020737
156.468781
161.638794
166.516571
171.088776
175.342865
179.267181
182.850952
186.084381
188.958588
191.465698
193.598846
195.352173
196.720886
197.701233
198.290497
198.487122
198.290527
197.701233
196.720917
195.352203
193.598877
191.465729
188.958649
186.084442
182.851028
179.267258
175.342957
171.088882
166.516693
161.638916
156.468933
151.020889
145.309753
139.351151
133.161438
126.757545
120.157051
113.378052
106.439117
99.359261
92.157898
84.854759
77.469872
70.023468
62.535965
55.027878
47.519794
40.032288
32.585880
25.200985
17.897842
10.696468
3.616604
-3.322350
-10.101372
-16.701874
-23.105774
-29.295517
-35.254135
-40.965302
-46.413361
-51.583374
-56.461174
-61.033409
-65.287537
-69.211876
-72.795685
-76.029137
-78.903374
-81.410515
-83.543678
-85.297035
-86.665764
-87.646111
-88.235390
-88.432014
-88.235420
-87.646141
-86.665794
-85.297081
-83.543739
-81.410591
-78.903481
-76.029259
-72.795815
-69.212013
-65.287682
-61.033577
-56.461349
-51.583527
-46.413498
-40.965431
-35.254242
-29.295601
-23.105835
-16.701904
-10.101364
-3.322315
3.616669
10.696568
17.897976
25.201153
32.586086
40.032528
47.520069
44.399647
50.973080
57.528496
64.047928
70.513504
76.907501
83.212402
89.410912
95.486053
101.421173
107.199997
112.806686
118.225891
123.442734
128.442917
133.212753
137.739166
142.009720
146.012756
149.737259
153.173050
156.310684
159.141586
161.658005
163.853012
165.720596
167.255661
168.453995
169.312286
169.828217
170.000351
169.828217
169.312302
168.454010
167.255692
165.720642
163.853043
161.658051
159.141647
156.310745
153.173111
149.737335
146.012833
142.009827
137.739273
133.212875
128.443054
123.442871
118.226044
112.806870
107.200180
101.421371
95.486267
89.411133
83.212631
76.907745
70.513756
64.048187
57.528767
50.973358
44.399937
37.826508
31.271099
24.751677
18.286104
11.892109
5.587212
-0.611301
-6.686443
-12.621563
-18.400391
-24.007084
-29.426281
-34.643131
-39.643337
-44.413181
-48.939594
-53.210171
-57.213223
-60.937771
-64.373581
-67.511246
-70.342178
-72.858612
-75.053635
-76.921249
-78.456329
-79.654678
-80.512985
-81.028915
-81.201050
-81.028931
-80.513016
-79.654709
-78.456375
-76.921310
-75.053711
-72.858704
-70.342270
-67.511353
-64.373703
-60.937893
-57.213367
-53.210323
-48.939724
-44.413303
-39.643452
-34.643223
-29.426357
-24.007137
-18.400414
-12.621559
-6.686413
-0.611244
5.587299
11.892223
18.286253
24.751856
31.271311
37.826752
33.411346
40.497147
47.563526
54.591118
61.560654
68.453033
75.249367
81.931023
88.479691
94.877426
101.106682
107.150391
112.991982
118.615456
124.005394
129.147003
134.026230
138.629669
142.944702
146.959534
150.663116
154.045319
157.096878
159.809418
162.175522
164.188675
165.843399
167.135132
168.060333
168.616470
168.802017
168.616470
168.060349
167.135147
165.843430
164.188721
162.175568
159.809479
157.096924
154.045380
150.663177
146.959595
142.944794
138.629761
134.026352
129.147141
124.005539
118.615616
112.992165
107.150581
101.106880
94.877640
88.479919
81.931259
75.249619
68.453293
61.560921
54.591400
47.563820
40.497448
33.411659
26.325865
19.259491
12.231911
5.262379
-1.629997
-8.426331
-15.107986
-21.656658
-28.054390
-34.283653
-40.327362
-46.168961
-51.792442
-57.182381
-62.324013
-67.203239
-71.806686
-76.121758
-80.136612
-83.840225
-87.222466
-90.274055
-92.986626
-95.352753
-97.365936
-99.020676
-100.312408
-101.237625
-101.793762
-101.979324
-101.793777
-101.237656
-100.312454
-99.020721
-97.365997
-95.352829
-92.986725
-90.274155
-87.222588
-83.840355
-80.136749
-76.121910
-71.806847
-67.203384
-62.324142
-57.182503
-51.792534
-46.169044
-40.327415
-34.283676
-28.054386
-21.656624
-15.107925
-8.426235
-1.629875
5.262539
12.232105
19.259720
26.326126
42.250355
49.170132
56.070946
62.933876
69.740112
76.471001
83.108093
89.633202
96.028435
102.276268
108.359573
114.261673
119.966400
125.458115
130.721756
135.742905
140.507797
145.003372
149.217316
153.138062
156.754883
160.057846
163.037903
165.686890
167.997543
169.963547
171.579483
172.840942
173.744476
174.287582
174.468781
174.287582
173.744492
172.840973
171.579514
169.963577
167.997589
165.686935
163.037949
160.057907
156.754944
153.138138
149.217407
145.003479
140.507919
135.743042
130.721893
125.458267
119.966568
114.261856
108.359772
102.276474
96.028656
89.633438
83.108337
76.471260
69.740379
62.934151
56.071232
49.170429
42.250660
35.330887
28.430082
21.567160
14.760925
8.030037
1.392948
-5.132156
-11.527390
-17.775223
-23.858532
-29.760632
-35.465366
-40.957081
-46.220737
-51.241901
-56.006802
-60.502392
-64.716354
-68.637146
-72.253983
-75.556976
-78.537064
-81.186081
-83.496765
-85.462784
-87.078751
-88.340225
-89.243744
-89.786865
-89.968079
-89.786880
-89.243790
-88.340256
-87.078796
-85.462845
-83.496841
-81.186172
-78.537170
-75.557083
-72.254105
-68.637283
-64.716507
-60.502552
-56.006947
-51.242023
-46.220860
-40.957180
-35.465443
-29.760693
-23.858555
-17.775219
-11.527359
-5.132099
1.393036
8.030159
14.761082
21.567348
28.430305
35.331142
43.211765
49.881493
56.532940
63.147873
69.708168
76.195831
82.593094
88.882408
95.046539
101.068604
106.932083
112.620911
118.119492
123.412766
128.486206
133.325912
137.918625
142.251755
146.313416
150.092484
153.578598
156.762207
159.634583
162.187851
164.415009
166.309967
167.867508
169.083405
169.954269
170.477753
170.652405
170.477753
169.954285
169.083420
167.867538
166.309998
164.415054
162.187897
159.634628
156.762268
153.578674
150.092560
146.313507
142.251846
137.918747
133.326035
128.486343
123.412918
118.119659
112.621094
106.932281
101.068802
95.046753
88.882629
82.593323
76.196075
69.708420
63.148140
56.533218
49.881779
43.212059
36.542336
29.890896
23.275969
16.715681
10.228020
3.830761
-2.458553
-8.622692
-14.644756
-20.508236
-26.197063
-31.695652
-36.988926
-42.062374
-46.902096
-51.494816
-55.827953
-59.889645
-63.668751
-67.154892
-70.338531
-73.210938
-75.764221
-77.991409
-79.886383
-81.443954
-82.659851
-83.530731
-84.054214
-84.228882
-84.054230
-83.530762
-82.659882
-81.444000
-79.886444
-77.991486
-75.764313
-73.211029
-70.338638
-67.155014
-63.668880
-59.889790
-55.828106
-51.494953
-46.902218
-42.062489
-36.989017
-31.695728
-26.197117
-20.508263
-14.644753
-8.622662
-2.458496
3.830849
10.228138
16.715832
23.276150
29.891109
36.542583
46.101921
51.338207
56.560143
61.753414
66.903786
71.997139
77.019516
81.957146
86.796509
91.524323
96.127640
100.593842
104.910675
109.066330
113.049400
116.848961
120.454628
123.856491
127.045227
130.012115
132.749008
135.248398
137.503448
139.507965
141.256485
142.744171
143.966980
144.921539
145.605255
146.016235
146.153351
146.016235
145.605270
144.921570
143.967010
142.744202
141.256500
139.508011
137.503479
135.248444
132.749054
130.012177
127.045303
123.856567
120.454720
116.849068
113.049507
109.066444
104.910805
100.593979
96.127785
91.524475
86.796669
81.957321
77.019699
71.997330
66.903984
61.753624
56.560360
51.338432
46.102150
40.865868
35.643940
30.450674
25.300306
20.206957
15.184582
10.246948
5.407593
0.679775
-3.923542
-8.389744
-12.706589
-16.862244
-20.845322
-24.644905
-28.250565
-31.652435
-34.841202
-37.808113
-40.545021
-43.044434
-45.299507
-47.304054
-49.052582
-50.540291
-51.763115
-52.717690
-53.401398
-53.812386
-53.949509
-53.812393
-53.401428
-52.717720
-51.763145
-50.540337
-49.052643
-47.304123
-45.299591
-43.044525
-40.545113
-37.808212
-34.841316
-31.652557
-28.250671
-24.644997
-20.845413
-16.862316
-12.706650
-8.389786
-3.923565
0.679775
5.407616
10.246994
15.184650
20.207048
25.300425
30.450817
35.644108
40.866062
29.908489
34.301117
38.681702
43.038239
47.358791
51.631512
55.844692
59.986782
64.046432
68.012512
71.874146
75.620758
79.242081
82.728180
86.069504
89.256889
92.281616
95.135376
97.810349
100.299210
102.595139
104.691833
106.583557
108.265121
109.731903
110.979904
112.005692
112.806458
113.380020
113.724777
113.839798
113.724777
113.380020
112.806473
112.005707
110.979935
109.731934
108.265152
106.583588
104.691879
102.595184
100.299271
97.810410
95.135437
92.281693
89.256973
86.069595
82.728271
79.242188
75.620880
71.874268
68.012634
64.046570
59.986931
55.844849
51.631676
47.358959
43.038414
38.681885
34.301304
29.908682
25.516062
21.135479
16.778946
12.458397
8.185677
3.972500
-0.169590
-4.229237
-8.195320
-12.056957
-15.803570
-19.424892
-22.910995
-26.252327
-29.439724
-32.464451
-35.318218
-37.993214
-40.482098
-42.778042
-44.874760
-46.766499
-48.448071
-49.914883
-51.162891
-52.188694
-52.989475
-53.563023
-53.907795
-54.022823
-53.907803
-53.563046
-52.989498
-52.188725
-51.162930
-49.914928
-48.448132
-46.766560
-44.874836
-42.778126
-40.482189
-37.993313
-35.318317
-32.464539
-29.439804
-26.252403
-22.911057
-19.424942
-15.803608
-12.056976
-8.195316
-4.229218
-0.169554
3.972557
8.185755
12.458494
16.779064
21.135620
25.516224
54.890068
59.964336
65.024696
70.057281
75.048286
79.984047
84.851021
89.635880
94.325500
98.907028
103.367905
107.695923
111.879181
115.906250
119.766083
123.448090
126.942184
130.238785
133.328857
136.203949
138.856155
141.278214
143.463486
145.405991
147.100403
148.542053
149.727020
150.652069
151.314606
151.712875
151.845749
151.712875
151.314621
150.652069
149.727051
148.542084
147.100433
145.406036
143.463531
141.278259
138.856201
136.204010
133.328934
130.238861
126.942268
123.448181
119.766190
115.906372
111.879318
107.696053
103.368057
98.907181
94.325653
89.636047
84.851204
79.984230
75.048485
70.057480
65.024910
59.964554
54.890289
49.816029
44.755672
39.723095
34.732086
29.796333
24.929359
20.144505
15.454887
10.873352
6.412472
2.084461
-2.098812
-6.125889
-9.985725
-13.667740
-17.161835
-20.458450
-23.548546
-26.423653
-29.075882
-31.497963
-33.683258
-35.625778
-37.320206
-38.761879
-39.946869
-40.871910
-41.534462
-41.932732
-42.065613
-41.932739
-41.534485
-40.871933
-39.946899
-38.761925
-37.320259
-35.625847
-33.683334
-31.498047
-29.075974
-26.423752
-23.548660
-20.458565
-17.161942
-13.667831
-9.985809
-6.125957
-2.098873
2.084419
6.412449
10.873356
15.454910
20.144550
24.929426
29.796423
34.732201
39.723236
44.755836
49.816216
42.090443
47.192131
52.279831
57.339607
62.357582
67.320007
72.213287
77.023994
81.738953
86.345238
90.830223
95.181618
99.387489
103.436317
107.317001
111.018906
114.531876
117.846298
120.953064
123.843689
126.510223
128.945374
131.142456
133.095444
134.799011
136.248459
137.439835
138.369858
139.035995
139.436401
139.570007
139.436417
139.036011
138.369888
137.439850
136.248489
134.799042
133.095490
131.142487
128.945419
126.510269
123.843750
120.953140
117.846375
114.531967
111.018997
107.317108
103.436432
99.387619
95.181747
90.830368
86.345390
81.739113
77.024170
72.213463
67.320198
62.357780
57.339809
52.280045
47.192345
42.090668
36.988987
31.901287
26.841518
21.823544
16.861120
11.967848
7.157139
2.442181
-2.164108
-6.649094
-11.000488
-15.206367
-19.255199
-23.135891
-26.837803
-30.350780
-33.665203
-36.771999
-39.662640
-42.329197
-44.764370
-46.961475
-48.914486
-50.618069
-52.067532
-53.258923
-54.188961
-54.855099
-55.255520
-55.389118
-55.255527
-54.855122
-54.188992
-53.258961
-52.067585
-50.618122
-48.914562
-46.961544
-44.764454
-42.329288
-39.662739
-36.772106
-33.665318
-30.350880
-26.837894
-23.135975
-19.255268
-15.206425
-11.000530
-6.649113
-2.164104
2.442204
7.157185
11.967915
16.861210
21.823658
26.841658
31.901451
36.989174
42.825161
45.724091
48.615074
51.490189
54.341553
57.161350
59.941856
62.675446
65.354622
67.972054
70.520554
72.993149
75.383049
77.683716
79.888832
81.992355
83.988541
85.871887
87.637253
89.279785
90.794991
92.178711
93.427155
94.536911
95.504929
96.328552
97.005524
97.533997
97.912506
98.140030
98.215942
98.140038
97.912514
97.533997
97.005531
96.328568
95.504944
94.536934
93.427185
92.178741
90.795021
89.279816
87.637283
85.871933
83.988586
81.992416
79.888885
77.683777
75.383118
72.993225
70.520638
67.972137
65.354713
62.675541
59.941956
57.161457
54.341663
51.490303
48.615196
45.724213
42.825287
39.926361
37.035381
34.160271
31.308907
28.489109
25.708607
22.975019
20.295839
17.678410
15.129908
12.657314
10.267410
7.966743
5.761620
3.658085
1.661903
-0.221451
-1.986824
-3.629375
-5.144588
-6.528324
-7.776783
-8.886547
-9.854572
-10.678204
-11.355183
-11.883659
-12.262180
-12.489708
-12.565624
-12.489716
-12.262192
-11.883675
-11.355206
-10.678226
-9.854603
-8.886585
-7.776829
-6.528374
-5.144642
-3.629429
-1.986885
-0.221516
1.661846
3.658031
5.761570
7.966702
10.267376
12.657291
15.129896
17.678411
20.295853
22.975044
25.708645
28.489161
31.308971
34.160347
37.035473
39.926468
51.565174
54.726257
57.878681
61.013798
64.123016
67.197815
70.229759
73.210556
76.132019
78.986145
81.765106
84.461304
87.067329
89.576050
91.980576
94.274338
96.451035
98.504692
100.429703
102.220772
103.873001
105.381851
106.743202
107.953308
109.008865
109.906967
110.645157
111.221420
111.634171
111.882263
111.965042
111.882271
111.634171
111.221436
110.645172
109.906982
109.008881
107.953331
106.743225
105.381882
103.873032
102.220810
100.429741
98.504738
96.451080
94.274399
91.980644
89.576118
87.067406
84.461388
81.765198
78.986237
76.132118
73.210663
70.229874
67.197929
64.123138
61.013924
57.878811
54.726395
51.565311
48.404232
45.251812
42.116699
39.007484
35.932690
32.900742
29.919949
26.998486
24.144358
21.365389
18.669197
16.063168
13.554447
11.149910
8.856148
6.679451
4.625782
2.700764
0.909676
-0.742565
-2.251434
-3.612797
-4.822914
-5.878479
-6.776592
-7.514797
-8.091061
-8.503811
-8.751915
-8.834698
-8.751923
-8.503826
-8.091080
-7.514816
-6.776623
-5.878517
-4.822960
-3.612843
-2.251488
-0.742622
0.909615
2.700695
4.625710
6.679386
8.856091
11.149857
13.554405
16.063133
18.669170
21.365377
24.144360
26.998501
29.919975
32.900780
35.932743
39.007553
42.116787
45.251915
48.404346
58.390602
61.054401
63.710896
66.352814
68.972900
71.563980
74.118958
76.630829
79.092697
81.497826
83.839622
86.111664
88.307716
90.421776
92.448036
94.380951
96.215218
97.945808
99.567978
101.077286
102.469597
103.741089
104.888275
105.908012
106.797508
107.554321
108.176392
108.662003
109.009811
109.218887
109.288635
109.218887
109.009819
108.662003
108.176407
107.554337
106.797523
105.908035
104.888290
103.741104
102.469620
101.077316
99.568016
97.945847
96.215263
94.380997
92.448090
90.421829
88.307785
86.111732
83.839699
81.497910
79.092781
76.630920
74.119057
71.564079
68.973000
66.352913
63.711006
61.054512
58.390720
55.726925
53.070431
50.428520
47.808434
45.217346
42.662373
40.150505
37.688637
35.283504
32.941711
30.669670
28.473612
26.359550
24.333286
22.400368
20.566101
18.835503
17.213318
15.703995
14.311680
13.040180
11.892982
10.873234
9.983723
9.226898
8.604828
8.119217
7.771397
7.562325
7.492565
7.562317
7.771385
8.119202
8.604809
9.226875
9.983696
10.873196
11.892941
13.040134
14.311630
15.703945
17.213261
18.835442
20.566044
22.400318
24.333241
26.359516
28.473581
30.669649
32.941700
35.283508
37.688644
40.150528
42.662407
45.217396
47.808491
50.428593
53.070515
55.727024
