994.135742
994.037964
993.744812
993.257202
992.576294
991.704102
990.643005
989.395874
987.966064
986.357605
984.574890
982.622742
980.506592
978.232178
975.805725
973.233948
970.523804
967.682800
964.718750
961.639648
958.454102
955.170715
951.798523
948.346741
944.824890
941.242615
937.609680
933.936096
930.231934
926.507324
922.772461
919.037598
915.312927
911.608765
907.935181
904.302246
900.719971
897.198120
893.746338
890.374146
887.090759
883.905212
880.826111
877.862061
875.021057
872.310974
869.739136
867.312744
865.038269
862.922119
860.969971
859.187256
857.578735
856.148987
854.901855
853.840698
852.968506
852.287659
851.799988
851.506836
851.409058
851.506836
851.799927
852.287598
852.968445
853.840637
854.901733
856.148865
857.578613
859.187073
860.969788
862.921936
865.038086
867.312500
869.738953
872.310730
875.020813
877.861816
880.825867
883.904968
887.090515
890.373962
893.746155
897.197937
900.719788
904.302063
907.934998
911.608582
915.312805
919.037476
922.772339
926.507202
930.231873
933.936035
937.609680
941.242615
944.824890
948.346741
951.798523
955.170715
958.454163
961.639771
964.718811
967.682922
970.523926
973.234009
975.805786
978.232239
980.506653
982.622864
984.575012
986.357727
987.966187
989.395935
990.643066
991.704224
992.576355
993.257202
993.744873
994.037964
985.289734
985.174316
984.828430
984.252930
983.449463
982.420227
981.168091
979.696350
978.009155
976.111084
974.007324
971.703735
969.206482
966.522522
963.659180
960.624329
957.426270
954.073730
950.575928
946.942444
943.183228
939.308655
935.329285
931.256042
927.100037
922.872742
918.585693
914.250610
909.879456
905.484192
901.076843
896.669495
892.274170
887.903015
883.567993
879.280945
875.053650
870.897644
866.824341
862.844971
858.970398
855.211182
851.577759
848.079956
844.727417
841.529297
838.494446
835.631104
832.947144
830.449951
828.146301
826.042542
824.144470
822.457275
820.985535
819.733337
818.704102
817.900635
817.325195
816.979248
816.863831
816.979248
817.325134
817.900574
818.704041
819.733276
820.985413
822.457153
824.144348
826.042358
828.146118
830.449707
832.946899
835.630859
838.494202
841.529053
844.727112
848.079651
851.577454
855.210938
858.970093
862.844727
866.824097
870.897400
875.053406
879.280701
883.567810
887.902832
892.274048
896.669312
901.076721
905.484070
909.879395
914.250549
918.585632
922.872681
927.100037
931.256042
935.329285
939.308716
943.183350
946.942505
950.575989
954.073792
957.426331
960.624451
963.659302
966.522644
969.206604
971.703796
974.007446
976.111206
978.009277
979.696411
981.168152
982.420349
983.449524
984.252991
984.828430
985.174316
1047.297852
1047.127075
1046.615112
1045.763428
1044.574341
1043.051147
1041.197998
1039.019897
1036.522827
1033.713745
1030.600342
1027.191040
1023.495300
1019.523132
1015.285522
1010.794067
1006.061035
1001.099365
995.922791
990.545410
984.981934
979.247742
973.358398
967.330139
961.179443
954.923157
948.578491
942.162842
935.693726
929.188843
922.666138
916.143433
909.638611
903.169434
896.753784
890.409119
884.152832
878.002136
871.973877
866.084534
860.350342
854.786865
849.409485
844.232910
839.271240
834.538208
830.046753
825.809143
821.836975
818.141174
814.731934
811.618469
808.809387
806.312378
804.134277
802.281128
800.757874
799.568787
798.717102
798.205139
798.034302
798.205078
798.717041
799.568665
800.757751
802.280945
804.134155
806.312195
808.809143
811.618225
814.731628
818.140869
821.836670
825.808777
830.046387
834.537842
839.270874
844.232422
849.409058
854.786438
860.349915
866.084167
871.973511
878.001770
884.152527
890.408752
896.753479
903.169189
909.638367
916.143188
922.665955
929.188721
935.693542
942.162720
948.578430
954.923157
961.179443
967.330139
973.358459
979.247803
984.982056
990.545532
995.922913
1001.099548
1006.061157
1010.794189
1015.285706
1019.523315
1023.495483
1027.191284
1030.600586
1033.713989
1036.522949
1039.020020
1041.197998
1043.051270
1044.574463
1045.763550
1046.615112
1047.127075
1079.469971
1079.276611
1078.696777
1077.732300
1076.385742
1074.660645
1072.562012
1070.095459
1067.267700
1064.086548
1060.560669
1056.699707
1052.514404
1048.016113
1043.217163
1038.130615
1032.770630
1027.151733
1021.289429
1015.199707
1008.899292
1002.405518
995.736023
988.909241
981.943787
974.858765
967.673645
960.408081
953.082031
945.715515
938.328735
930.942017
923.575500
916.249390
908.983826
901.798706
894.713745
887.748291
880.921448
874.252014
867.758179
861.457764
855.368042
849.505737
843.886841
838.526855
833.440369
828.641418
824.143066
819.957764
816.096802
812.570984
809.389771
806.562012
804.095398
801.996704
800.271729
798.925110
797.960571
797.380798
797.187378
797.380798
797.960510
798.924988
800.271545
801.996582
804.095215
806.561768
809.389526
812.570679
816.096497
819.957397
824.142700
828.640991
833.439941
838.526367
843.886353
849.505188
855.367554
861.457275
867.757690
874.251526
880.921021
887.747864
894.713318
901.798340
908.983521
916.249084
923.575195
930.941772
938.328552
945.715332
953.081848
960.407959
967.673584
974.858704
981.943726
988.909241
995.736084
1002.405579
1008.899414
1015.199829
1021.289612
1027.151978
1032.770752
1038.130859
1043.217285
1048.016235
1052.514648
1056.699951
1060.560791
1064.086670
1067.267822
1070.095581
1072.562134
1074.660889
1076.385864
1077.732422
1078.696899
1079.276611
1103.638184
1103.422607
1102.776611
1101.701782
1100.201294
1098.279053
1095.940430
1093.191772
1090.040771
1086.495850
1082.566895
1078.264526
1073.600708
1068.588013
1063.240356
1057.572388
1051.599609
1045.338257
1038.805664
1032.019775
1024.999023
1017.762695
1010.330688
1002.723389
994.961548
987.066528
979.059937
970.963684
962.799988
954.591248
946.359924
938.128662
929.919922
921.756226
913.659973
905.653381
897.758362
889.996521
882.389160
874.957153
867.720886
860.700134
853.914185
847.381592
841.120300
835.147461
829.479492
824.131836
819.119202
814.455322
810.153015
806.223999
802.679077
799.528015
796.779419
794.440796
792.518555
791.018005
789.943176
789.297119
789.081543
789.297119
789.943115
791.017883
792.518433
794.440613
796.779175
799.527771
802.678833
806.223694
810.152649
814.454956
819.118774
824.131348
829.479004
835.146973
841.119751
847.381042
853.913635
860.699585
867.720337
874.956665
882.388672
889.996033
897.757874
905.652954
913.659607
921.755859
929.919617
938.128357
946.359741
954.591064
962.799805
970.963562
979.059814
987.066467
994.961548
1002.723389
1010.330750
1017.762817
1024.999146
1032.019897
1038.805908
1045.338501
1051.599731
1057.572632
1063.240601
1068.588257
1073.600830
1078.264771
1082.567139
1086.496094
1090.040894
1093.192017
1095.940552
1098.279175
1100.201416
1101.701904
1102.776611
1103.422607
1096.174927
1095.963379
1095.329590
1094.275024
1092.802734
1090.916626
1088.622070
1085.925171
1082.833496
1079.355225
1075.500244
1071.278931
1066.702881
1061.784546
1056.537598
1050.976318
1045.115845
1038.972412
1032.562866
1025.904541
1019.015991
1011.915894
1004.623779
997.159668
989.543945
981.797485
973.941589
965.997742
957.987732
949.933533
941.857117
933.780762
925.726563
917.716553
909.772705
901.916748
894.170349
886.554626
879.090454
871.798340
864.698303
857.809692
851.151428
844.741821
838.598389
832.738037
827.176697
821.929688
817.011414
812.435364
808.213989
804.358948
800.880798
797.789063
795.092163
792.797546
790.911499
789.439148
788.384583
787.750732
787.539185
787.750671
788.384521
789.439087
790.911316
792.797363
795.091919
797.788757
800.880493
804.358643
808.213623
812.434937
817.010986
821.929260
827.176208
832.737488
838.597900
844.741272
851.150879
857.809143
864.697754
871.797852
879.089966
886.554138
894.169922
901.916382
909.772339
917.716187
925.726257
933.780518
941.856934
949.933289
957.987549
965.997620
973.941528
981.797424
989.543945
997.159668
1004.623840
1011.916016
1019.016113
1025.904663
1032.562988
1038.972656
1045.116089
1050.976440
1056.537720
1061.784790
1066.703003
1071.279053
1075.500488
1079.355469
1082.833618
1085.925415
1088.622192
1090.916748
1092.802856
1094.275146
1095.329590
1095.963501
1119.817993
1119.591064
1118.910889
1117.779297
1116.199341
1114.175415
1111.713135
1108.819092
1105.501465
1101.769043
1097.632324
1093.102417
1088.191895
1082.914063
1077.283691
1071.315918
1065.027100
1058.434692
1051.556641
1044.411743
1037.019653
1029.400757
1021.575623
1013.565979
1005.393616
997.081055
988.650940
980.126526
971.531067
962.888184
954.221497
945.554871
936.911987
928.316528
919.792114
911.362000
903.049438
894.877075
886.867432
879.042358
871.423340
864.031250
856.886414
850.008301
843.415894
837.127136
831.159363
825.528931
820.251160
815.340637
810.810730
806.673950
802.941589
799.623840
796.729858
794.267517
792.243652
790.663696
789.532104
788.851868
788.624878
788.851807
789.531982
790.663574
792.243469
794.267334
796.729614
799.623535
802.941284
806.673584
810.810364
815.340210
820.250732
825.528442
831.158875
837.126587
843.415283
850.007690
856.885803
864.030701
871.422729
879.041809
886.866882
894.876587
903.048950
911.361572
919.791687
928.316162
936.911682
945.554565
954.221252
962.887939
971.530884
980.126404
988.650879
997.080994
1005.393616
1013.565979
1021.575684
1029.400757
1037.019897
1044.411865
1051.556763
1058.434937
1065.027344
1071.316040
1077.283936
1082.914307
1088.192139
1093.102661
1097.632446
1101.769287
1105.501587
1108.819336
1111.713257
1114.175537
1116.199463
1117.779297
1118.910889
1119.591064
1051.308472
1051.134521
1050.612793
1049.744995
1048.533325
1046.981079
1045.092773
1042.873291
1040.328857
1037.466431
1034.293823
1030.819824
1027.053833
1023.006226
1018.688110
1014.111328
1009.288391
1004.232544
998.957581
993.478088
987.808960
981.965820
975.964600
969.821838
963.554321
957.179199
950.714050
944.176453
937.584473
930.956055
924.309448
917.662842
911.034424
904.442444
897.904907
891.439697
885.064575
878.797058
872.654297
866.653076
860.809937
855.140808
849.661316
844.386353
839.330505
834.507568
829.930786
825.612671
821.565063
817.799072
814.325012
811.152466
808.289978
805.745544
803.526123
801.637695
800.085571
798.873840
798.005981
797.484314
797.310242
797.484253
798.005920
798.873779
800.085449
801.637573
803.525940
805.745361
808.289795
811.152161
814.324707
817.798767
821.564697
825.612305
829.930359
834.507141
839.330078
844.385925
849.660828
855.140381
860.809509
866.652710
872.653931
878.796692
885.064270
891.439392
897.904602
904.442139
911.034180
917.662598
924.309265
930.955933
937.584351
944.176392
950.713989
957.179199
963.554321
969.821838
975.964661
981.965881
987.809082
993.478149
998.957764
1004.232666
1009.288574
1014.111511
1018.688293
1023.006409
1027.054077
1030.819946
1034.294067
1037.466553
1040.328979
1042.873413
1045.092896
1046.981201
1048.533447
1049.744995
1050.612915
1051.134521
1067.643433
1067.458618
1066.904541
1065.983032
1064.696289
1063.047974
1061.042480
1058.685547
1055.983521
1052.943726
1049.574585
1045.885376
1041.886108
1037.587646
1033.002075
1028.141724
1023.019958
1017.650879
1012.049133
1006.230103
1000.209778
994.004578
987.631592
981.108276
974.452454
967.682373
960.816650
953.874084
946.873657
939.834595
932.776184
925.717773
918.678711
911.678345
904.735718
897.869995
891.099976
884.444153
877.920776
871.547791
865.342590
859.322266
853.503235
847.901489
842.532410
837.410706
832.550293
827.964661
823.666321
819.666992
815.977722
812.608582
809.568848
806.866760
804.509766
802.504395
800.856079
799.569336
798.647705
798.093689
797.908813
798.093628
798.647583
799.569214
800.855957
802.504211
804.509583
806.866516
809.568604
812.608337
815.977417
819.666687
823.665955
827.964294
832.549927
837.410217
842.531982
847.901062
853.502808
859.321777
865.342163
871.547363
877.920349
884.443726
891.099609
897.869629
904.735413
911.678040
918.678467
925.717590
932.776001
939.834412
946.873535
953.873962
960.816589
967.682373
974.452454
981.108276
987.631653
994.004700
1000.209900
1006.230225
1012.049255
1017.651001
1023.020142
1028.141846
1033.002197
1037.587891
1041.886230
1045.885498
1049.574829
1052.943970
1055.983643
1058.685791
1061.042725
1063.048096
1064.696289
1065.983032
1066.904663
1067.458618
1107.887939
1107.676880
1107.044189
1105.991699
1104.522217
1102.639893
1100.349731
1097.658081
1094.572388
1091.100952
1087.253418
1083.040283
1078.473022
1073.564331
1068.327515
1062.776978
1056.927979
1050.796509
1044.399292
1037.754028
1030.878784
1023.792480
1016.514526
1009.064880
1001.463928
993.732544
985.891907
977.963440
969.968994
961.930420
953.869690
945.809021
937.770447
929.776001
921.847534
914.006897
906.275513
898.674561
891.224915
883.946960
876.860657
869.985413
863.340088
856.942932
850.811401
844.962402
839.411865
834.175110
829.266357
824.699158
820.486023
816.638428
813.166992
810.081299
807.389648
805.099487
803.217041
801.747620
800.695068
800.062439
799.851318
800.062378
800.695007
801.747498
803.216919
805.099243
807.389404
810.080994
813.166748
816.638123
820.485657
824.698792
829.265930
834.174622
839.411377
844.961914
850.810913
856.942383
863.339539
869.984863
876.860107
883.946411
891.224426
898.674072
906.275085
914.006470
921.847168
929.775635
937.770142
945.808777
953.869507
961.930176
969.968811
977.963318
985.891785
993.732483
1001.463928
1009.064880
1016.514587
1023.792542
1030.878906
1037.754150
1044.399414
1050.796631
1056.928223
1062.777222
1068.327759
1073.564575
1078.473267
1083.040405
1087.253662
1091.101074
1094.572510
1097.658325
1100.349854
1102.640015
1104.522339
1105.991821
1107.044312
1107.676880
1086.604736
1086.404053
1085.802612
1084.802002
1083.404907
1081.615356
1079.437988
1076.879028
1073.945435
1070.645020
1066.987183
1062.981689
1058.639526
1053.972778
1048.994019
1043.717041
1038.156372
1032.327026
1026.245117
1019.927368
1013.390991
1006.653931
999.734680
992.652161
985.425842
978.075500
970.621277
963.083618
955.483154
947.840759
940.177307
932.513916
924.871521
917.271057
909.733398
902.279175
894.928772
887.702454
880.619995
873.700684
866.963684
860.427307
854.109497
848.027588
842.198303
836.637573
831.360596
826.381897
821.715088
817.372986
813.367493
809.709534
806.409180
803.475525
800.916504
798.739258
796.949646
795.552612
794.551941
793.950500
793.749756
793.950439
794.551880
795.552490
796.949524
798.739075
800.916321
803.475281
806.408936
809.709229
813.367126
817.372620
821.714722
826.381470
831.360107
836.637085
842.197815
848.027100
854.109009
860.426758
866.963135
873.700256
880.619507
887.702026
894.928406
902.278748
909.733032
917.270752
924.871216
932.513672
940.177124
947.840576
955.482971
963.083496
970.621216
978.075439
985.425842
992.652222
999.734741
1006.653992
1013.391113
1019.927490
1026.245239
1032.327148
1038.156494
1043.717285
1048.994263
1053.972900
1058.639771
1062.981812
1066.987305
1070.645264
1073.945557
1076.879272
1079.438232
1081.615479
1083.405029
1084.802002
1085.802612
1086.404053
1120.510132
1120.286621
1119.616821
1118.502441
1116.946777
1114.953735
1112.529053
1109.679199
1106.412231
1102.736816
1098.663330
1094.202637
1089.367065
1084.169922
1078.625488
1072.748901
1066.556152
1060.064453
1053.291504
1046.255737
1038.976563
1031.473877
1023.768372
1015.881042
1007.833557
999.647888
991.346619
982.952393
974.488220
965.977356
957.443054
948.908813
940.397949
931.933777
923.539551
915.238220
907.052612
899.005127
891.117798
883.412231
875.909607
868.630432
861.594727
854.821716
848.329956
842.137268
836.260681
830.716187
825.519043
820.683533
816.222839
812.149292
808.473877
805.206848
802.357056
799.932312
797.939331
796.383545
795.269226
794.599365
794.375854
794.599365
795.269104
796.383423
797.939209
799.932129
802.356812
805.206543
808.473572
812.148926
816.222473
820.683105
825.518616
830.715698
836.260193
842.136780
848.329407
854.821106
861.594116
868.629883
875.909058
883.411682
891.117249
899.004639
907.052185
915.237793
923.539185
931.933411
940.397644
948.908508
957.442810
965.977173
974.488037
982.952271
991.346497
999.647888
1007.833496
1015.881104
1023.768433
1031.473999
1038.976685
1046.255859
1053.291626
1060.064697
1066.556396
1072.749023
1078.625732
1084.170166
1089.367310
1094.202759
1098.663452
1102.737061
1106.412476
1109.679443
1112.529175
1114.953857
1116.946777
1118.502563
1119.616943
1120.286621
1147.342163
1147.101196
1146.379028
1145.177612
1143.500244
1141.351563
1138.737427
1135.664917
1132.142578
1128.179932
1123.788086
1118.978760
1113.765381
1108.162109
1102.184326
1095.848511
1089.171875
1082.172852
1074.870483
1067.284912
1059.436890
1051.348022
1043.040283
1034.536499
1025.860107
1017.034851
1008.084778
999.034546
989.908936
980.732971
971.531799
962.330566
953.154602
944.028992
934.978760
926.028687
917.203369
908.526978
900.023254
891.715576
883.626587
875.778564
868.193054
860.890747
853.891663
847.215088
840.879150
834.901428
829.298157
824.084717
819.275452
814.883545
810.920898
807.398560
804.326050
801.711853
799.563110
797.885742
796.684326
795.962158
795.721191
795.962097
796.684204
797.885620
799.562988
801.711670
804.325806
807.398254
810.920593
814.883179
819.275085
824.084290
829.297668
834.900940
840.878662
847.214478
853.891052
860.890076
868.192444
875.777954
883.625977
891.714966
900.022705
908.526489
917.202881
926.028259
934.978333
944.028625
953.154236
962.330261
971.531494
980.732727
989.908752
999.034424
1008.084717
1017.034790
1025.860107
1034.536621
1043.040283
1051.348145
1059.437012
1067.285034
1074.870728
1082.172974
1089.172119
1095.848633
1102.184570
1108.162354
1113.765625
1118.979004
1123.788330
1128.180176
1132.142822
1135.665161
1138.737549
1141.351807
1143.500488
1145.177734
1146.379150
1147.101318
1134.372559
1134.144287
1133.460327
1132.322266
1130.733521
1128.698242
1126.222168
1123.311890
1119.975586
1116.222168
1112.062134
1107.506836
1102.568726
1097.261353
1091.599243
1085.598022
1079.273926
1072.644531
1065.727783
1058.542725
1051.109131
1043.447388
1035.578369
1027.523682
1019.305420
1010.946167
1002.468750
993.896423
985.252686
976.561218
967.845947
959.130615
950.439148
941.795410
933.223083
924.745667
916.386414
908.168152
900.113464
892.244446
884.582642
877.149048
869.964050
863.047363
856.417847
850.093811
844.092529
838.430420
833.123047
828.184937
823.629639
819.469604
815.716248
812.379883
809.469604
806.993469
804.958191
803.369385
802.231445
801.547363
801.319092
801.547363
802.231323
803.369263
804.958069
806.993286
809.469360
812.379578
815.715942
819.469238
823.629272
828.184509
833.122620
838.429932
844.092041
850.093262
856.417297
863.046753
869.963501
877.148499
884.582092
892.243896
900.112976
908.167664
916.385925
924.745239
933.222717
941.795044
950.438843
959.130310
967.845642
976.561035
985.252502
993.896301
1002.468628
1010.946106
1019.305420
1027.523682
1035.578369
1043.447510
1051.109253
1058.542969
1065.727905
1072.644653
1079.274170
1085.598145
1091.599487
1097.261597
1102.568970
1107.507080
1112.062378
1116.222412
1119.975708
1123.312134
1126.222290
1128.698486
1130.733643
1132.322388
1133.460327
1134.144287
1099.296631
1099.091064
1098.474976
1097.449951
1096.019043
1094.185913
1091.955811
1089.334595
1086.329712
1082.949219
1079.202393
1075.099609
1070.651978
1065.871826
1060.772095
1055.366943
1049.671021
1043.700073
1037.470459
1030.999146
1024.303955
1017.403259
1010.315857
1003.061279
995.659424
988.130432
980.495117
972.774292
964.989197
957.161072
949.311462
941.461853
933.633789
925.848633
918.127869
910.492493
902.963562
895.561646
888.307068
881.219727
874.318970
867.623779
861.152466
854.922852
848.951904
843.256042
837.850830
832.751160
827.971008
823.523376
819.420532
815.673767
812.293213
809.288269
806.667114
804.436890
802.603821
801.172852
800.147888
799.531799
799.326233
799.531738
800.147827
801.172729
802.603699
804.436768
806.666931
809.288025
812.292969
815.673462
819.420227
823.523010
827.970581
832.750732
837.850403
843.255554
848.951355
854.922302
861.151978
867.623230
874.318481
881.219238
888.306641
895.561218
902.963135
910.492126
918.127502
925.848328
933.633484
941.461609
949.311279
957.160889
964.989014
972.774170
980.495056
988.130432
995.659363
1003.061340
1010.315918
1017.403320
1024.304077
1030.999268
1037.470581
1043.700317
1049.671265
1055.367065
1060.772339
1065.871948
1070.652100
1075.099731
1079.202637
1082.949341
1086.329834
1089.334839
1091.955933
1094.186035
1096.019165
1097.450073
1098.474976
1099.091064
1061.004395
1060.827515
1060.297363
1059.415283
1058.183716
1056.606201
1054.686890
1052.431030
1049.844971
1046.935547
1043.711060
1040.180054
1036.352417
1032.238525
1027.849609
1023.197876
1018.295898
1013.157227
1007.795898
1002.226563
996.464539
990.525696
984.426147
978.182739
971.812561
965.333008
958.761902
952.117249
945.417236
938.680237
931.924744
925.169250
918.432251
911.732239
905.087585
898.516479
892.036926
885.666748
879.423340
873.323792
867.384949
861.622925
856.053650
850.692261
845.553589
840.651611
835.999817
831.610962
827.497070
823.669373
820.138428
816.913879
814.004517
811.418396
809.162598
807.243286
805.665649
804.434143
803.552063
803.021851
802.844910
803.021790
803.552002
804.434021
805.665527
807.243103
809.162415
811.418213
814.004272
816.913574
820.138123
823.669067
827.496704
831.610596
835.999451
840.651184
845.553162
850.691833
856.053162
861.622498
867.384521
873.323425
879.422913
885.666382
892.036621
898.516174
905.087280
911.731995
918.432007
925.169006
931.924561
938.680115
945.417114
952.117188
958.761841
965.333008
971.812561
978.182800
984.426208
990.525757
996.464661
1002.226685
1007.796021
1013.157349
1018.296082
1023.197998
1027.849854
1032.238647
1036.352539
1040.180298
1043.711182
1046.935791
1049.845093
1052.431152
1054.687012
1056.606323
1058.183838
1059.415405
1060.297363
1060.827637
1039.389893
1039.224243
1038.727783
1037.901978
1036.748901
1035.271851
1033.474731
1031.362671
1028.941284
1026.217285
1023.198120
1019.892151
1016.308289
1012.456482
1008.347168
1003.991760
999.402100
994.590759
989.570923
984.356445
978.961487
973.400940
967.690002
961.844299
955.879883
949.813171
943.660645
937.439270
931.166138
924.858276
918.533142
912.208008
905.900208
899.627014
893.405640
887.253113
881.186401
875.221985
869.376282
863.665344
858.104797
852.709839
847.495361
842.475525
837.664185
833.074524
828.719116
824.609802
820.757996
817.174133
813.868103
810.848999
808.125000
805.703613
803.591492
801.794434
800.317322
799.164246
798.338379
797.841919
797.676270
797.841919
798.338318
799.164185
800.317200
801.794312
803.591309
805.703430
808.124756
810.848755
813.867859
817.173828
820.757690
824.609497
828.718750
833.074158
837.663818
842.475098
847.494934
852.709473
858.104370
863.664978
869.375916
875.221619
881.186035
887.252808
893.405334
899.626709
905.899963
912.207764
918.532959
924.858154
931.166016
937.439209
943.660583
949.813110
955.879883
961.844299
967.690002
973.401001
978.961609
984.356506
989.571045
994.590881
999.402222
1003.991882
1008.347351
1012.456604
1016.308472
1019.892273
1023.198303
1026.217407
1028.941406
1031.362793
1033.474854
1035.271973
1036.749023
1037.901978
1038.727905
1039.224243
1038.272339
1038.103516
1037.597656
1036.756226
1035.581299
1034.076294
1032.245117
1030.093018
1027.625854
1024.850342
1021.773987
1018.405334
1014.753662
1010.828857
1006.641785
1002.203857
997.527283
992.624878
987.510010
982.196777
976.699646
971.033813
965.214722
959.258362
953.181030
946.999390
940.730408
934.391235
927.999268
921.572021
915.127075
908.682190
902.254883
895.862915
889.523743
883.254761
877.073120
870.995789
865.039429
859.220337
853.554504
848.057373
842.744141
837.629272
832.726868
828.050293
823.612366
819.425293
815.500488
811.848755
808.480164
805.403870
802.628296
800.161072
798.008911
796.177856
794.672791
793.497864
792.656372
792.150513
791.981689
792.150452
792.656250
793.497803
794.672668
796.177734
798.008789
800.160828
802.628052
805.403564
808.479858
811.848511
815.500183
819.424927
823.611938
828.049866
832.726440
837.628845
842.743713
848.057007
853.554077
859.219910
865.039063
870.995422
877.072815
883.254456
889.523438
895.862671
902.254639
908.681946
915.126892
921.571838
927.999146
934.391113
940.730347
946.999390
953.181030
959.258362
965.214783
971.033875
976.699768
982.196838
987.510132
992.625000
997.527466
1002.204041
1006.641968
1010.829041
1014.753845
1018.405518
1021.774170
1024.850464
1027.625977
1030.093262
1032.245239
1034.076416
1035.581421
1036.756226
1037.597778
1038.103516
1054.665771
1054.484985
1053.943359
1053.042114
1051.783936
1050.172119
1048.211060
1045.906372
1043.264160
1040.291748
1036.997192
1033.389648
1029.478882
1025.275757
1020.791687
1016.039001
1011.030701
1005.780518
1000.302856
994.612732
988.725708
982.658020
976.426147
970.047302
963.538940
956.918823
950.205139
943.416321
936.570984
929.687866
922.785767
915.883728
909.000549
902.155212
895.366394
888.652710
882.032654
875.524231
869.145386
862.913513
856.845825
850.958801
845.268677
839.791016
834.540833
829.532532
824.779846
820.295776
816.092590
812.181885
808.574341
805.279785
802.307373
799.665161
797.360352
795.399414
793.787598
792.529358
791.628113
791.086426
790.905640
791.086365
791.628052
792.529236
793.787476
795.399292
797.360229
799.664917
802.307129
805.279541
808.574036
812.181580
816.092285
820.295410
824.779419
829.532104
834.540405
839.790527
845.268188
850.958374
856.845337
862.913086
869.144958
875.523865
882.032288
888.652405
895.366089
902.154907
909.000305
915.883484
922.785583
929.687683
936.570862
943.416260
950.205078
956.918762
963.538879
970.047363
976.426208
982.658081
988.725830
994.612854
1000.302979
1005.780640
1011.030823
1016.039185
1020.791870
1025.275879
1029.479126
1033.389771
1036.997314
1040.291870
1043.264282
1045.906494
1048.211182
1050.172241
1051.783936
1053.042236
1053.943359
1054.485107
1048.679199
1048.503784
1047.977783
1047.102783
1045.881226
1044.316284
1042.412354
1040.174683
1037.609253
1034.723389
1031.524658
1028.022095
1024.225098
1020.144165
1015.790588
1011.176147
1006.313538
1001.216064
995.897766
990.373169
984.657410
978.766174
972.715637
966.522339
960.203247
953.775757
947.257385
940.666077
934.019836
927.336914
920.635620
913.934326
907.251404
900.605225
894.013855
887.495483
881.067993
874.748901
868.555603
862.505066
856.613831
850.898071
845.373474
840.055176
834.957703
830.095093
825.480652
821.127075
817.046143
813.249207
809.746582
806.547913
803.661926
801.096558
798.858826
796.954895
795.389954
794.168335
793.293335
792.767334
792.591858
792.767334
793.293274
794.168213
795.389832
796.954773
798.858643
801.096313
803.661682
806.547607
809.746277
813.248901
817.045776
821.126648
825.480286
830.094727
834.957275
840.054688
845.373047
850.897644
856.613403
862.504639
868.555237
874.748535
881.067627
887.495178
894.013550
900.604919
907.251160
913.934143
920.635437
927.336731
934.019714
940.665955
947.257324
953.775696
960.203247
966.522339
972.715698
978.766235
984.657532
990.373291
995.897888
1001.216187
1006.313660
1011.176270
1015.790771
1020.144348
1024.225220
1028.022217
1031.524780
1034.723511
1037.609497
1040.174805
1042.412476
1044.316406
1045.881348
1047.102905
1047.977905
1048.503784
1047.480347
1047.302612
1046.769775
1045.883423
1044.645874
1043.060547
1041.131836
1038.864990
1036.266235
1033.342773
1030.102417
1026.554199
1022.707764
1018.573730
1014.163391
1009.488892
1004.562927
999.399109
994.011536
988.414978
982.624817
976.656860
970.527527
964.253601
957.852234
951.341003
944.737793
938.060608
931.327820
924.557922
917.769348
910.980835
904.210876
897.478088
890.800903
884.197693
877.686462
871.285095
865.011169
858.881836
852.913879
847.123718
841.527161
836.139587
830.975769
826.049805
821.375305
816.964966
812.830933
808.984558
805.436279
802.195984
799.272400
796.673645
794.406799
792.478027
790.892761
789.655212
788.768799
788.235962
788.058228
788.235962
788.768738
789.655090
790.892639
792.477905
794.406616
796.673401
799.272156
802.195679
805.436035
808.984192
812.830566
816.964600
821.374878
826.049377
830.975342
836.139099
841.526672
847.123230
852.913452
858.881409
865.010742
871.284729
877.686096
884.197327
890.800598
897.477783
904.210632
910.980591
917.769165
924.557739
931.327698
938.060547
944.737732
951.341003
957.852234
964.253601
970.527588
976.656982
982.624939
988.415100
994.011658
999.399292
1004.563110
1009.489014
1014.163574
1018.573914
1022.707947
1026.554321
1030.102539
1033.342896
1036.266479
1038.865234
1041.131958
1043.060669
1044.645996
1045.883545
1046.769897
1047.302612
981.622375
981.480896
981.056885
980.351563
979.366699
978.105164
976.570313
974.766357
972.698303
970.371826
967.793213
964.969543
961.908630
958.618835
955.109131
951.389221
947.469238
943.359924
939.072571
934.618896
930.011108
925.261902
920.384277
915.391541
910.297424
905.115845
899.861084
894.547485
889.189636
883.802185
878.399963
872.997742
867.610291
862.252441
856.938843
851.684021
846.502502
841.408386
836.415649
831.537964
826.788757
822.181030
817.727356
813.440002
809.330688
805.410706
801.690735
798.181091
794.891235
791.830322
789.006714
786.428101
784.101563
782.033508
780.229553
778.694702
777.433105
776.448303
775.742920
775.318909
775.177429
775.318909
775.742859
776.448242
777.433044
778.694580
780.229431
782.033325
784.101379
786.427856
789.006470
791.830078
794.890991
798.180786
801.690430
805.410339
809.330322
813.439636
817.726990
822.180664
826.788391
831.537659
836.415344
841.408081
846.502197
851.683777
856.938599
862.252197
867.610107
872.997559
878.399780
883.802063
889.189514
894.547424
899.861023
905.115845
910.297424
915.391541
920.384338
925.261963
930.011230
934.618958
939.072632
943.359985
947.469360
951.389343
955.109253
958.618958
961.908813
964.969727
967.793335
970.371948
972.698425
974.766479
976.570435
978.105225
979.366821
980.351624
981.056946
981.480957
945.056152
944.942322
944.601196
944.033691
943.241333
942.226318
940.991455
939.540039
937.876160
936.004333
933.929688
931.657837
929.195129
926.548279
923.724487
920.731567
917.577698
914.271484
910.822021
907.238708
903.531494
899.710449
895.786072
891.769043
887.670532
883.501587
879.273804
874.998657
870.687866
866.353333
862.006897
857.660400
853.325867
849.015137
844.739990
840.512146
836.343262
832.244690
828.227722
824.303284
820.482239
816.775024
813.191772
809.742310
806.436096
803.282166
800.289246
797.465454
794.818604
792.355896
790.084106
788.009399
786.137573
784.473694
783.022278
781.787415
780.772400
779.979980
779.412476
779.071350
778.957520
779.071289
779.412476
779.979980
780.772278
781.787292
783.022156
784.473511
786.137390
788.009216
790.083862
792.355713
794.818359
797.465210
800.289001
803.281921
806.435791
809.742004
813.191467
816.774719
820.481995
824.303040
828.227478
832.244446
836.343018
840.511963
844.739746
849.014954
853.325684
857.660278
862.006775
866.353210
870.687805
874.998596
879.273743
883.501587
887.670471
891.769104
895.786072
899.710510
903.531555
907.238831
910.822083
914.271545
917.577759
920.731689
923.724609
926.548401
929.195251
931.657959
933.929749
936.004456
937.876282
939.540161
940.991516
942.226379
943.241394
944.033752
944.601257
944.942383
878.010010
877.925781
877.673340
877.253418
876.667114
875.916016
875.002258
873.928284
872.697083
871.312012
869.776794
868.095764
866.273438
864.314880
862.225403
860.010742
857.677002
855.230530
852.678040
850.026611
847.283386
844.455933
841.552063
838.579651
835.546875
832.462036
829.333618
826.170166
822.980408
819.773010
816.556824
813.340576
810.133179
806.943420
803.779968
800.651550
797.566711
794.533936
791.561523
788.657654
785.830200
783.086975
780.435547
777.883057
775.436584
773.102844
770.888184
768.798706
766.840088
765.017822
763.336792
761.801575
760.416504
759.185303
758.111328
757.197510
756.446472
755.860168
755.440186
755.187744
755.103516
755.187744
755.440186
755.860107
756.446411
757.197449
758.111206
759.185181
760.416382
761.801453
763.336609
765.017639
766.839966
768.798523
770.888000
773.102661
775.436401
777.882813
780.435303
783.086792
785.830017
788.657471
791.561340
794.533752
797.566528
800.651367
803.779846
806.943298
810.133057
813.340454
816.556702
819.772949
822.980347
826.170166
829.333618
832.462036
835.546875
838.579651
841.552063
844.455994
847.283447
850.026611
852.678101
855.230591
857.677063
860.010803
862.225464
864.314941
866.273560
868.095825
869.776917
871.312073
872.697144
873.928345
875.002319
875.916077
876.667114
877.253418
877.673340
877.925781
974.966125
974.830811
974.425232
973.750488
972.808472
971.601685
970.133423
968.407837
966.429565
964.204102
961.737427
959.036438
956.108398
952.961487
949.604187
946.045776
942.296021
938.365112
934.263916
930.003662
925.596008
921.052979
916.387146
911.611206
906.738281
901.781738
896.755127
891.672241
886.547058
881.393555
876.225891
871.058228
865.904724
860.779541
855.696655
850.670044
845.713501
840.840576
836.064636
831.398743
826.855774
822.448120
818.187805
814.086609
810.155762
806.406006
802.847595
799.490295
796.343323
793.415344
790.714294
788.247620
786.022156
784.043884
782.318237
780.850037
779.643250
778.701172
778.026428
777.620850
777.485535
777.620850
778.026367
778.701111
779.643188
780.849976
782.318115
784.043701
786.021973
788.247437
790.714050
793.415100
796.343079
799.489990
802.847290
806.405640
810.155396
814.086304
818.187500
822.447754
826.855408
831.398438
836.064331
840.840271
845.713196
850.669800
855.696411
860.779297
865.904541
871.058044
876.225708
881.393433
886.546936
891.672180
896.755066
901.781677
906.738281
911.611206
916.387207
921.053040
925.596069
930.003723
934.264038
938.365234
942.296143
946.045898
949.604309
952.961609
956.108582
959.036560
961.737610
964.204224
966.429688
968.407959
970.133545
971.601746
972.808533
973.750549
974.425293
974.830872
884.307312
884.244629
884.056885
883.744507
883.308411
882.749695
882.070007
881.271179
880.355347
879.325012
878.183105
876.932678
875.577148
874.120300
872.566040
870.918701
869.182739
867.362915
865.464294
863.492004
861.451477
859.348328
857.188293
854.977295
852.721375
850.426758
848.099670
845.746582
843.373901
840.988098
838.595703
836.203369
833.817566
831.444885
829.091736
826.764709
824.470093
822.214172
820.003174
817.843140
815.739929
813.699402
811.727173
809.828491
808.008728
806.272766
804.625427
803.071167
801.614319
800.258789
799.008362
797.866394
796.836121
795.920288
795.121399
794.441711
793.883057
793.446899
793.134521
792.946777
792.884094
792.946777
793.134521
793.446899
793.882996
794.441650
795.121338
795.920227
796.836060
797.866333
799.008240
800.258667
801.614136
803.071045
804.625244
806.272644
808.008545
809.828369
811.726990
813.699280
815.739807
817.842957
820.003052
822.214050
824.469971
826.764587
829.091675
831.444763
833.817505
836.203308
838.595642
840.988037
843.373840
845.746582
848.099670
850.426758
852.721375
854.977295
857.188293
859.348389
861.451538
863.492065
865.464355
867.362976
869.182800
870.918762
872.566101
874.120361
875.577209
876.932739
878.183167
879.325073
880.355347
881.271179
882.070068
882.749756
883.308411
883.744568
884.056885
884.244629
923.643250
923.572510
923.360352
923.007507
922.514893
921.883789
921.115967
920.213562
919.179016
918.015198
916.725281
915.312744
913.781555
912.135864
910.380127
908.519287
906.558350
904.502686
902.357910
900.130005
897.825012
895.449219
893.009216
890.511658
887.963318
885.371277
882.742615
880.084534
877.404297
874.709229
872.006775
869.304382
866.609314
863.929077
861.270996
858.642334
856.050293
853.501953
851.004395
848.564331
846.188599
843.883606
841.655640
839.510925
837.455261
835.494324
833.633423
831.877747
830.232056
828.700806
827.288330
825.998413
824.834534
823.799988
822.897583
822.129822
821.498718
821.006042
820.653198
820.441101
820.370300
820.441040
820.653137
821.005981
821.498657
822.129761
822.897522
823.799927
824.834473
825.998291
827.288208
828.700684
830.231873
831.877625
833.633301
835.494141
837.455078
839.510742
841.655518
843.883423
846.188416
848.564209
851.004211
853.501831
856.050110
858.642151
861.270874
863.928955
866.609253
869.304260
872.006714
874.709167
877.404236
880.084473
882.742615
885.371277
887.963318
890.511658
893.009216
895.449280
897.825073
900.130066
902.357971
904.502686
906.558350
908.519348
910.380249
912.135925
913.781616
915.312866
916.725342
918.015259
919.179077
920.213623
921.116028
921.883850
922.514893
923.007568
923.360413
923.572510
