-424 42.929279 1039.475464
-424 48.759106 1039.322754
-424 54.572956 1038.865234
-424 60.354889 1038.104004
-424 66.089066 1037.041260
-424 71.759750 1035.679810
-424 77.351425 1034.023560
-424 82.848740 1032.076782
-424 88.236649 1029.845093
-424 93.500366 1027.334473
-424 98.625473 1024.551758
-424 103.597931 1021.504578
-424 108.404083 1018.201416
-424 113.030777 1014.651245
-424 117.465347 1010.863770
-424 121.695602 1006.849365
-424 125.709961 1002.619141
-424 129.497437 998.184570
-424 133.047623 993.557861
-424 136.350815 988.751709
-424 139.397934 983.779236
-424 142.180634 978.654175
-424 144.691299 973.390442
-424 146.923035 968.002563
-424 148.869736 962.505249
-424 150.526062 956.913574
-424 151.887466 951.242859
-424 152.950241 945.508728
-424 153.711456 939.726807
-424 154.169006 933.912964
-424 154.321671 928.083130
-424 154.169022 922.253296
-424 153.711472 916.439453
-424 152.950272 910.657532
-424 151.887497 904.923401
-424 150.526093 899.252686
-424 148.869766 893.661011
-424 146.923080 888.163696
-424 144.691345 882.775818
-424 142.180679 877.512085
-424 139.397995 872.386963
-424 136.350876 867.414551
-424 133.047699 862.608398
-424 129.497513 857.981689
-424 125.710068 853.547119
-424 121.695709 849.316895
-424 117.465454 845.302490
-424 113.030914 841.515015
-424 108.404236 837.964844
-424 103.598083 834.661621
-424 98.625641 831.614502
-424 93.500542 828.831787
-424 88.236832 826.321167
-424 82.848938 824.089355
-424 77.351624 822.142700
-424 71.759964 820.486328
-424 66.089287 819.124939
-424 60.355125 818.062134
-424 54.573196 817.300903
-424 48.759354 816.843323
-424 42.929535 816.690674
-424 37.099712 816.843323
-424 31.285870 817.300842
-424 25.503942 818.062073
-424 19.769773 819.124817
-424 14.099085 820.486206
-424 8.507416 822.142517
-424 3.010098 824.089233
-424 -2.377808 826.320923
-424 -7.641529 828.831604
-424 -12.766640 831.614258
-424 -17.739090 834.661377
-424 -22.545254 837.964539
-424 -27.171963 841.514709
-424 -31.606525 845.302124
-424 -35.836788 849.316528
-424 -39.851162 853.546753
-424 -43.638638 857.981262
-424 -47.188854 862.607971
-424 -50.492069 867.414124
-424 -53.539211 872.386597
-424 -56.321941 877.511719
-424 -58.832630 882.775452
-424 -61.064388 888.163391
-424 -63.011112 893.660706
-424 -64.667450 899.252380
-424 -66.028885 904.923096
-424 -67.091660 910.657288
-424 -67.852875 916.439270
-424 -68.310440 922.253113
-424 -68.463120 928.082947
-424 -68.310455 933.912842
-424 -67.852905 939.726685
-424 -67.091705 945.508606
-424 -66.028931 951.242798
-424 -64.667511 956.913513
-424 -63.011181 962.505249
-424 -61.064472 968.002563
-424 -58.832714 973.390503
-424 -56.322041 978.654236
-424 -53.539318 983.779358
-424 -50.492184 988.751831
-424 -47.188984 993.557983
-424 -43.638775 998.184692
-424 -39.851284 1002.619263
-424 -35.836895 1006.849548
-424 -31.606625 1010.863892
-424 -27.172039 1014.651367
-424 -22.545322 1018.201538
-424 -17.739136 1021.504761
-424 -12.766663 1024.551880
-424 -7.641525 1027.334595
-424 -2.377781 1029.845215
-424 3.010147 1032.076904
-424 8.507492 1034.023682
-424 14.099188 1035.679932
-424 19.769905 1037.041382
-424 25.504101 1038.104126
-424 31.286058 1038.865234
-424 37.099930 1039.322876
-394 26.319534 1077.763672
-394 34.021023 1077.562012
-394 41.701405 1076.957642
-394 49.339626 1075.952026
-394 56.914749 1074.548096
-394 64.406006 1072.749512
-394 71.792885 1070.561523
-394 79.055115 1067.989746
-394 86.172806 1065.041504
-394 93.126442 1061.724854
-394 99.896957 1058.048706
-394 106.465813 1054.023315
-394 112.814980 1049.659668
-394 118.927078 1044.969727
-394 124.785347 1039.966309
-394 130.373718 1034.663086
-394 135.676910 1029.074707
-394 140.680328 1023.216431
-394 145.370300 1017.104309
-394 149.733978 1010.755127
-394 153.759369 1004.186279
-394 157.435471 997.415771
-394 160.752167 990.462158
-394 163.700409 983.344482
-394 166.272110 976.082275
-394 168.460190 968.695435
-394 170.258682 961.204163
-394 171.662659 953.629028
-394 172.668243 945.990845
-394 173.272705 938.310425
-394 173.474380 930.608948
-394 173.272720 922.907471
-394 172.668259 915.227112
-394 171.662674 907.588928
-394 170.258713 900.013794
-394 168.460236 892.522522
-394 166.272156 885.135681
-394 163.700470 877.873413
-394 160.752228 870.755737
-394 157.435532 863.802124
-394 153.759460 857.031616
-394 149.734070 850.462769
-394 145.370422 844.113586
-394 140.680450 838.001465
-394 135.677032 832.143188
-394 130.373871 826.554871
-394 124.785507 821.251648
-394 118.927254 816.248230
-394 112.815178 811.558228
-394 106.466011 807.194580
-394 99.897179 803.169189
-394 93.126671 799.493103
-394 86.173050 796.176392
-394 79.055374 793.228088
-394 71.793152 790.656372
-394 64.406296 788.468262
-394 56.915047 786.669800
-394 49.339935 785.265808
-394 41.701721 784.260193
-394 34.021355 783.655762
-394 26.319872 783.454041
-394 18.618391 783.655701
-394 10.938017 784.260132
-394 3.299805 785.265686
-394 -4.275314 786.669678
-394 -11.766575 788.468140
-394 -19.153442 790.656189
-394 -26.415672 793.227844
-394 -33.533360 796.176086
-394 -40.487000 799.492798
-394 -47.257523 803.168823
-394 -53.826370 807.194214
-394 -60.175552 811.557861
-394 -66.287659 816.247803
-394 -72.145935 821.251221
-394 -77.734329 826.554382
-394 -83.037514 832.142700
-394 -88.040955 838.000977
-394 -92.730965 844.113037
-394 -97.094673 850.462280
-394 -101.120094 857.031128
-394 -104.796219 863.801636
-394 -108.112961 870.755310
-394 -111.061234 877.872986
-394 -113.632950 885.135254
-394 -115.821060 892.522156
-394 -117.619583 900.013428
-394 -119.023560 907.588562
-394 -120.029160 915.226807
-394 -120.633636 922.907227
-394 -120.835312 930.608765
-394 -120.633652 938.310242
-394 -120.029190 945.990662
-394 -119.023605 953.628906
-394 -117.619629 961.204041
-394 -115.821136 968.695374
-394 -113.633041 976.082275
-394 -111.061340 983.344482
-394 -108.113083 990.462219
-394 -104.796356 997.415894
-394 -101.120239 1004.186401
-394 -97.094826 1010.755310
-394 -92.731133 1017.104492
-394 -88.041130 1023.216614
-394 -83.037666 1029.074829
-394 -77.734467 1034.663208
-394 -72.146072 1039.966431
-394 -66.287766 1044.969849
-394 -60.175644 1049.659912
-394 -53.826431 1054.023560
-394 -47.257553 1058.048950
-394 -40.486992 1061.724976
-394 -33.533325 1065.041748
-394 -26.415607 1067.989990
-394 -19.153343 1070.561646
-394 -11.766438 1072.749756
-394 -4.275141 1074.548096
-394 3.300014 1075.952148
-394 10.938265 1076.957642
-394 18.618675 1077.562134
-364 38.684338 1026.445068
-364 45.750538 1026.260010
-364 52.797371 1025.705444
-364 59.805527 1024.782837
-364 66.755783 1023.494629
-364 73.629097 1021.844482
-364 80.406631 1019.836914
-364 87.069809 1017.477356
-364 93.600372 1014.772339
-364 99.980408 1011.729187
-364 106.192429 1008.356323
-364 112.219421 1004.662964
-364 118.044861 1000.659302
-364 123.652771 996.356201
-364 129.027802 991.765503
-364 134.155197 986.899780
-364 139.020920 981.772339
-364 143.611633 976.397339
-364 147.914734 970.789429
-364 151.918442 964.963989
-364 155.611801 958.937012
-364 158.984650 952.724976
-364 162.027756 946.344910
-364 164.732803 939.814392
-364 167.092361 933.151245
-364 169.099960 926.373718
-364 170.750092 919.500366
-364 172.038254 912.550110
-364 172.960892 905.541992
-364 173.515488 898.495178
-364 173.700531 891.428955
-364 173.515503 884.362793
-364 172.960907 877.315918
-364 172.038284 870.307800
-364 170.750122 863.357544
-364 169.099991 856.484253
-364 167.092407 849.706726
-364 164.732849 843.043518
-364 162.027817 836.513000
-364 158.984711 830.132935
-364 155.611862 823.920898
-364 151.918533 817.893921
-364 147.914825 812.068481
-364 143.611725 806.460571
-364 139.021042 801.085571
-364 134.155334 795.958191
-364 129.027954 791.092468
-364 123.652939 786.501709
-364 118.045044 782.198608
-364 112.219604 778.194946
-364 106.192627 774.501587
-364 99.980621 771.128723
-364 93.600594 768.085571
-364 87.070053 765.380493
-364 80.406891 763.020935
-364 73.629364 761.013306
-364 66.756058 759.363159
-364 59.805809 758.075012
-364 52.797665 757.152344
-364 45.750839 756.597778
-364 38.684647 756.412720
-364 31.618454 756.597717
-364 24.571627 757.152283
-364 17.563482 758.074951
-364 10.613228 759.363037
-364 3.739914 761.013184
-364 -3.037617 763.020752
-364 -9.700794 765.380310
-364 -16.231354 768.085327
-364 -22.611389 771.128418
-364 -28.823421 774.501221
-364 -34.850414 778.194580
-364 -40.675854 782.198242
-364 -46.283779 786.501343
-364 -51.658817 791.092041
-364 -56.786228 795.957703
-364 -61.651951 801.085083
-364 -66.242676 806.460083
-364 -70.545807 812.068054
-364 -74.549561 817.893494
-364 -78.242920 823.920471
-364 -81.615814 830.132507
-364 -84.658951 836.512573
-364 -87.364029 843.043152
-364 -89.723602 849.706360
-364 -91.731216 856.483887
-364 -93.381378 863.357239
-364 -94.669540 870.307495
-364 -95.592194 877.315674
-364 -96.146805 884.362549
-364 -96.331848 891.428772
-364 -96.146820 898.494995
-364 -95.592224 905.541870
-364 -94.669586 912.550049
-364 -93.381424 919.500305
-364 -91.731277 926.373657
-364 -89.723679 933.151184
-364 -87.364120 939.814392
-364 -84.659058 946.344971
-364 -81.615921 952.725037
-364 -78.243057 958.937073
-364 -74.549698 964.964111
-364 -70.545959 970.789551
-364 -66.242828 976.397461
-364 -61.652096 981.772522
-364 -56.786358 986.899902
-364 -51.658939 991.765625
-364 -46.283878 996.356384
-364 -40.675938 1000.659485
-364 -34.850468 1004.663208
-364 -28.823444 1008.356506
-364 -22.611385 1011.729370
-364 -16.231319 1014.772461
-364 -9.700733 1017.477539
-364 -3.037525 1019.837036
-364 3.740040 1021.844666
-364 10.613386 1023.494751
-364 17.563675 1024.782959
-364 24.571854 1025.705566
-364 31.618713 1026.260010
-334 28.744099 1125.413940
-334 38.385384 1125.161499
-334 48.000244 1124.404785
-334 57.562325 1123.145874
-334 67.045418 1121.388306
-334 76.423523 1119.136841
-334 85.670952 1116.397583
-334 94.762344 1113.178223
-334 103.672775 1109.487305
-334 112.377853 1105.335205
-334 120.853683 1100.733276
-334 129.077042 1095.693970
-334 137.025406 1090.231201
-334 144.676971 1084.359985
-334 152.010788 1078.096313
-334 159.006714 1071.457397
-334 165.645615 1064.461426
-334 171.909271 1057.127686
-334 177.780533 1049.476074
-334 183.243286 1041.527710
-334 188.282578 1033.304321
-334 192.884567 1024.828491
-334 197.036667 1016.123474
-334 200.727493 1007.213013
-334 203.946930 998.121643
-334 206.686127 988.874268
-334 208.937607 979.496155
-334 210.695206 970.013062
-334 211.954071 960.450989
-334 212.710785 950.836121
-334 212.963257 941.194885
-334 212.710800 931.553589
-334 211.954102 921.938721
-334 210.695236 912.376648
-334 208.937653 902.893555
-334 206.686188 893.515503
-334 203.946976 884.268066
-334 200.727554 875.176697
-334 197.036743 866.266235
-334 192.884659 857.561157
-334 188.282669 849.085388
-334 183.243408 840.862000
-334 177.780655 832.913635
-334 171.909424 825.262085
-334 165.645782 817.928284
-334 159.006897 810.932312
-334 152.010986 804.293457
-334 144.677185 798.029785
-334 137.025650 792.158508
-334 129.077301 786.695740
-334 120.853958 781.656433
-334 112.378143 777.054443
-334 103.673096 772.902344
-334 94.762665 769.211487
-334 85.671295 765.992065
-334 76.423882 763.252808
-334 67.045792 761.001343
-334 57.562714 759.243713
-334 48.000645 757.984802
-334 38.385796 757.228088
-334 28.744522 756.975586
-334 19.103245 757.228027
-334 9.488394 757.984741
-334 -0.073677 759.243591
-334 -9.556763 761.001160
-334 -18.934868 763.252563
-334 -28.182289 765.991760
-334 -37.273678 769.211182
-334 -46.184116 772.901978
-334 -54.889187 777.054077
-334 -63.365025 781.656006
-334 -71.588394 786.695313
-334 -79.536758 792.158020
-334 -87.188339 798.029236
-334 -94.522156 804.292847
-334 -101.518112 810.931763
-334 -108.157028 817.927612
-334 -114.420700 825.261414
-334 -120.291992 832.912964
-334 -125.754807 840.861389
-334 -130.794128 849.084717
-334 -135.396164 857.560608
-334 -139.548309 866.265686
-334 -143.239166 875.176147
-334 -146.458618 884.267578
-334 -149.197861 893.515015
-334 -151.449371 902.893127
-334 -153.206985 912.376282
-334 -154.465866 921.938354
-334 -155.222580 931.553284
-334 -155.475067 941.194580
-334 -155.222610 950.835938
-334 -154.465912 960.450806
-334 -153.207031 970.012939
-334 -151.449448 979.496033
-334 -149.197952 988.874207
-334 -146.458740 998.121643
-334 -143.239288 1007.213074
-334 -139.548447 1016.123535
-334 -135.396332 1024.828613
-334 -130.794296 1033.304443
-334 -125.754990 1041.527832
-334 -120.292206 1049.476318
-334 -114.420929 1057.127808
-334 -108.157227 1064.461670
-334 -101.518295 1071.457642
-334 -94.522324 1078.096558
-334 -87.188461 1084.360229
-334 -79.536865 1090.231445
-334 -71.588470 1095.694214
-334 -63.365063 1100.733521
-334 -54.889179 1105.335449
-334 -46.184071 1109.487549
-334 -37.273594 1113.178345
-334 -28.182163 1116.397827
-334 -18.934696 1119.136963
-334 -9.556545 1121.388428
-334 -0.073414 1123.145996
-334 9.488705 1124.404785
-334 19.103601 1125.161499
-304 36.020634 1040.166992
-304 43.802181 1039.963257
-304 51.562397 1039.352539
-304 59.280018 1038.336426
-304 66.933884 1036.917847
-304 74.503021 1035.100708
-304 81.966675 1032.889893
-304 89.304398 1030.291382
-304 96.496071 1027.312500
-304 103.521988 1023.961365
-304 110.362885 1020.247070
-304 117.000031 1016.179810
-304 123.415192 1011.770752
-304 129.590820 1007.032043
-304 135.509995 1001.976624
-304 141.156464 996.618286
-304 146.514771 990.971802
-304 151.570206 985.052673
-304 156.308929 978.877075
-304 160.717957 972.461853
-304 164.785202 965.824707
-304 168.499496 958.983826
-304 171.850677 951.957947
-304 174.829575 944.766296
-304 177.427994 937.428528
-304 179.638824 929.964905
-304 181.456009 922.395752
-304 182.874588 914.741943
-304 183.890625 907.024292
-304 184.501373 899.264099
-304 184.705139 891.482544
-304 184.501373 883.701050
-304 183.890640 875.940796
-304 182.874603 868.223206
-304 181.456055 860.569336
-304 179.638870 853.000244
-304 177.428040 845.536560
-304 174.829620 838.198853
-304 171.850739 831.007202
-304 168.499573 823.981262
-304 164.785278 817.140381
-304 160.718048 810.503235
-304 156.309036 804.088074
-304 151.570313 797.912415
-304 146.514893 791.993286
-304 141.156601 786.346802
-304 135.510147 780.988525
-304 129.591003 775.933044
-304 123.415390 771.194336
-304 117.000229 766.785278
-304 110.363113 762.718018
-304 103.522217 759.003723
-304 96.496323 755.652527
-304 89.304657 752.673645
-304 81.966949 750.075195
-304 74.503304 747.864380
-304 66.934181 746.047119
-304 59.280327 744.628540
-304 51.562721 743.612549
-304 43.802513 743.001770
-304 36.020977 742.797974
-304 28.239437 743.001709
-304 20.479227 743.612427
-304 12.761616 744.628479
-304 5.107754 746.046997
-304 -2.461376 747.864197
-304 -9.925030 750.075012
-304 -17.262753 752.673401
-304 -24.454426 755.652283
-304 -31.480350 759.003418
-304 -38.321247 762.717712
-304 -44.958385 766.784912
-304 -51.373562 771.193909
-304 -57.549206 775.932617
-304 -63.468380 780.988037
-304 -69.114868 786.346313
-304 -74.473175 791.992798
-304 -79.528625 797.911926
-304 -84.267395 804.087524
-304 -88.676453 810.502747
-304 -92.743729 817.139893
-304 -96.458069 823.980774
-304 -99.809280 831.006714
-304 -102.788193 838.198425
-304 -105.386642 845.536133
-304 -107.597504 852.999817
-304 -109.414719 860.568970
-304 -110.833298 868.222900
-304 -111.849350 875.940552
-304 -112.460098 883.700745
-304 -112.663879 891.482361
-304 -112.460114 899.263916
-304 -111.849380 907.024170
-304 -110.833344 914.741821
-304 -109.414764 922.395691
-304 -107.597580 929.964844
-304 -105.386734 937.428528
-304 -102.788300 944.766296
-304 -99.809402 951.958008
-304 -96.458191 958.983948
-304 -92.743866 965.824829
-304 -88.676605 972.461975
-304 -84.267563 978.877197
-304 -79.528809 985.052856
-304 -74.473328 990.971985
-304 -69.115005 996.618469
-304 -63.468510 1001.976807
-304 -57.549313 1007.032227
-304 -51.373653 1011.770996
-304 -44.958447 1016.179993
-304 -38.321278 1020.247253
-304 -31.480343 1023.961548
-304 -24.454391 1027.312744
-304 -17.262688 1030.291626
-304 -9.924931 1032.890015
-304 -2.461239 1035.100830
-304 5.107929 1036.917969
-304 12.761829 1038.336548
-304 20.479477 1039.352539
-304 28.239723 1039.963257
-274 32.181950 1056.156982
-274 40.457985 1055.940308
-274 48.711334 1055.290771
-274 56.919380 1054.210205
-274 65.059616 1052.701416
-274 73.109741 1050.768799
-274 81.047684 1048.417480
-274 88.851692 1045.653931
-274 96.500366 1042.485718
-274 103.972763 1038.921631
-274 111.248367 1034.971191
-274 118.307266 1030.645508
-274 125.130096 1025.956299
-274 131.698166 1020.916443
-274 137.993484 1015.539795
-274 143.998749 1009.840942
-274 149.697556 1003.835693
-274 155.074249 997.540405
-274 160.114105 990.972290
-274 164.803314 984.149475
-274 169.129013 977.090576
-274 173.079346 969.815002
-274 176.643478 962.342590
-274 179.811676 954.693909
-274 182.575211 946.889954
-274 184.926529 938.952026
-274 186.859192 930.901855
-274 188.367905 922.761658
-274 189.448517 914.553650
-274 190.098068 906.300293
-274 190.314789 898.024231
-274 190.098083 889.748230
-274 189.448532 881.494873
-274 188.367935 873.286865
-274 186.859222 865.146606
-274 184.926575 857.096497
-274 182.575256 849.158569
-274 179.811722 841.354553
-274 176.643555 833.705872
-274 173.079422 826.233521
-274 169.129089 818.957886
-274 164.803406 811.898987
-274 160.114227 805.076172
-274 155.074371 798.508118
-274 149.697708 792.212769
-274 143.998917 786.207520
-274 137.993652 780.508728
-274 131.698364 775.132019
-274 125.130310 770.092163
-274 118.307495 765.402954
-274 111.248611 761.077271
-274 103.973007 757.126892
-274 96.500641 753.562744
-274 88.851974 750.394531
-274 81.047974 747.630981
-274 73.110046 745.279663
-274 65.059937 743.346985
-274 56.919708 741.838257
-274 48.711678 740.757629
-274 40.458336 740.108032
-274 32.182312 739.891357
-274 23.906288 740.108032
-274 15.652946 740.757568
-274 7.444910 741.838135
-274 -0.695324 743.346802
-274 -8.745445 745.279480
-274 -16.683388 747.630737
-274 -24.487392 750.394287
-274 -32.136074 753.562439
-274 -39.608463 757.126587
-274 -46.884075 761.076904
-274 -53.942974 765.402588
-274 -60.765812 770.091736
-274 -67.333893 775.131592
-274 -73.629211 780.508240
-274 -79.634506 786.207031
-274 -85.333313 792.212280
-274 -90.710022 798.507568
-274 -95.749924 805.075623
-274 -100.439163 811.898438
-274 -104.764893 818.957397
-274 -108.715256 826.233032
-274 -112.279434 833.705383
-274 -115.447647 841.354126
-274 -118.211227 849.158142
-274 -120.562576 857.096069
-274 -122.495270 865.146240
-274 -124.003983 873.286499
-274 -125.084610 881.494568
-274 -125.734161 889.747986
-274 -125.950897 898.024048
-274 -125.734192 906.300110
-274 -125.084641 914.553467
-274 -124.004028 922.761536
-274 -122.495316 930.901794
-274 -120.562653 938.951965
-274 -118.211319 946.889954
-274 -115.447769 954.693970
-274 -112.279556 962.342651
-274 -108.715408 969.815063
-274 -104.765045 977.090698
-274 -100.439331 984.149597
-274 -95.750092 990.972473
-274 -90.710205 997.540527
-274 -85.333481 1003.835876
-274 -79.634659 1009.841187
-274 -73.629349 1015.539978
-274 -67.334015 1020.916687
-274 -60.765911 1025.956543
-274 -53.943043 1030.645752
-274 -46.884106 1034.971436
-274 -39.608456 1038.921753
-274 -32.136036 1042.485840
-274 -24.487320 1045.654053
-274 -16.683277 1048.417603
-274 -8.745300 1050.768921
-274 -0.695141 1052.701538
-274 7.445137 1054.210205
-274 15.653212 1055.290771
-274 23.906593 1055.940308
-244 27.867311 1075.122070
-244 36.590450 1074.893555
-244 45.289677 1074.208984
-244 53.941154 1073.069946
-244 62.521156 1071.479736
-244 71.006180 1069.442627
-244 79.372963 1066.964355
-244 87.598572 1064.051514
-244 95.660461 1060.712158
-244 103.536537 1056.955444
-244 111.205208 1052.791748
-244 118.645454 1048.232300
-244 125.836884 1043.289795
-244 132.759796 1037.977661
-244 139.395187 1032.310425
-244 145.724899 1026.303833
-244 151.731583 1019.974121
-244 157.398743 1013.338684
-244 162.710861 1006.415771
-244 167.653397 999.224365
-244 172.212784 991.784119
-244 176.376526 984.115479
-244 180.133224 976.239380
-244 183.472565 968.177490
-244 186.385406 959.951904
-244 188.863754 951.585144
-244 190.900818 943.100098
-244 192.491043 934.520142
-244 193.630035 925.868652
-244 194.314682 917.169434
-244 194.543106 908.446350
-244 194.314682 899.723206
-244 193.630051 891.023987
-244 192.491074 882.372498
-244 190.900864 873.792480
-244 188.863800 865.307495
-244 186.385452 856.940735
-244 183.472626 848.715088
-244 180.133286 840.653198
-244 176.376617 832.777161
-244 172.212875 825.108521
-244 167.653503 817.668274
-244 162.710983 810.476807
-244 157.398865 803.553955
-244 151.731720 796.918518
-244 145.725067 790.588806
-244 139.395370 784.582153
-244 132.759995 778.914978
-244 125.837105 773.602844
-244 118.645683 768.660278
-244 111.205460 764.100891
-244 103.536797 759.937134
-244 95.660744 756.180420
-244 87.598869 752.841064
-244 79.373276 749.928223
-244 71.006508 747.449829
-244 62.521492 745.412781
-244 53.941498 743.822510
-244 45.290039 742.683533
-244 36.590820 741.998901
-244 27.867695 741.770447
-244 19.144566 741.998840
-244 10.445347 742.683472
-244 1.793880 743.822388
-244 -6.786123 745.412598
-244 -15.271143 747.449646
-244 -23.637922 749.927979
-244 -31.863531 752.840820
-244 -39.925423 756.180115
-244 -47.801498 759.936768
-244 -55.470169 764.100525
-244 -62.910423 768.659912
-244 -70.101860 773.602417
-244 -77.024773 778.914490
-244 -83.660179 784.581604
-244 -89.989906 790.588257
-244 -95.996590 796.917969
-244 -101.663773 803.553345
-244 -106.975937 810.476257
-244 -111.918518 817.667664
-244 -116.477936 825.107910
-244 -120.641708 832.776611
-244 -124.398438 840.652710
-244 -127.737823 848.714600
-244 -130.650681 856.940247
-244 -133.129059 865.307068
-244 -135.166168 873.792114
-244 -136.756393 882.372131
-244 -137.895386 891.023621
-244 -138.580048 899.722900
-244 -138.808487 908.446045
-244 -138.580063 917.169250
-244 -137.895432 925.868469
-244 -136.756439 934.520020
-244 -135.166229 943.100037
-244 -133.129150 951.585083
-244 -130.650787 959.951904
-244 -127.737930 968.177551
-244 -124.398575 976.239441
-244 -120.641861 984.115540
-244 -116.478088 991.784241
-244 -111.918686 999.224487
-244 -106.976120 1006.415955
-244 -101.663971 1013.338867
-244 -95.996765 1019.974304
-244 -89.990067 1026.304077
-244 -83.660332 1032.310669
-244 -77.024887 1037.977905
-244 -70.101959 1043.290039
-244 -62.910492 1048.232544
-244 -55.470207 1052.791992
-244 -47.801498 1056.955688
-244 -39.925385 1060.712402
-244 -31.863455 1064.051636
-244 -23.637808 1066.964478
-244 -15.270987 1069.442871
-244 -6.785925 1071.479858
-244 1.794119 1073.070068
-244 10.445627 1074.208984
-244 19.144888 1074.893677
-214 30.323771 1071.040283
-214 38.710407 1070.820679
-214 47.074055 1070.162476
-214 55.391792 1069.067383
-214 63.640823 1067.538574
-214 71.798531 1065.580078
-214 79.842560 1063.197266
-214 87.750854 1060.396851
-214 95.501755 1057.186279
-214 103.074005 1053.574463
-214 110.446846 1049.571411
-214 117.600082 1045.187866
-214 124.514091 1040.436035
-214 131.169937 1035.328735
-214 137.549377 1029.880249
-214 143.634918 1024.105225
-214 149.409882 1018.019714
-214 154.858429 1011.640320
-214 159.965637 1004.984436
-214 164.717514 998.070435
-214 169.101028 990.917175
-214 173.104141 983.544373
-214 176.715912 975.972107
-214 179.926453 968.221252
-214 182.726913 960.312927
-214 185.109665 952.268921
-214 187.068146 944.111206
-214 188.597031 935.862183
-214 189.692078 927.544495
-214 190.350311 919.180847
-214 190.569931 910.794189
-214 190.350327 902.407593
-214 189.692093 894.043945
-214 188.597061 885.726196
-214 187.068192 877.477173
-214 185.109711 869.319519
-214 182.726974 861.275513
-214 179.926498 853.367188
-214 176.715988 845.616272
-214 173.104218 838.044067
-214 169.101105 830.671204
-214 164.717606 823.517944
-214 159.965759 816.603943
-214 154.858551 809.948120
-214 149.410019 803.568665
-214 143.635071 797.483154
-214 137.549561 791.708191
-214 131.170135 786.259644
-214 124.514305 781.152405
-214 117.600304 776.400513
-214 110.447083 772.017029
-214 103.074249 768.013916
-214 95.502022 764.402100
-214 87.751137 761.191528
-214 79.842850 758.391052
-214 71.798836 756.008301
-214 63.641144 754.049805
-214 55.392128 752.520935
-214 47.074402 751.425842
-214 38.710762 750.767578
-214 30.324139 750.547974
-214 21.937511 750.767578
-214 13.573870 751.425781
-214 5.256142 752.520813
-214 -2.992880 754.049683
-214 -11.150583 756.008118
-214 -19.194609 758.390869
-214 -27.102911 761.191284
-214 -34.853806 764.401794
-214 -42.426064 768.013550
-214 -49.798904 772.016663
-214 -56.952141 776.400146
-214 -63.866165 781.151978
-214 -70.522018 786.259155
-214 -76.901466 791.707703
-214 -82.987022 797.482605
-214 -88.761986 803.568115
-214 -94.210556 809.947571
-214 -99.317802 816.603394
-214 -104.069710 823.517456
-214 -108.453255 830.670654
-214 -112.456413 838.043518
-214 -116.068214 845.615784
-214 -119.278770 853.366699
-214 -122.079277 861.275024
-214 -124.462059 869.319092
-214 -126.420570 877.476807
-214 -127.949455 885.725891
-214 -129.044510 894.043640
-214 -129.702759 902.407288
-214 -129.922379 910.794006
-214 -129.702774 919.180664
-214 -129.044540 927.544312
-214 -127.949501 935.862061
-214 -126.420631 944.111145
-214 -124.462135 952.268860
-214 -122.079369 960.312927
-214 -119.278893 968.221252
-214 -116.068352 975.972168
-214 -112.456551 983.544434
-214 -108.453407 990.917358
-214 -104.069878 998.070557
-214 -99.317986 1004.984619
-214 -94.210747 1011.640503
-214 -88.762161 1018.019897
-214 -82.987175 1024.105469
-214 -76.901611 1029.880493
-214 -70.522133 1035.328979
-214 -63.866257 1040.436279
-214 -56.952209 1045.188110
-214 -49.798943 1049.571533
-214 -42.426056 1053.574707
-214 -34.853767 1057.186523
-214 -27.102839 1060.396973
-214 -19.194502 1063.197510
-214 -11.150438 1065.580200
-214 -2.992693 1067.538696
-214 5.256371 1069.067505
-214 13.574141 1070.162476
-214 21.937820 1070.820679
-184 30.742144 1086.401245
-184 39.470264 1086.172729
-184 48.174461 1085.487671
-184 56.830879 1084.348022
-184 65.415794 1082.756958
-184 73.905663 1080.718750
-184 82.277229 1078.238892
-184 90.507538 1075.324463
-184 98.574028 1071.983154
-184 106.454605 1068.224365
-184 114.127655 1064.058228
-184 121.572159 1059.496216
-184 128.767700 1054.550781
-184 135.694550 1049.235718
-184 142.333740 1043.565308
-184 148.667068 1037.555176
-184 154.677185 1031.221802
-184 160.347580 1024.582642
-184 165.662735 1017.655823
-184 170.608093 1010.460266
-184 175.170090 1003.015747
-184 179.336212 995.342712
-184 183.095047 987.462158
-184 186.436310 979.395691
-184 189.350815 971.165344
-184 191.830566 962.793823
-184 193.868805 954.303955
-184 195.459930 945.719055
-184 196.599579 937.062622
-184 197.284607 928.358459
-184 197.513168 919.630371
-184 197.284622 910.902222
-184 196.599594 902.198059
-184 195.459961 893.541626
-184 193.868851 884.956726
-184 191.830627 876.466858
-184 189.350861 868.095337
-184 186.436356 859.864990
-184 183.095123 851.798523
-184 179.336288 843.917969
-184 175.170181 836.244873
-184 170.608200 828.800415
-184 165.662857 821.604858
-184 160.347702 814.677979
-184 154.677322 808.038818
-184 148.667236 801.705505
-184 142.333923 795.695374
-184 135.694748 790.024963
-184 128.767914 784.709839
-184 121.572388 779.764465
-184 114.127907 775.202454
-184 106.454865 771.036316
-184 98.574310 767.277466
-184 90.507828 763.936218
-184 82.277534 761.021667
-184 73.905983 758.541870
-184 65.416130 756.503662
-184 56.831230 754.912476
-184 48.174824 753.772827
-184 39.470638 753.087769
-184 30.742527 752.859253
-184 22.014416 753.087769
-184 13.310225 753.772766
-184 4.653816 754.912354
-184 -3.931089 756.503479
-184 -12.420958 758.541687
-184 -20.792517 761.021423
-184 -29.022825 763.935913
-184 -37.089325 767.277161
-184 -44.969902 771.035950
-184 -52.642952 775.202087
-184 -60.087456 779.764038
-184 -67.282997 784.709351
-184 -74.209869 790.024475
-184 -80.849075 795.694885
-184 -87.182411 801.704956
-184 -93.192520 808.038269
-184 -98.862946 814.677429
-184 -104.178146 821.604309
-184 -109.123550 828.799805
-184 -113.685577 836.244324
-184 -117.851730 843.917419
-184 -121.610611 851.797974
-184 -124.951889 859.864502
-184 -127.866425 868.094849
-184 -130.346222 876.466431
-184 -132.384476 884.956299
-184 -133.975616 893.541260
-184 -135.115265 902.197693
-184 -135.800323 910.901917
-184 -136.028885 919.630066
-184 -135.800339 928.358215
-184 -135.115311 937.062500
-184 -133.975677 945.718933
-184 -132.384537 954.303833
-184 -130.346298 962.793762
-184 -127.866531 971.165344
-184 -124.952011 979.395691
-184 -121.610733 987.462219
-184 -117.851883 995.342834
-184 -113.685730 1003.015869
-184 -109.123718 1010.460388
-184 -104.178329 1017.655945
-184 -98.863144 1024.582886
-184 -93.192703 1031.222046
-184 -87.182571 1037.555420
-184 -80.849220 1043.565430
-184 -74.209984 1049.235840
-184 -67.283096 1054.551025
-184 -60.087524 1059.496460
-184 -52.642990 1064.058472
-184 -44.969894 1068.224609
-184 -37.089287 1071.983398
-184 -29.022749 1075.324585
-184 -20.792402 1078.239136
-184 -12.420801 1080.718872
-184 -3.930891 1082.757080
-184 4.654055 1084.348145
-184 13.310505 1085.487793
-184 22.014736 1086.172729
-154 27.891161 1124.413940
-154 37.651009 1124.158325
-154 47.384109 1123.392334
-154 57.063782 1122.117920
-154 66.663490 1120.338745
-154 76.156921 1118.059570
-154 85.518066 1115.286743
-154 94.721260 1112.027710
-154 103.741272 1108.291504
-154 112.553391 1104.088257
-154 121.133453 1099.429688
-154 129.457947 1094.328491
-154 137.504059 1088.798584
-154 145.249710 1082.855103
-154 152.673706 1076.514404
-154 159.755676 1069.793823
-154 166.476227 1062.711914
-154 172.816910 1055.287842
-154 178.760361 1047.542236
-154 184.290298 1039.496094
-154 189.391556 1031.171631
-154 194.050140 1022.591553
-154 198.253296 1013.779480
-154 201.989517 1004.759460
-154 205.248535 995.556274
-154 208.021423 986.195129
-154 210.300598 976.701721
-154 212.079803 967.101990
-154 213.354156 957.422363
-154 214.120178 947.689270
-154 214.375748 937.929443
-154 214.120178 928.169556
-154 213.354187 918.436523
-154 212.079834 908.756836
-154 210.300644 899.157166
-154 208.021484 889.663696
-154 205.248596 880.302551
-154 201.989578 871.099365
-154 198.253387 862.079346
-154 194.050232 853.267273
-154 189.391663 844.687195
-154 184.290421 836.362732
-154 178.760498 828.316650
-154 172.817047 820.570984
-154 166.476395 813.146973
-154 159.755859 806.065002
-154 152.673904 799.344482
-154 145.249939 793.003784
-154 137.504303 787.060303
-154 129.458206 781.530334
-154 121.133728 776.429077
-154 112.553680 771.770508
-154 103.741585 767.567322
-154 94.721588 763.831055
-154 85.518417 760.572021
-154 76.157288 757.799133
-154 66.663864 755.519958
-154 57.064171 753.740723
-154 47.384514 752.466370
-154 37.651428 751.700317
-154 27.891590 751.444702
-154 18.131750 751.700317
-154 8.398661 752.466248
-154 -1.281000 753.740601
-154 -10.880701 755.519775
-154 -20.374136 757.798950
-154 -29.735273 760.571777
-154 -38.938469 763.830811
-154 -47.958481 767.566956
-154 -56.770607 771.770081
-154 -65.350670 776.428650
-154 -73.675163 781.529907
-154 -81.721275 787.059814
-154 -89.466949 793.003235
-154 -96.890953 799.343872
-154 -103.972946 806.064392
-154 -110.693497 813.146301
-154 -117.034195 820.570313
-154 -122.977707 828.315979
-154 -128.507690 836.362061
-154 -133.608978 844.686584
-154 -138.267609 853.266663
-154 -142.470810 862.078796
-154 -146.207047 871.098816
-154 -149.466110 880.302063
-154 -152.239029 889.663208
-154 -154.518234 899.156677
-154 -156.297455 908.756409
-154 -157.571823 918.436157
-154 -158.337845 928.169250
-154 -158.593430 937.929138
-154 -158.337860 947.689026
-154 -157.571869 957.422180
-154 -156.297516 967.101868
-154 -154.518295 976.701599
-154 -152.239120 986.195068
-154 -149.466217 995.556274
-154 -146.207184 1004.759460
-154 -142.470947 1013.779541
-154 -138.267776 1022.591675
-154 -133.609146 1031.171753
-154 -128.507874 1039.496216
-154 -122.977905 1047.542358
-154 -117.034424 1055.288086
-154 -110.693695 1062.712036
-154 -103.973129 1069.794067
-154 -96.891121 1076.514648
-154 -89.467079 1082.855347
-154 -81.721382 1088.798828
-154 -73.675240 1094.328735
-154 -65.350708 1099.429932
-154 -56.770599 1104.088501
-154 -47.958443 1108.291748
-154 -38.938385 1112.027832
-154 -29.735147 1115.286865
-154 -20.373964 1118.059814
-154 -10.880484 1120.338867
-154 -1.280733 1122.118042
-154 8.398975 1123.392456
-154 18.132111 1124.158447
-124 31.770353 1134.874756
-124 41.666534 1134.615601
-124 51.535595 1133.838867
-124 61.350479 1132.546753
-124 71.084282 1130.742676
-124 80.710327 1128.431641
-124 90.202240 1125.620117
-124 99.533989 1122.315552
-124 108.680008 1118.527100
-124 117.615219 1114.265259
-124 126.315132 1109.541504
-124 134.755905 1104.369019
-124 142.914398 1098.761841
-124 150.768265 1092.735352
-124 158.295959 1086.306152
-124 165.476852 1079.491699
-124 172.291290 1072.310791
-124 178.720535 1064.783081
-124 184.747025 1056.929321
-124 190.354202 1048.770752
-124 195.526718 1040.329956
-124 200.250381 1031.630127
-124 204.512253 1022.694885
-124 208.300659 1013.548889
-124 211.605194 1004.217163
-124 214.416824 994.725220
-124 216.727829 985.099182
-124 218.531891 975.365417
-124 219.824051 965.550537
-124 220.600769 955.681519
-124 220.859909 945.785339
-124 220.600769 935.889160
-124 219.824066 926.020081
-124 218.531937 916.205200
-124 216.727875 906.471436
-124 214.416885 896.845398
-124 211.605255 887.353516
-124 208.300720 878.021729
-124 204.512329 868.875732
-124 200.250473 859.940552
-124 195.526825 851.240601
-124 190.354324 842.799866
-124 184.747162 834.641357
-124 178.720688 826.787476
-124 172.291458 819.259766
-124 165.477051 812.078918
-124 158.296158 805.264465
-124 150.768494 798.835205
-124 142.914642 792.808716
-124 134.756165 787.201538
-124 126.315414 782.029053
-124 117.615517 777.305359
-124 108.680321 773.043457
-124 99.534325 769.255005
-124 90.202591 765.950439
-124 80.710693 763.138794
-124 71.084663 760.827820
-124 61.350876 759.023743
-124 51.536003 757.731567
-124 41.666958 756.954834
-124 31.770788 756.695679
-124 21.874615 756.954773
-124 12.005566 757.731445
-124 2.190693 759.023621
-124 -7.543108 760.827637
-124 -17.169149 763.138611
-124 -26.661055 765.950195
-124 -35.992798 769.254761
-124 -45.138817 773.043091
-124 -54.074028 777.304932
-124 -62.773949 782.028564
-124 -71.214729 787.201050
-124 -79.373230 792.808228
-124 -87.227104 798.834656
-124 -94.754814 805.263916
-124 -101.935730 812.078308
-124 -108.750153 819.259155
-124 -115.179443 826.786804
-124 -121.205963 834.640686
-124 -126.813187 842.799194
-124 -131.985733 851.239990
-124 -136.709442 859.939941
-124 -140.971359 868.875122
-124 -144.759796 878.021179
-124 -148.064377 887.352966
-124 -150.876038 896.844910
-124 -153.187073 906.470947
-124 -154.991150 916.204834
-124 -156.283310 926.019714
-124 -157.060043 935.888794
-124 -157.319199 945.785034
-124 -157.060059 955.681274
-124 -156.283356 965.550354
-124 -154.991211 975.365295
-124 -153.187149 985.099121
-124 -150.876129 994.725220
-124 -148.064484 1004.217102
-124 -144.759933 1013.548889
-124 -140.971512 1022.694946
-124 -136.709610 1031.630249
-124 -131.985916 1040.330078
-124 -126.813385 1048.770874
-124 -121.206177 1056.929443
-124 -115.179657 1064.783325
-124 -108.750366 1072.311035
-124 -101.935913 1079.491943
-124 -94.754982 1086.306396
-124 -87.227242 1092.735596
-124 -79.373344 1098.762207
-124 -71.214806 1104.369385
-124 -62.773987 1109.541870
-124 -54.074028 1114.265503
-124 -45.138771 1118.527344
-124 -35.992714 1122.315796
-124 -26.660925 1125.620239
-124 -17.168978 1128.431885
-124 -7.542883 1130.742920
-124 2.190964 1132.546875
-124 12.005884 1133.838989
-124 21.874981 1134.615723
-94 38.019665 1148.155762
-94 48.350891 1147.885254
-94 58.653801 1147.074463
-94 68.900154 1145.725464
-94 79.061867 1143.842041
-94 89.111084 1141.429443
-94 99.020264 1138.494263
-94 108.762238 1135.044434
-94 118.310333 1131.089478
-94 127.638336 1126.640259
-94 136.720703 1121.708984
-94 145.532547 1116.309082
-94 154.049698 1110.455322
-94 162.248825 1104.163940
-94 170.107452 1097.452026
-94 177.604019 1090.338135
-94 184.718018 1082.841553
-94 191.429901 1074.982910
-94 197.721313 1066.783691
-94 203.574997 1058.266602
-94 208.974899 1049.454712
-94 213.906219 1040.372437
-94 218.355438 1031.044434
-94 222.310379 1021.496338
-94 225.760193 1011.754333
-94 228.695419 1001.845215
-94 231.108032 991.795959
-94 232.991394 981.634277
-94 234.340363 971.387939
-94 235.151215 961.085022
-94 235.421753 950.753845
-94 235.151230 940.422607
-94 234.340378 930.119690
-94 232.991440 919.873352
-94 231.108078 909.711670
-94 228.695480 899.662476
-94 225.760254 889.753296
-94 222.310455 880.011353
-94 218.355530 870.463257
-94 213.906311 861.135254
-94 208.975006 852.052856
-94 203.575119 843.241028
-94 197.721451 834.723877
-94 191.430054 826.524780
-94 184.718185 818.666138
-94 177.604218 811.169556
-94 170.107666 804.055542
-94 162.249054 797.343689
-94 154.049957 791.052246
-94 145.532822 785.198608
-94 136.721008 779.798706
-94 127.638641 774.867310
-94 118.310654 770.418091
-94 108.762589 766.463135
-94 99.020630 763.013306
-94 89.111465 760.078064
-94 79.062263 757.665405
-94 68.900566 755.782043
-94 58.654228 754.433105
-94 48.351334 753.622192
-94 38.020119 753.351624
-94 27.688902 753.622131
-94 17.386002 754.432983
-94 7.139658 755.781921
-94 -3.022045 757.665283
-94 -13.071259 760.077820
-94 -22.980434 763.013062
-94 -32.722416 766.462769
-94 -42.270496 770.417725
-94 -51.598507 774.866943
-94 -60.680882 779.798218
-94 -69.492722 785.198120
-94 -78.009888 791.051758
-94 -86.209015 797.343140
-94 -94.067657 804.054993
-94 -101.564240 811.168945
-94 -108.678238 818.665466
-94 -115.390152 826.524048
-94 -121.681610 834.723206
-94 -127.535339 843.240356
-94 -132.935272 852.052185
-94 -137.866638 861.134583
-94 -142.315918 870.462646
-94 -146.270889 880.010742
-94 -149.720749 889.752747
-94 -152.656006 899.661926
-94 -155.068634 909.711182
-94 -156.952026 919.872925
-94 -158.300995 930.119324
-94 -159.111862 940.422302
-94 -159.382416 950.753540
-94 -159.111893 961.084778
-94 -158.301041 971.387756
-94 -156.952087 981.634155
-94 -155.068710 991.795898
-94 -152.656097 1001.845154
-94 -149.720856 1011.754333
-94 -146.271042 1021.496338
-94 -142.316071 1031.044434
-94 -137.866821 1040.372559
-94 -132.935471 1049.454956
-94 -127.535538 1058.266724
-94 -121.681839 1066.783936
-94 -115.390396 1074.983154
-94 -108.678452 1082.841675
-94 -101.564438 1090.338379
-94 -94.067825 1097.452271
-94 -86.209167 1104.164185
-94 -78.010010 1110.455688
-94 -69.492813 1116.309326
-94 -60.680927 1121.709229
-94 -51.598507 1126.640503
-94 -42.270451 1131.089722
-94 -32.722324 1135.044678
-94 -22.980301 1138.494507
-94 -13.071079 1141.429688
-94 -3.021816 1143.842285
-94 7.139940 1145.725586
-94 17.386333 1147.074463
-94 27.689283 1147.885254
-64 43.437252 1123.426758
-64 52.950436 1123.177612
-64 62.437546 1122.430908
-64 71.872574 1121.188843
-64 81.229660 1119.454590
-64 90.483170 1117.233032
-64 99.607727 1114.530151
-64 108.578308 1111.353516
-64 117.370361 1107.711792
-64 125.959763 1103.614868
-64 134.322983 1099.073975
-64 142.437088 1094.101685
-64 150.279831 1088.711426
-64 157.829727 1082.918213
-64 165.066101 1076.737793
-64 171.969086 1070.187134
-64 178.519775 1063.284058
-64 184.700211 1056.047729
-64 190.493454 1048.497803
-64 195.883636 1040.655151
-64 200.855957 1032.541016
-64 205.396805 1024.177734
-64 209.493744 1015.588379
-64 213.135529 1006.796387
-64 216.312180 997.825806
-64 219.014984 988.701233
-64 221.236557 979.447754
-64 222.970795 970.090637
-64 224.212936 960.655640
-64 224.959595 951.168518
-64 225.208710 941.655396
-64 224.959610 932.142212
-64 224.212967 922.655090
-64 222.970825 913.220093
-64 221.236588 903.862976
-64 219.015045 894.609497
-64 216.312225 885.484985
-64 213.135590 876.514404
-64 209.493820 867.722351
-64 205.396896 859.132935
-64 200.856064 850.769714
-64 195.883743 842.655640
-64 190.493576 834.812866
-64 184.700348 827.263000
-64 178.519943 820.026611
-64 171.969269 813.123657
-64 165.066299 806.572937
-64 157.829956 800.392517
-64 150.280075 794.599243
-64 142.437332 789.209106
-64 134.323257 784.236694
-64 125.960052 779.695862
-64 117.370667 775.598938
-64 108.578629 771.957153
-64 99.608063 768.780457
-64 90.483521 766.077637
-64 81.230026 763.856079
-64 71.872955 762.121826
-64 62.437935 760.879639
-64 52.950840 760.132935
-64 43.437668 759.883789
-64 33.924496 760.132935
-64 24.437397 760.879517
-64 15.002377 762.121643
-64 5.645294 763.855835
-64 -3.608208 766.077393
-64 -12.732758 768.780212
-64 -21.703350 771.956787
-64 -30.495396 775.598572
-64 -39.084805 779.695496
-64 -47.448017 784.236328
-64 -55.562122 789.208618
-64 -63.404881 794.598755
-64 -70.954788 800.391968
-64 -78.191177 806.572388
-64 -85.094162 813.123047
-64 -91.644867 820.026001
-64 -97.825317 827.262329
-64 -103.618607 834.812256
-64 -109.008835 842.655029
-64 -113.981186 850.769104
-64 -118.522079 859.132324
-64 -122.619049 867.721741
-64 -126.260864 876.513855
-64 -129.437561 885.484436
-64 -132.140396 894.609009
-64 -134.362000 903.862549
-64 -136.096252 913.219666
-64 -137.338409 922.654724
-64 -138.085068 932.141907
-64 -138.334198 941.655090
-64 -138.085098 951.168335
-64 -137.338455 960.655457
-64 -136.096298 970.090515
-64 -134.362061 979.447632
-64 -132.140488 988.701172
-64 -129.437668 997.825745
-64 -126.261002 1006.796387
-64 -122.619186 1015.588440
-64 -118.522247 1024.177856
-64 -113.981369 1032.541138
-64 -109.009018 1040.655273
-64 -103.618805 1048.498047
-64 -97.825531 1056.047974
-64 -91.645065 1063.284302
-64 -85.094345 1070.187378
-64 -78.191330 1076.738037
-64 -70.954926 1082.918457
-64 -63.404987 1088.711670
-64 -55.562199 1094.101929
-64 -47.448055 1099.074219
-64 -39.084797 1103.615112
-64 -30.495358 1107.711914
-64 -21.703266 1111.353760
-64 -12.732632 1114.530396
-64 -3.608040 1117.233154
-64 5.645508 1119.454712
-64 15.002636 1121.188965
-64 24.437704 1122.431030
-64 33.924847 1123.177612
-34 37.846024 1111.617188
-34 46.953629 1111.378662
-34 56.036270 1110.663940
-34 65.069054 1109.474731
-34 74.027222 1107.814453
-34 82.886215 1105.687500
-34 91.621765 1103.099976
-34 100.209915 1100.058716
-34 108.627121 1096.572266
-34 116.850334 1092.649902
-34 124.856995 1088.302734
-34 132.625168 1083.542358
-34 140.133545 1078.381958
-34 147.361572 1072.835693
-34 154.289429 1066.918823
-34 160.898117 1060.647339
-34 167.169540 1054.038696
-34 173.086472 1047.110840
-34 178.632736 1039.882813
-34 183.793106 1032.374390
-34 188.553452 1024.606201
-34 192.900711 1016.599609
-34 196.822968 1008.376404
-34 200.309494 999.959167
-34 203.350723 991.371033
-34 205.938293 982.635498
-34 208.065155 973.776550
-34 209.725464 964.818359
-34 210.914642 955.785583
-34 211.629471 946.702942
-34 211.867966 937.595398
-34 211.629486 928.487793
-34 210.914673 919.405151
-34 209.725494 910.372375
-34 208.065201 901.414185
-34 205.938354 892.555237
-34 203.350769 883.819702
-34 200.309555 875.231567
-34 196.823044 866.814331
-34 192.900787 858.591125
-34 188.553543 850.584473
-34 183.793213 842.816284
-34 178.632858 835.307922
-34 173.086609 828.079895
-34 167.169693 821.152039
-34 160.898285 814.543335
-34 154.289612 808.271973
-34 147.361786 802.354980
-34 140.133789 796.808716
-34 132.625397 791.648315
-34 124.857254 786.888000
-34 116.850609 782.540771
-34 108.627411 778.618469
-34 100.210220 775.131897
-34 91.622086 772.090698
-34 82.886551 769.503052
-34 74.027573 767.376221
-34 65.069420 765.715881
-34 56.036648 764.526672
-34 46.954018 763.811829
-34 37.846424 763.573364
-34 28.738827 763.811829
-34 19.656195 764.526611
-34 10.623421 765.715759
-34 1.665260 767.376038
-34 -7.193733 769.502869
-34 -15.929276 772.090454
-34 -24.517422 775.131592
-34 -32.934639 778.618164
-34 -41.157845 782.540405
-34 -49.164513 786.887573
-34 -56.932686 791.647949
-34 -64.441078 796.808228
-34 -71.669113 802.354492
-34 -78.596985 808.271423
-34 -85.205688 814.542786
-34 -91.477112 821.151428
-34 -97.394073 828.079285
-34 -102.940369 835.307312
-34 -108.100784 842.815674
-34 -112.861160 850.583862
-34 -117.208450 858.590576
-34 -121.130768 866.813782
-34 -124.617310 875.231018
-34 -127.658569 883.819214
-34 -130.246185 892.554749
-34 -132.373062 901.413818
-34 -134.033386 910.372009
-34 -135.222580 919.404785
-34 -135.937408 928.487488
-34 -136.175919 937.595093
-34 -135.937439 946.702759
-34 -135.222626 955.785400
-34 -134.033432 964.818237
-34 -132.373123 973.776428
-34 -130.246262 982.635437
-34 -127.658676 991.371033
-34 -124.617447 999.959229
-34 -121.130890 1008.376465
-34 -117.208618 1016.599670
-34 -112.861328 1024.606445
-34 -108.100967 1032.374512
-34 -102.940567 1039.882935
-34 -97.394272 1047.110962
-34 -91.477295 1054.038940
-34 -85.205849 1060.647583
-34 -78.597137 1066.918945
-34 -71.669243 1072.835938
-34 -64.441185 1078.382202
-34 -56.932762 1083.542603
-34 -49.164551 1088.302979
-34 -41.157845 1092.650146
-34 -32.934593 1096.572510
-34 -24.517345 1100.058960
-34 -15.929153 1103.100098
-34 -7.193573 1105.687744
-34 1.665462 1107.814575
-34 10.623669 1109.474854
-34 19.656488 1110.663940
-34 28.739162 1111.378784
-4 45.963783 1107.487915
-4 54.928890 1107.253174
-4 63.869423 1106.549561
-4 72.760880 1105.379028
-4 81.578888 1103.744629
-4 90.299271 1101.651123
-4 98.898148 1099.104004
-4 107.351913 1096.110352
-4 115.637436 1092.678345
-4 123.731987 1088.817505
-4 131.613373 1084.538208
-4 139.260010 1079.852295
-4 146.650909 1074.772705
-4 153.765839 1069.313232
-4 160.585312 1063.488892
-4 167.090591 1057.315552
-4 173.263885 1050.810303
-4 179.088257 1043.990845
-4 184.547729 1036.875854
-4 189.627380 1029.484985
-4 194.313232 1021.838379
-4 198.592468 1013.956970
-4 202.453369 1005.862427
-4 205.885345 997.576965
-4 208.878967 989.123169
-4 211.426086 980.524292
-4 213.519653 971.803955
-4 215.153992 962.985962
-4 216.324554 954.094482
-4 217.028198 945.153992
-4 217.262970 936.188904
-4 217.028198 927.223755
-4 216.324585 918.283264
-4 215.154022 909.391785
-4 213.519684 900.573792
-4 211.426117 891.853455
-4 208.879028 883.254578
-4 205.885406 874.800781
-4 202.453430 866.515259
-4 198.592560 858.420776
-4 194.313324 850.539368
-4 189.627472 842.892700
-4 184.547852 835.501831
-4 179.088379 828.386902
-4 173.264038 821.567444
-4 167.090759 815.062134
-4 160.585495 808.888855
-4 153.766052 803.064453
-4 146.651138 797.604980
-4 139.260239 792.525391
-4 131.613617 787.839478
-4 123.732254 783.560242
-4 115.637726 779.699341
-4 107.352219 776.267334
-4 98.898460 773.273682
-4 90.299606 770.726563
-4 81.579231 768.632996
-4 72.761238 766.998657
-4 63.869797 765.828003
-4 54.929272 765.124390
-4 45.964176 764.889587
-4 36.999081 765.124329
-4 28.058554 765.827942
-4 19.167107 766.998535
-4 10.349106 768.632813
-4 1.628723 770.726379
-4 -6.970142 773.273438
-4 -15.423920 776.267090
-4 -23.709435 779.698975
-4 -31.803986 783.559875
-4 -39.685379 787.839111
-4 -47.332008 792.524902
-4 -54.722931 797.604553
-4 -61.837875 803.063965
-4 -68.657349 808.888306
-4 -75.162651 815.061584
-4 -81.335945 821.566833
-4 -87.160332 828.386292
-4 -92.619850 835.501221
-4 -97.699532 842.892151
-4 -102.385414 850.538757
-4 -106.664696 858.420166
-4 -110.525642 866.514771
-4 -113.957634 874.800293
-4 -116.951302 883.254089
-4 -119.498436 891.852966
-4 -121.592033 900.573425
-4 -123.226387 909.391418
-4 -124.396980 918.282898
-4 -125.100624 927.223511
-4 -125.335396 936.188599
-4 -125.100639 945.153748
-4 -124.397011 954.094299
-4 -123.226433 962.985840
-4 -121.592110 971.803833
-4 -119.498512 980.524292
-4 -116.951408 989.123169
-4 -113.957756 997.576965
-4 -110.525764 1005.862488
-4 -106.664848 1013.957092
-4 -102.385582 1021.838501
-4 -97.699699 1029.485107
-4 -92.620049 1036.876099
-4 -87.160530 1043.990967
-4 -81.336128 1050.810547
-4 -75.162811 1057.315796
-4 -68.657501 1063.489136
-4 -61.837997 1069.313477
-4 -54.723030 1074.772949
-4 -47.332085 1079.852539
-4 -39.685410 1084.538452
-4 -31.803978 1088.817627
-4 -23.709396 1092.678589
-4 -15.423843 1096.110596
-4 -6.970024 1099.104126
-4 1.628880 1101.651245
-4 10.349308 1103.744751
-4 19.167353 1105.379150
-4 28.058842 1106.549683
-4 36.999413 1107.253174
26 24.967127 1095.509766
26 33.400253 1095.288818
26 41.810257 1094.626953
26 50.174103 1093.525879
26 58.468857 1091.988525
26 66.671783 1090.019165
26 74.760399 1087.623291
26 82.712540 1084.807251
26 90.506393 1081.578857
26 98.120621 1077.947144
26 105.534332 1073.921753
26 112.727219 1069.514038
26 119.679558 1064.735840
26 126.372299 1059.600220
26 132.787094 1054.121460
26 138.906357 1048.314575
26 144.713348 1042.195313
26 150.192093 1035.780518
26 155.327606 1029.087769
26 160.105835 1022.135376
26 164.513641 1014.942505
26 168.538956 1007.528809
26 172.170746 999.914612
26 175.399063 992.120728
26 178.215057 984.168579
26 180.611008 976.080017
26 182.580353 967.877075
26 184.117706 959.582336
26 185.218826 951.218506
26 185.880707 942.808533
26 186.101547 934.375366
26 185.880722 925.942261
26 185.218842 917.532288
26 184.117737 909.168457
26 182.580399 900.873718
26 180.611069 892.670776
26 178.215103 884.582153
26 175.399124 876.630066
26 172.170807 868.836182
26 168.539032 861.221985
26 164.513718 853.808228
26 160.105927 846.615356
26 155.327728 839.663025
26 150.192215 832.970276
26 144.713486 826.555481
26 138.906525 820.436218
26 132.787277 814.629272
26 126.372490 809.150513
26 119.679764 804.015015
26 112.727440 799.236755
26 105.534569 794.828979
26 98.120872 790.803589
26 90.506668 787.171814
26 82.712822 783.943481
26 74.760696 781.127441
26 66.672096 778.731506
26 58.469185 776.762146
26 50.174438 775.224792
26 41.810608 774.123657
26 33.400612 773.461731
26 24.967497 773.240906
26 16.534382 773.461670
26 8.124380 774.123535
26 -0.239454 775.224670
26 -8.534201 776.761963
26 -16.737123 778.731323
26 -24.825739 781.127258
26 -32.777878 783.943237
26 -40.571739 787.171509
26 -48.185966 790.803284
26 -55.599678 794.828613
26 -62.792564 799.236328
26 -69.744911 804.014526
26 -76.437660 809.150024
26 -82.852470 814.628784
26 -88.971756 820.435730
26 -94.778732 826.554932
26 -100.257500 832.969727
26 -105.393059 839.662476
26 -110.171318 846.614807
26 -114.579155 853.807739
26 -118.604500 861.221436
26 -122.236336 868.835693
26 -125.464684 876.629578
26 -128.280701 884.581726
26 -130.676682 892.670349
26 -132.646057 900.873291
26 -134.183411 909.168091
26 -135.284546 917.531982
26 -135.946442 925.942017
26 -136.167282 934.375183
26 -135.946457 942.808289
26 -135.284576 951.218323
26 -134.183456 959.582214
26 -132.646118 967.877014
26 -130.676758 976.079956
26 -128.280792 984.168579
26 -125.464790 992.120789
26 -122.236458 999.914673
26 -118.604637 1007.528931
26 -114.579308 1014.942627
26 -110.171471 1022.135559
26 -105.393242 1029.087891
26 -100.257690 1035.780640
26 -94.778908 1042.195435
26 -88.971909 1048.314697
26 -82.852615 1054.121704
26 -76.437775 1059.600464
26 -69.745010 1064.735962
26 -62.792633 1069.514160
26 -55.599716 1073.921997
26 -48.185959 1077.947266
26 -40.571701 1081.579102
26 -32.777802 1084.807373
26 -24.825628 1087.623413
26 -16.736975 1090.019287
26 -8.534014 1091.988647
26 -0.239223 1093.526001
26 8.124651 1094.627075
26 16.534693 1095.288940
56 31.242899 1085.039307
56 39.272820 1084.829102
56 47.280731 1084.198853
56 55.244682 1083.150391
56 63.142845 1081.686523
56 70.953575 1079.811279
56 78.655457 1077.529907
56 86.227386 1074.848511
56 93.648613 1071.774536
56 100.898781 1068.316406
56 107.958031 1064.483643
56 114.807014 1060.286499
56 121.426941 1055.736816
56 127.799690 1050.846802
56 133.907791 1045.630005
56 139.734482 1040.100586
56 145.263824 1034.273926
56 150.480621 1028.165894
56 155.370590 1021.793091
56 159.920364 1015.173157
56 164.117416 1008.324219
56 167.950272 1001.264954
56 171.408417 994.014771
56 174.482391 986.593567
56 177.163757 979.021667
56 179.445145 971.319763
56 181.320343 963.509033
56 182.784180 955.610901
56 183.832657 947.646973
56 184.462891 939.639038
56 184.673172 931.609131
56 184.462906 923.579224
56 183.832672 915.571350
56 182.784210 907.607422
56 181.320374 899.709229
56 179.445190 891.898499
56 177.163803 884.196655
56 174.482452 876.624695
56 171.408493 869.203491
56 167.950348 861.953308
56 164.117508 854.894104
56 159.920456 848.045105
56 155.370712 841.425171
56 150.480728 835.052429
56 145.263947 828.944336
56 139.734634 823.117676
56 133.907959 817.588318
56 127.799873 812.371521
56 121.427147 807.481506
56 114.807220 802.931763
56 107.958260 798.734680
56 100.899025 794.901855
56 93.648865 791.443665
56 86.227661 788.369690
56 78.655746 785.688293
56 70.953873 783.406860
56 63.143158 781.531677
56 55.245003 780.067871
56 47.281059 779.019348
56 39.273163 778.389099
56 31.243252 778.178833
56 23.213341 778.389038
56 15.205437 779.019287
56 7.241493 780.067749
56 -0.656668 781.531555
56 -8.467394 783.406738
56 -16.169275 785.688110
56 -23.741201 788.369446
56 -31.162424 791.443359
56 -38.412598 794.901489
56 -45.471855 798.734375
56 -52.320831 802.931396
56 -58.940773 807.481079
56 -65.313530 812.371094
56 -71.421638 817.587830
56 -77.248344 823.117126
56 -82.777679 828.943848
56 -87.994499 835.051880
56 -92.884514 841.424622
56 -97.434319 848.044556
56 -101.631401 854.893555
56 -105.464287 861.952820
56 -108.922478 869.203003
56 -111.996468 876.624268
56 -114.677864 884.196228
56 -116.959282 891.898132
56 -118.834496 899.708862
56 -120.298363 907.607056
56 -121.346840 915.571045
56 -121.977089 923.578979
56 -122.187370 931.608948
56 -121.977104 939.638855
56 -121.346870 947.646790
56 -120.298409 955.610779
56 -118.834557 963.508972
56 -116.959358 971.319763
56 -114.677956 979.021667
56 -111.996590 986.593628
56 -108.922600 994.014832
56 -105.464424 1001.265015
56 -101.631538 1008.324341
56 -97.434471 1015.173340
56 -92.884689 1021.793274
56 -87.994682 1028.166016
56 -82.777847 1034.274170
56 -77.248489 1040.100830
56 -71.421776 1045.630127
56 -65.313644 1050.846924
56 -58.940865 1055.736938
56 -52.320900 1060.286743
56 -45.471886 1064.483765
56 -38.412598 1068.316650
56 -31.162386 1071.774780
56 -23.741133 1074.848755
56 -16.169168 1077.530029
56 -8.467249 1079.811523
56 -0.656487 1081.686646
56 7.241713 1083.150391
56 15.205694 1084.198853
56 23.213636 1084.829102
86 36.695709 1115.250122
86 45.578362 1115.017456
86 54.436665 1114.320313
86 63.246346 1113.160522
86 71.983246 1111.541260
86 80.623428 1109.466919
86 89.143211 1106.943237
86 97.519241 1103.977173
86 105.728546 1100.576660
86 113.748650 1096.751343
86 121.557549 1092.511475
86 129.133850 1087.868652
86 136.456787 1082.835815
86 143.506287 1077.426514
86 150.263031 1071.655762
86 156.708466 1065.539185
86 162.824982 1059.093750
86 168.595779 1052.337036
86 174.005051 1045.287476
86 179.037964 1037.964600
86 183.680740 1030.388306
86 187.920609 1022.579346
86 191.746002 1014.559265
86 195.146408 1006.349976
86 198.112518 997.973938
86 200.636185 989.454224
86 202.710495 980.814026
86 204.329803 972.077148
86 205.489624 963.267456
86 206.186783 954.409180
86 206.419388 945.526550
86 206.186798 936.643860
86 205.489639 927.785583
86 204.329834 918.975891
86 202.710541 910.239014
86 200.636230 901.598877
86 198.112564 893.079102
86 195.146469 884.703064
86 191.746078 876.493774
86 187.920700 868.473633
86 183.680832 860.664734
86 179.038071 853.088440
86 174.005173 845.765503
86 168.595917 838.716003
86 162.825134 831.959290
86 156.708649 825.513855
86 150.263199 819.397339
86 143.506485 813.626526
86 136.457001 808.217285
86 129.134094 803.184326
86 121.557800 798.541565
86 113.748917 794.301636
86 105.728828 790.476257
86 97.519531 787.075806
86 89.143524 784.109741
86 80.623756 781.586060
86 71.983589 779.511719
86 63.246696 777.892395
86 54.437035 776.732544
86 45.578739 776.035400
86 36.696098 775.802734
86 27.813457 776.035339
86 18.955160 776.732483
86 10.145493 777.892273
86 1.408592 779.511536
86 -7.231586 781.585815
86 -15.751362 784.109497
86 -24.127388 787.075562
86 -32.336700 790.475952
86 -40.356804 794.301331
86 -48.165703 798.541138
86 -55.742012 803.183899
86 -63.064949 808.216797
86 -70.114456 813.626038
86 -76.871208 819.396790
86 -83.316681 825.513306
86 -89.433197 831.958740
86 -95.204010 838.715454
86 -100.613312 845.764954
86 -105.646286 853.087891
86 -110.289078 860.664185
86 -114.528992 868.473083
86 -118.354416 876.493225
86 -121.754852 884.702576
86 -124.720993 893.078613
86 -127.244690 901.598389
86 -129.319046 910.238586
86 -130.938354 918.975525
86 -132.098175 927.785278
86 -132.795349 936.643616
86 -133.027969 945.526245
86 -132.795380 954.408936
86 -132.098221 963.267273
86 -130.938400 972.076965
86 -129.319107 980.813904
86 -127.244766 989.454163
86 -124.721100 997.973938
86 -121.754974 1006.349976
86 -118.354553 1014.559326
86 -114.529144 1022.579468
86 -110.289230 1030.388428
86 -105.646454 1037.964722
86 -100.613510 1045.287720
86 -95.204208 1052.337158
86 -89.433380 1059.093994
86 -83.316841 1065.539429
86 -76.871361 1071.655884
86 -70.114578 1077.426758
86 -63.065048 1082.835938
86 -55.742081 1087.868896
86 -48.165741 1092.511719
86 -40.356796 1096.751587
86 -32.336662 1100.576904
86 -24.127312 1103.977295
86 -15.751247 1106.943359
86 -7.231430 1109.467041
86 1.408794 1111.541382
86 10.145735 1113.160645
86 18.955446 1114.320435
86 27.813786 1115.017578
116 28.487047 1112.025269
116 37.253414 1111.795776
116 45.995750 1111.107666
116 54.690102 1109.963013
116 63.312630 1108.364990
116 71.839699 1106.317749
116 80.247948 1103.827148
116 88.514320 1100.899902
116 96.616158 1097.543945
116 104.531265 1093.768677
116 112.237938 1089.584229
116 119.715057 1085.002319
116 126.942123 1080.035278
116 133.899338 1074.696777
116 140.567627 1069.001587
116 146.928696 1062.965088
116 152.965149 1056.604004
116 158.660385 1049.935791
116 163.998840 1042.978516
116 168.965866 1035.751465
116 173.547852 1028.274414
116 177.732224 1020.567749
116 181.507538 1012.652649
116 184.863434 1004.550781
116 187.790710 996.284424
116 190.281326 987.876221
116 192.328506 979.349121
116 193.926605 970.726624
116 195.071228 962.032288
116 195.759277 953.289917
116 195.988831 944.523621
116 195.759277 935.757263
116 195.071259 927.014893
116 193.926636 918.320557
116 192.328537 909.698059
116 190.281387 901.170959
116 187.790756 892.762756
116 184.863495 884.496399
116 181.507599 876.394531
116 177.732315 868.479431
116 173.547943 860.772766
116 168.965973 853.295654
116 163.998962 846.068604
116 158.660507 839.111389
116 152.965286 832.443115
116 146.928864 826.082031
116 140.567810 820.045593
116 133.899536 814.350342
116 126.942345 809.011841
116 119.715286 804.044800
116 112.238190 799.462830
116 104.531525 795.278442
116 96.616440 791.503113
116 88.514610 788.147217
116 80.248253 785.219910
116 71.840027 782.729248
116 63.312965 780.682129
116 54.690453 779.083984
116 45.996117 777.939331
116 37.253788 777.251282
116 28.487432 777.021729
116 19.721075 777.251221
116 10.978745 777.939270
116 2.284405 779.083862
116 -6.338118 780.681946
116 -14.865187 782.729126
116 -23.273428 785.219727
116 -31.539801 788.146973
116 -39.641647 791.502808
116 -47.556755 795.278076
116 -55.263428 799.462463
116 -62.740547 804.044434
116 -69.967621 809.011414
116 -76.924843 814.349854
116 -83.593140 820.045044
116 -89.954231 826.081482
116 -95.990677 832.442505
116 -101.685944 839.110779
116 -107.024445 846.067993
116 -111.991516 853.295044
116 -116.573517 860.772217
116 -120.757935 868.478882
116 -124.533279 876.394043
116 -127.889206 884.495911
116 -130.816513 892.762268
116 -133.307175 901.170532
116 -135.354370 909.697632
116 -136.952484 918.320190
116 -138.097122 927.014587
116 -138.785172 935.756958
116 -139.014740 944.523315
116 -138.785187 953.289734
116 -138.097168 962.032104
116 -136.952530 970.726501
116 -135.354431 979.349060
116 -133.307251 987.876160
116 -130.816620 996.284424
116 -127.889328 1004.550842
116 -124.533417 1012.652710
116 -120.758087 1020.567810
116 -116.573685 1028.274536
116 -111.991684 1035.751709
116 -107.024628 1042.978760
116 -101.686142 1049.935913
116 -95.990860 1056.604248
116 -89.954391 1062.965332
116 -83.593292 1069.001831
116 -76.924965 1074.697021
116 -69.967720 1080.035522
116 -62.740616 1085.002563
116 -55.263466 1089.584473
116 -47.556747 1093.768921
116 -39.641602 1097.544189
116 -31.539724 1100.900146
116 -23.273314 1103.827393
116 -14.865030 1106.317993
116 -6.337919 1108.365112
116 2.284645 1109.963135
116 10.979027 1111.107788
116 19.721397 1111.795776
146 14.787921 1065.352295
146 22.489370 1065.150635
146 30.169710 1064.546143
146 37.807892 1063.540649
146 45.382973 1062.136597
146 52.874199 1060.338135
146 60.261032 1058.150146
146 67.523224 1055.578369
146 74.640869 1052.630127
146 81.594467 1049.313477
146 88.364952 1045.637451
146 94.933769 1041.612061
146 101.282906 1037.248413
146 107.394974 1032.558472
146 113.253212 1027.555054
146 118.841553 1022.251892
146 124.144707 1016.663513
146 129.148117 1010.805298
146 133.838058 1004.693237
146 138.201721 998.344116
146 142.227097 991.775269
146 145.903152 985.004761
146 149.219849 978.051208
146 152.168076 970.933594
146 154.739746 963.671387
146 156.927826 956.284546
146 158.726303 948.793335
146 160.130264 941.218262
146 161.135849 933.580078
146 161.740311 925.899780
146 161.941986 918.198303
146 161.740326 910.496887
146 161.135880 902.816528
146 160.130295 895.178406
146 158.726334 887.603333
146 156.927872 880.112061
146 154.739792 872.725281
146 152.168121 865.463074
146 149.219910 858.345459
146 145.903229 851.391846
146 142.227173 844.621338
146 138.201797 838.052551
146 133.838165 831.703369
146 129.148224 825.591309
146 124.144844 819.733093
146 118.841705 814.144775
146 113.253372 808.841614
146 107.395149 803.838196
146 101.283104 799.148254
146 94.933975 794.784607
146 88.365173 790.759216
146 81.594696 787.083130
146 74.641113 783.766418
146 67.523483 780.818176
146 60.261303 778.246460
146 52.874481 776.058411
146 45.383270 774.259888
146 37.808197 772.855957
146 30.170029 771.850342
146 22.489698 771.245850
146 14.788259 771.044189
146 7.086818 771.245850
146 -0.593514 771.850281
146 -8.231687 772.855835
146 -15.806766 774.259766
146 -23.297985 776.058228
146 -30.684814 778.246277
146 -37.947006 780.817932
146 -45.064655 783.766113
146 -52.018253 787.082825
146 -58.788746 790.758850
146 -65.357567 794.784241
146 -71.706711 799.147827
146 -77.818787 803.837769
146 -83.677032 808.841187
146 -89.265396 814.144287
146 -94.568550 819.732605
146 -99.571968 825.590820
146 -104.261955 831.702881
146 -108.625641 838.052002
146 -112.651039 844.620850
146 -116.327148 851.391357
146 -119.643875 858.344971
146 -122.592117 865.462646
146 -125.163818 872.724854
146 -127.351929 880.111694
146 -129.150436 887.602966
146 -130.554413 895.178040
146 -131.559998 902.816284
146 -132.164474 910.496643
146 -132.366150 918.198120
146 -132.164490 925.899597
146 -131.560043 933.579956
146 -130.554459 941.218140
146 -129.150482 948.793274
146 -127.351990 956.284485
146 -125.163910 963.671387
146 -122.592224 970.933594
146 -119.643982 978.051270
146 -116.327271 985.004883
146 -112.651176 991.775391
146 -108.625786 998.344238
146 -104.262123 1004.693359
146 -99.572144 1010.805481
146 -94.568703 1016.663696
146 -89.265533 1022.252075
146 -83.677162 1027.555176
146 -77.818893 1032.558594
146 -71.706802 1037.248535
146 -65.357628 1041.612183
146 -58.788776 1045.637573
146 -52.018253 1049.313721
146 -45.064621 1052.630371
146 -37.946941 1055.578613
146 -30.684715 1058.150269
146 -23.297848 1060.338257
146 -15.806592 1062.136719
146 -8.231477 1063.540649
146 -0.593267 1064.546265
146 7.087102 1065.150635
176 27.825867 1073.778564
176 35.618649 1073.574463
176 43.390072 1072.962891
176 51.118835 1071.945313
176 58.783756 1070.524780
176 66.363815 1068.704956
176 73.838257 1066.490967
176 81.186569 1063.888672
176 88.388634 1060.905518
176 95.424698 1057.549561
176 102.275475 1053.829834
176 108.922195 1049.756714
176 115.346626 1045.341309
176 121.531181 1040.595703
176 127.458893 1035.532959
176 133.113510 1030.166992
176 138.479553 1024.512329
176 143.542297 1018.584656
176 148.287872 1012.400085
176 152.703262 1005.975647
176 156.776382 999.328918
176 160.496033 992.478149
176 163.852066 985.442139
176 166.835251 978.240051
176 169.437424 970.891724
176 171.651459 963.417358
176 173.471268 955.837280
176 174.891876 948.172363
176 175.909393 940.443604
176 176.521011 932.672180
176 176.725082 924.879395
176 176.521027 917.086670
176 175.909409 909.315247
176 174.891907 901.586487
176 173.471298 893.921570
176 171.651505 886.341492
176 169.437469 878.867065
176 166.835312 871.518738
176 163.852127 864.316711
176 160.496109 857.280640
176 156.776459 850.429871
176 152.703354 843.783142
176 148.287964 837.358704
176 143.542419 831.174194
176 138.479691 825.246460
176 133.113663 819.591858
176 127.459053 814.225830
176 121.531357 809.163086
176 115.346825 804.417480
176 108.922401 800.002075
176 102.275696 795.928955
176 95.424927 792.209290
176 88.388885 788.853271
176 81.186836 785.870056
176 73.838531 783.267822
176 66.364105 781.053833
176 58.784058 779.234009
176 51.119148 777.813354
176 43.390396 776.795837
176 35.618980 776.184204
176 27.826208 775.980103
176 20.033434 776.184143
176 12.262017 776.795776
176 4.533262 777.813232
176 -3.131651 779.233826
176 -10.711712 781.053650
176 -18.186146 783.267639
176 -25.534462 785.869812
176 -32.736523 788.852966
176 -39.772591 792.208984
176 -46.623367 795.928589
176 -53.270088 800.001709
176 -59.694534 804.417053
176 -65.879089 809.162598
176 -71.806808 814.225342
176 -77.461449 819.591370
176 -82.827492 825.245972
176 -87.890251 831.173645
176 -92.635857 837.358215
176 -97.051292 843.782654
176 -101.124435 850.429382
176 -104.844131 857.280151
176 -108.200195 864.316223
176 -111.183411 871.518311
176 -113.785614 878.866638
176 -115.999664 886.341125
176 -117.819489 893.921204
176 -119.240128 901.586121
176 -120.257645 909.314941
176 -120.869278 917.086365
176 -121.073349 924.879211
176 -120.869293 932.671997
176 -120.257675 940.443481
176 -119.240158 948.172241
176 -117.819550 955.837158
176 -115.999725 963.417297
176 -113.785690 970.891724
176 -111.183517 978.240112
176 -108.200302 985.442139
176 -104.844269 992.478271
176 -101.124573 999.329041
176 -97.051437 1005.975769
176 -92.636024 1012.400269
176 -87.890427 1018.584839
176 -82.827652 1024.512573
176 -77.461594 1030.167114
176 -71.806946 1035.533203
176 -65.879196 1040.595947
176 -59.694618 1045.341553
176 -53.270149 1049.756958
176 -46.623398 1053.830078
176 -39.772583 1057.549683
176 -32.736488 1060.905762
176 -25.534397 1063.888916
176 -18.186043 1066.491089
176 -10.711575 1068.705078
176 -3.131477 1070.524902
176 4.533476 1071.945435
176 12.262268 1072.962891
176 20.033722 1073.574463
206 23.065220 1088.645752
206 31.319799 1088.429565
206 39.551750 1087.781738
206 47.738518 1086.703857
206 55.857655 1085.199097
206 63.886909 1083.271362
206 71.804276 1080.926147
206 79.588051 1078.169800
206 87.216904 1075.009766
206 94.669922 1071.454956
206 101.926666 1067.514893
206 108.967270 1063.200317
206 115.772415 1058.523315
206 122.323456 1053.496460
206 128.602448 1048.133789
206 134.592148 1042.449707
206 140.276184 1036.459961
206 145.638931 1030.181030
206 150.665726 1023.630005
206 155.342773 1016.824829
206 159.657257 1009.784241
206 163.597351 1002.527466
206 167.152252 995.074463
206 170.312225 987.445679
206 173.068604 979.661865
206 175.413834 971.744507
206 177.341476 963.715271
206 178.846283 955.596130
206 179.924088 947.409363
206 180.571960 939.177429
206 180.788116 930.922852
206 180.571976 922.668335
206 179.924103 914.436340
206 178.846313 906.249634
206 177.341522 898.130493
206 175.413879 890.101196
206 173.068649 882.183838
206 170.312286 874.400085
206 167.152313 866.771240
206 163.597427 859.318237
206 159.657349 852.061523
206 155.342865 845.020874
206 150.665848 838.215759
206 145.639053 831.664734
206 140.276321 825.385742
206 134.592316 819.395996
206 128.602615 813.711975
206 122.323639 808.349243
206 115.772614 803.322449
206 108.967484 798.645386
206 101.926910 794.330872
206 94.670166 790.390808
206 87.217163 786.835876
206 79.588333 783.675903
206 71.804565 780.919495
206 63.887215 778.574219
206 55.857975 776.646606
206 47.738846 775.141785
206 39.552094 774.063965
206 31.320152 773.416077
206 23.065582 773.199890
206 14.811012 773.416016
206 6.579065 774.063843
206 -1.607691 775.141663
206 -9.726826 776.646423
206 -17.756077 778.574097
206 -25.673439 780.919250
206 -33.457214 783.675659
206 -41.086063 786.835571
206 -48.539082 790.390442
206 -55.795834 794.330566
206 -62.836437 798.645020
206 -69.641586 803.322021
206 -76.192642 808.348755
206 -82.471634 813.711487
206 -88.461365 819.395508
206 -94.145401 825.385193
206 -99.508163 831.664124
206 -104.535004 838.215210
206 -109.212097 845.020386
206 -113.526611 852.060974
206 -117.466736 859.317749
206 -121.021667 866.770752
206 -124.181671 874.399658
206 -126.938080 882.183411
206 -129.283325 890.100830
206 -131.211014 898.130127
206 -132.715820 906.249268
206 -133.793640 914.436035
206 -134.441513 922.668030
206 -134.657684 930.922668
206 -134.441544 939.177246
206 -133.793671 947.409241
206 -132.715866 955.596008
206 -131.211060 963.715210
206 -129.283401 971.744507
206 -126.938171 979.661865
206 -124.181778 987.445679
206 -121.021790 995.074524
206 -117.466873 1002.527588
206 -113.526749 1009.784363
206 -109.212250 1016.824951
206 -104.535172 1023.630127
206 -99.508362 1030.181152
206 -94.145569 1036.460205
206 -88.461517 1042.449951
206 -82.471771 1048.133911
206 -76.192749 1053.496704
206 -69.641678 1058.523560
206 -62.836498 1063.200562
206 -55.795872 1067.515015
206 -48.539074 1071.455078
206 -41.086025 1075.010010
206 -33.457142 1078.169922
206 -25.673332 1080.926392
206 -17.755928 1083.271606
206 -9.726639 1085.199219
206 -1.607466 1086.703979
206 6.579330 1087.781738
206 14.811316 1088.429565
236 24.902561 941.587036
236 29.497490 941.466675
236 34.079826 941.106079
236 38.637005 940.506104
236 43.156540 939.668457
236 47.626041 938.595398
236 52.033260 937.289917
236 56.366112 935.755554
236 60.612732 933.996582
236 64.761467 932.017700
236 68.800949 929.824463
236 72.720123 927.422791
236 76.508217 924.819336
236 80.154861 922.021118
236 83.650078 919.035950
236 86.984261 915.871948
236 90.148285 912.537720
236 93.133484 909.042542
236 95.931656 905.395874
236 98.535141 901.607788
236 100.936813 897.688599
236 103.130066 893.649109
236 105.108917 889.500427
236 106.867920 885.253784
236 108.402267 880.920959
236 109.707733 876.513733
236 110.780762 872.044250
236 111.618423 867.524719
236 112.218384 862.967529
236 112.579025 858.385193
236 112.699341 853.790283
236 112.579025 849.195374
236 112.218399 844.613037
236 111.618439 840.055847
236 110.780792 835.536316
236 109.707764 831.066833
236 108.402283 826.659607
236 106.867950 822.326721
236 105.108948 818.080139
236 103.130112 813.931396
236 100.936859 809.891907
236 98.535202 805.972778
236 95.931717 802.184631
236 93.133545 798.538025
236 90.148376 795.042786
236 86.984344 791.708618
236 83.650177 788.544556
236 80.154968 785.559387
236 76.508331 782.761230
236 72.720238 780.157715
236 68.801086 777.756042
236 64.761604 775.562805
236 60.612877 773.583923
236 56.366268 771.824951
236 52.033424 770.290588
236 47.626213 768.985107
236 43.156715 767.912048
236 38.637188 767.074402
236 34.080013 766.474426
236 29.497686 766.113770
236 24.902763 765.993408
236 20.307838 766.113770
236 15.725509 766.474365
236 11.168333 767.074341
236 6.648802 767.911987
236 2.179302 768.984985
236 -2.227915 770.290466
236 -6.560770 771.824768
236 -10.807384 773.583740
236 -14.956123 775.562622
236 -18.995609 777.755859
236 -22.914776 780.157471
236 -26.702877 782.760986
236 -30.349533 785.559143
236 -33.844749 788.544312
236 -37.178944 791.708313
236 -40.342976 795.042480
236 -43.328175 798.537720
236 -46.126369 802.184326
236 -48.729877 805.972473
236 -51.131565 809.891602
236 -53.324841 813.931091
236 -55.303707 818.079834
236 -57.062725 822.326477
236 -58.597088 826.659363
236 -59.902576 831.066589
236 -60.975620 835.536072
236 -61.813282 840.055664
236 -62.413250 844.612854
236 -62.773891 849.195190
236 -62.894222 853.790161
236 -62.773907 858.385071
236 -62.413273 862.967407
236 -61.813305 867.524658
236 -60.975651 872.044189
236 -59.902615 876.513672
236 -58.597141 880.920959
236 -57.062786 885.253784
236 -55.303776 889.500427
236 -53.324917 893.649170
236 -51.131649 897.688660
236 -48.729969 901.607849
236 -46.126469 905.395996
236 -43.328281 909.042603
236 -40.343067 912.537842
236 -37.179028 915.872009
236 -33.844830 919.036072
236 -30.349598 922.021240
236 -26.702930 924.819458
236 -22.914814 927.422913
236 -18.995628 929.824585
236 -14.956120 932.017822
236 -10.807365 933.996704
236 -6.560730 935.755676
236 -2.227856 937.290039
236 2.179382 938.595459
236 6.648905 939.668518
236 11.168459 940.506104
236 15.725657 941.106079
236 20.308008 941.466675
266 27.862162 966.422974
266 33.186550 966.283569
266 38.496346 965.865662
266 43.776993 965.170410
266 49.014015 964.199829
266 54.193062 962.956421
266 59.299942 961.443726
266 64.320648 959.665771
266 69.241432 957.627502
266 74.048798 955.334534
266 78.729561 952.793091
266 83.270905 950.010132
266 87.660370 946.993347
266 91.885941 943.750977
266 95.936028 940.291870
266 99.799522 936.625549
266 103.465851 932.762024
266 106.924950 928.711975
266 110.167336 924.486389
266 113.184143 920.096924
266 115.967079 915.555542
266 118.508530 910.874817
266 120.801514 906.067444
266 122.839767 901.146667
266 124.617699 896.125977
266 126.130417 891.019104
266 127.373795 885.840027
266 128.344437 880.603027
266 129.039642 875.322388
266 129.457535 870.012634
266 129.596954 864.688232
266 129.457535 859.363831
266 129.039658 854.054077
266 128.344452 848.773438
266 127.373817 843.536377
266 126.130447 838.357361
266 124.617729 833.250488
266 122.839806 828.229797
266 120.801559 823.309021
266 118.508575 818.501648
266 115.967133 813.820862
266 113.184204 809.279541
266 110.167412 804.890076
266 106.925026 800.664490
266 103.465942 796.614380
266 99.799622 792.750916
266 95.936134 789.084595
266 91.886063 785.625488
266 87.660507 782.383057
266 83.271042 779.366272
266 78.729713 776.583374
266 74.048950 774.041870
266 69.241600 771.748901
266 64.320831 769.710632
266 59.300133 767.932678
266 54.193260 766.419922
266 49.014221 765.176575
266 43.777203 764.205933
266 38.496563 763.510742
266 33.186775 763.092834
266 27.862396 762.953369
266 22.538013 763.092773
266 17.228224 763.510681
266 11.947582 764.205872
266 6.710560 765.176453
266 1.531513 766.419861
266 -3.575361 767.932556
266 -8.596071 769.710449
266 -13.516848 771.748718
266 -18.324213 774.041687
266 -23.004980 776.583130
266 -27.546324 779.366028
266 -31.935801 782.382813
266 -36.161377 785.625183
266 -40.211472 789.084290
266 -44.074974 792.750610
266 -47.741310 796.614075
266 -51.200417 800.664124
266 -54.442833 804.889709
266 -57.459656 809.279175
266 -60.242615 813.820557
266 -62.784088 818.501282
266 -65.077103 823.308655
266 -67.115372 828.229492
266 -68.893318 833.250183
266 -70.406059 838.357117
266 -71.649452 843.536133
266 -72.620087 848.773193
266 -73.315308 854.053833
266 -73.733200 859.363647
266 -73.872635 864.688049
266 -73.733215 870.012451
266 -73.315331 875.322266
266 -72.620117 880.602966
266 -71.649490 885.840027
266 -70.406105 891.019043
266 -68.893379 896.125977
266 -67.115448 901.146667
266 -65.077179 906.067505
266 -62.784180 910.874878
266 -60.242714 915.555664
266 -57.459763 920.096985
266 -54.442947 924.486511
266 -51.200539 928.712036
266 -47.741417 932.762146
266 -44.075073 936.625671
266 -40.211563 940.291992
266 -36.161453 943.751099
266 -31.935862 946.993469
266 -27.546370 950.010254
266 -23.005003 952.793213
266 -18.324209 955.334656
266 -13.516825 957.627686
266 -8.596025 959.665894
266 -3.575293 961.443848
266 1.531609 962.956543
266 6.710680 964.199890
266 11.947728 965.170532
266 17.228395 965.865723
266 22.538210 966.283569
296 27.225843 978.932312
296 33.079025 978.778992
296 38.916168 978.319641
296 44.721268 977.555359
296 50.478409 976.488342
296 56.171822 975.121460
296 61.785889 973.458496
296 67.305237 971.504028
296 72.714722 969.263306
296 77.999535 966.742615
296 83.145172 963.948730
296 88.137543 960.889404
296 92.962959 957.572998
296 97.608192 954.008606
296 102.060516 950.205933
296 106.307716 946.175476
296 110.338173 941.928284
296 114.140808 937.475952
296 117.705223 932.830750
296 121.021645 928.005310
296 124.080971 923.012939
296 126.874825 917.867310
296 129.395538 912.582520
296 131.636230 907.173035
296 133.590729 901.653687
296 135.253677 896.039612
296 136.620544 890.346252
296 137.687576 884.589111
296 138.451828 878.783997
296 138.911224 872.946838
296 139.064499 867.093689
296 138.911240 861.240540
296 138.451843 855.403381
296 137.687592 849.598267
296 136.620575 843.841125
296 135.253723 838.147766
296 133.590759 832.533691
296 131.636261 827.014343
296 129.395584 821.604858
296 126.874878 816.320068
296 124.081032 811.174438
296 121.021713 806.182007
296 117.705307 801.356628
296 114.140900 796.711426
296 110.338272 792.259094
296 106.307831 788.011841
296 102.060638 783.981445
296 97.608330 780.178772
296 92.963104 776.614380
296 88.137695 773.297913
296 83.145340 770.238586
296 77.999710 767.444763
296 72.714912 764.924011
296 67.305435 762.683350
296 61.786095 760.728821
296 56.172035 759.065857
296 50.478634 757.698975
296 44.721497 756.631958
296 38.916409 755.867676
296 33.079277 755.408264
296 27.226101 755.254944
296 21.372923 755.408203
296 15.535789 755.867615
296 9.730696 756.631836
296 3.973555 757.698853
296 -1.719852 759.065674
296 -7.333921 760.728638
296 -12.853266 762.683105
296 -18.262754 764.923828
296 -23.547564 767.444519
296 -28.693209 770.238342
296 -33.685577 773.297668
296 -38.510994 776.614075
296 -43.156235 780.178467
296 -47.608566 783.981079
296 -51.855782 788.011475
296 -55.886238 792.258667
296 -59.688889 796.710999
296 -63.253326 801.356201
296 -66.569771 806.181641
296 -69.629120 811.174011
296 -72.422997 816.319702
296 -74.943748 821.604492
296 -77.184448 827.014038
296 -79.138969 832.533386
296 -80.801949 838.147461
296 -82.168839 843.840881
296 -83.235870 849.598022
296 -84.000137 855.403137
296 -84.459534 861.240295
296 -84.612816 867.093506
296 -84.459549 872.946716
296 -84.000160 878.783875
296 -83.235909 884.588989
296 -82.168877 890.346191
296 -80.802002 896.039612
296 -79.139038 901.653687
296 -77.184532 907.173035
296 -74.943832 912.582581
296 -72.423096 917.867371
296 -69.629227 923.013062
296 -66.569885 928.005432
296 -63.253456 932.830872
296 -59.689018 937.476074
296 -55.886353 941.928406
296 -51.855888 946.175659
296 -47.608665 950.206116
296 -43.156319 954.008728
296 -38.511063 957.573181
296 -33.685623 960.889587
296 -28.693232 963.948914
296 -23.547564 966.742737
296 -18.262728 969.263489
296 -12.853216 971.504150
296 -7.333845 973.458618
296 -1.719749 975.121582
296 3.973688 976.488403
296 9.730856 977.555420
296 15.535976 978.319702
296 21.373138 978.779053
326 33.121758 860.894592
326 35.674225 860.827759
326 38.219696 860.627441
326 40.751190 860.294128
326 43.261780 859.828796
326 45.744568 859.232727
326 48.192764 858.507568
326 50.599648 857.655273
326 52.958630 856.678101
326 55.263237 855.578857
326 57.507156 854.360535
326 59.684242 853.026428
326 61.788513 851.580200
326 63.814217 850.025818
326 65.755798 848.367554
326 67.607925 846.609924
326 69.365524 844.757813
326 71.023788 842.816223
326 72.578171 840.790527
326 74.024399 838.686279
326 75.358513 836.509155
326 76.576859 834.265259
326 77.676102 831.960632
326 78.653221 829.601685
326 79.505539 827.194824
326 80.230728 824.746582
326 80.826797 822.263794
326 81.292107 819.753235
326 81.625381 817.221741
326 81.825714 814.676270
326 81.892563 812.123779
326 81.825722 809.571350
326 81.625397 807.025879
326 81.292114 804.494385
326 80.826813 801.983826
326 80.230743 799.500977
326 79.505554 797.052795
326 78.653244 794.645935
326 77.676117 792.286926
326 76.576889 789.982361
326 75.358536 787.738403
326 74.024429 785.561340
326 72.578201 783.457092
326 71.023827 781.431396
326 69.365570 779.489807
326 67.607971 777.637695
326 65.755844 775.880066
326 63.814278 774.221802
326 61.788578 772.667419
326 59.684307 771.221191
326 57.507233 769.887085
326 55.263313 768.668701
326 52.958710 767.569458
326 50.599735 766.592346
326 48.192856 765.739990
326 45.744663 765.014832
326 43.261875 764.418762
326 40.751293 763.953430
326 38.219799 763.620178
326 35.674332 763.419800
326 33.121868 763.352966
326 30.569405 763.419800
326 28.023937 763.620117
326 25.492443 763.953430
326 22.981857 764.418701
326 20.499067 765.014771
326 18.050873 765.739929
326 15.643990 766.592285
326 13.285009 767.569397
326 10.980400 768.668640
326 8.736479 769.886963
326 6.559397 771.221069
326 4.455120 772.667297
326 2.429415 774.221680
326 0.487835 775.879883
326 -1.364300 777.637512
326 -3.121906 779.489624
326 -4.780174 781.431213
326 -6.334560 783.456909
326 -7.780804 785.561157
326 -9.114929 787.738281
326 -10.333286 789.982178
326 -11.432537 792.286804
326 -12.409668 794.645813
326 -13.262001 797.052673
326 -13.987194 799.500854
326 -14.583267 801.983704
326 -15.048584 804.494263
326 -15.381866 807.025757
326 -15.582203 809.571228
326 -15.649044 812.123718
326 -15.582207 814.676208
326 -15.381878 817.221680
326 -15.048599 819.753174
326 -14.583286 822.263794
326 -13.987217 824.746582
326 -13.262028 827.194763
326 -12.409702 829.601685
326 -11.432575 831.960693
326 -10.333332 834.265259
326 -9.114975 836.509216
326 -7.780853 838.686279
326 -6.334614 840.790588
326 -4.780231 842.816284
326 -3.121960 844.757874
326 -1.364346 846.609985
326 0.487789 848.367615
326 2.429379 850.025879
326 4.455090 851.580261
326 6.559376 853.026489
326 8.736469 854.360596
326 10.980400 855.578918
326 13.285021 856.678162
326 15.644011 857.655273
326 18.050907 858.507629
326 20.499111 859.232788
326 22.981916 859.828857
326 25.492512 860.294189
326 28.024019 860.627441
326 30.569500 860.827759
356 -1.944809 1074.414063
356 5.631043 1074.215698
356 13.186131 1073.621094
356 20.699747 1072.631958
356 28.151295 1071.250854
356 35.520348 1069.481689
356 42.786716 1067.329346
356 49.930477 1064.799561
356 56.932053 1061.899414
356 63.772255 1058.636841
356 70.432320 1055.020752
356 76.894012 1051.061035
356 83.139610 1046.768555
356 89.151993 1042.155029
356 94.914696 1037.233276
356 100.411903 1032.016602
356 105.628578 1026.519287
356 110.550377 1020.756653
356 115.163849 1014.744263
356 119.456329 1008.498657
356 123.416061 1002.036987
356 127.032181 995.376892
356 130.294785 988.536743
356 133.194931 981.535156
356 135.724670 974.391418
356 137.877060 967.125061
356 139.646210 959.755981
356 141.027283 952.304443
356 142.016464 944.790833
356 142.611069 937.235779
356 142.809448 929.659912
356 142.611069 922.084106
356 142.016479 914.528992
356 141.027298 907.015381
356 139.646240 899.563843
356 137.877106 892.194824
356 135.724716 884.928467
356 133.194977 877.784668
356 130.294846 870.783142
356 127.032242 863.942932
356 123.416138 857.282837
356 119.456421 850.821167
356 115.163948 844.575562
356 110.550491 838.563171
356 105.628708 832.800476
356 100.412056 827.303284
356 94.914856 822.086609
356 89.152168 817.164795
356 83.139801 812.551331
356 76.894211 808.258850
356 70.432533 804.299133
356 63.772476 800.682983
356 56.932293 797.420349
356 49.930733 794.520203
356 42.786983 791.990479
356 35.520630 789.838013
356 28.151587 788.068909
356 20.700050 786.687805
356 13.186445 785.698608
356 5.631367 785.104004
356 -1.944477 784.905579
356 -9.520321 785.103943
356 -17.075403 785.698547
356 -24.589010 786.687683
356 -32.040554 788.068726
356 -39.409603 789.837891
356 -46.675968 791.990234
356 -53.819729 794.519958
356 -60.821304 797.420105
356 -67.661499 800.682678
356 -74.321579 804.298767
356 -80.783264 808.258484
356 -87.028870 812.550964
356 -93.041267 817.164368
356 -98.803978 822.086182
356 -104.301208 827.302795
356 -109.517876 832.799988
356 -114.439697 838.562683
356 -119.053200 844.575073
356 -123.345718 850.820679
356 -127.305473 857.282349
356 -130.921631 863.942444
356 -134.184265 870.782654
356 -137.084427 877.784241
356 -139.614197 884.928040
356 -141.766617 892.194458
356 -143.535797 899.563538
356 -144.916870 907.015076
356 -145.906067 914.528748
356 -146.500671 922.083862
356 -146.699066 929.659729
356 -146.500687 937.235596
356 -145.906097 944.790710
356 -144.916916 952.304321
356 -143.535843 959.755920
356 -141.766678 967.125000
356 -139.614288 974.391418
356 -137.084534 981.535156
356 -134.184372 988.536804
356 -130.921753 995.377014
356 -127.305611 1002.037109
356 -123.345863 1008.498779
356 -119.053360 1014.744385
356 -114.439865 1020.756836
356 -109.518028 1026.519531
356 -104.301346 1032.016724
356 -98.804108 1037.233398
356 -93.041374 1042.155273
356 -87.028961 1046.768677
356 -80.783325 1051.061157
356 -74.321602 1055.020874
356 -67.661499 1058.636963
356 -60.821270 1061.899658
356 -53.819664 1064.799805
356 -46.675869 1067.329468
356 -39.409470 1069.481812
356 -32.040382 1071.250977
356 -24.588802 1072.632080
356 -17.075159 1073.621216
356 -9.520041 1074.215820
386 16.253170 926.023987
386 19.620684 925.935791
386 22.978966 925.671509
386 26.318815 925.231812
386 29.631073 924.617920
386 32.906662 923.831482
386 36.136612 922.874756
386 39.312057 921.750244
386 42.424301 920.461121
386 45.464809 919.010864
386 48.425251 917.403503
386 51.297512 915.643372
386 54.073719 913.735352
386 56.746262 911.684631
386 59.307819 909.496826
386 61.751362 907.177979
386 64.070206 904.734436
386 66.257980 902.172913
386 68.308693 899.500366
386 70.216728 896.724121
386 71.976852 893.851868
386 73.584244 890.891479
386 75.034485 887.850952
386 76.323624 884.738708
386 77.448105 881.563232
386 78.404854 878.333313
386 79.191254 875.057739
386 79.805145 871.745483
386 80.244843 868.405640
386 80.509155 865.047363
386 80.597336 861.679871
386 80.509155 858.312317
386 80.244858 854.954041
386 79.805161 851.614197
386 79.191269 848.301941
386 78.404877 845.026367
386 77.448120 841.796448
386 76.323639 838.620972
386 75.034515 835.508728
386 73.584274 832.468262
386 71.976883 829.507813
386 70.216766 826.635559
386 68.308739 823.859314
386 66.258026 821.186768
386 64.070267 818.625244
386 61.751427 816.181702
386 59.307888 813.862854
386 56.746338 811.675049
386 54.073803 809.624329
386 51.297600 807.716309
386 48.425346 805.956177
386 45.464909 804.348816
386 42.424408 802.898560
386 39.312168 801.609375
386 36.136726 800.484924
386 32.906792 799.528137
386 29.631203 798.741760
386 26.318951 798.127869
386 22.979107 797.688171
386 19.620827 797.423828
386 16.253317 797.335632
386 12.885808 797.423828
386 9.527528 797.688110
386 6.187683 798.127808
386 2.875426 798.741699
386 -0.400164 799.528076
386 -3.630108 800.484802
386 -6.805552 801.609314
386 -9.917795 802.898438
386 -12.958307 804.348633
386 -15.918751 805.956055
386 -18.791012 807.716125
386 -21.567223 809.624146
386 -24.239769 811.674866
386 -26.801331 813.862671
386 -29.244881 816.181458
386 -31.563721 818.625000
386 -33.751503 821.186523
386 -35.802231 823.859131
386 -37.710285 826.635315
386 -39.470421 829.507568
386 -41.077824 832.468018
386 -42.528084 835.508545
386 -43.817230 838.620789
386 -44.941723 841.796265
386 -45.898487 845.026184
386 -46.684895 848.301819
386 -47.298794 851.614075
386 -47.738499 854.953918
386 -48.002804 858.312195
386 -48.090992 861.679749
386 -48.002811 865.047302
386 -47.738514 868.405579
386 -47.298813 871.745422
386 -46.684917 875.057678
386 -45.898518 878.333313
386 -44.941761 881.563232
386 -43.817276 884.738708
386 -42.528133 887.850952
386 -41.077881 890.891479
386 -39.470482 893.851929
386 -37.710350 896.724182
386 -35.802303 899.500427
386 -33.751579 902.172974
386 -31.563789 904.734558
386 -29.244942 907.178101
386 -26.801388 909.496948
386 -24.239815 911.684692
386 -21.567261 913.735413
386 -18.791039 915.643433
386 -15.918762 917.403564
386 -12.958305 919.010986
386 -9.917780 920.461182
386 -6.805523 921.750366
386 -3.630062 922.874817
386 -0.400105 923.831543
386 2.875502 924.617920
386 6.187775 925.231812
386 9.527636 925.671509
386 12.885932 925.935791
416 43.063824 1012.358032
416 48.112686 1012.225830
416 53.147713 1011.829529
416 58.155098 1011.170288
416 63.121120 1010.249939
416 68.032166 1009.070862
416 72.874771 1007.636414
416 77.635674 1005.950500
416 82.301819 1004.017700
416 86.860413 1001.843384
416 91.298950 999.433472
416 95.605293 996.794556
416 99.767624 993.933838
416 103.774521 990.859253
416 107.615036 987.579102
416 111.278595 984.102539
416 114.755203 980.438965
416 118.035294 976.598450
416 121.109909 972.591553
416 123.970596 968.429199
416 126.609528 964.122864
416 129.019455 959.684326
416 131.193787 955.125732
416 133.126572 950.459595
416 134.812485 945.698730
416 136.246933 940.856140
416 137.425964 935.945068
416 138.346375 930.979065
416 139.005600 925.971680
416 139.401871 920.936646
416 139.534088 915.887817
416 139.401886 910.838928
416 139.005615 905.803955
416 138.346390 900.796570
416 137.425995 895.830566
416 136.246964 890.919495
416 134.812515 886.076904
416 133.126602 881.315979
416 131.193832 876.649841
416 129.019501 872.091248
416 126.609573 867.652710
416 123.970657 863.346375
416 121.109970 859.184082
416 118.035370 855.177124
416 114.755295 851.336670
416 111.278702 847.673096
416 107.615128 844.196472
416 103.774643 840.916382
416 99.767746 837.841797
416 95.605423 834.981079
416 91.299103 832.342163
416 86.860558 829.932190
416 82.301971 827.757874
416 77.635841 825.825073
416 72.874954 824.139160
416 68.032349 822.704712
416 63.121315 821.525635
416 58.155300 820.605225
416 53.147919 819.945984
416 48.112904 819.549744
416 43.064045 819.417480
416 38.015186 819.549683
416 32.980167 819.945923
416 27.972786 820.605164
416 23.006767 821.525574
416 18.095724 822.704590
416 13.253117 824.139038
416 8.492218 825.824890
416 3.826077 827.757690
416 -0.732517 829.932007
416 -5.171066 832.341919
416 -9.477406 834.980835
416 -13.639736 837.841492
416 -17.646648 840.916077
416 -21.487156 844.196167
416 -25.150738 847.672729
416 -28.627346 851.336304
416 -31.907452 855.176819
416 -34.982082 859.183716
416 -37.842793 863.346069
416 -40.481739 867.652405
416 -42.891697 872.090942
416 -45.066051 876.649536
416 -46.998844 881.315735
416 -48.684788 886.076599
416 -50.119244 890.919250
416 -51.298298 895.830322
416 -52.218708 900.796326
416 -52.877949 905.803772
416 -53.274220 910.838806
416 -53.406437 915.887695
416 -53.274235 920.936523
416 -52.877972 925.971558
416 -52.218739 930.979004
416 -51.298336 935.945007
416 -50.119289 940.856079
416 -48.684841 945.698730
416 -46.998913 950.459656
416 -45.066128 955.125793
416 -42.891781 959.684387
416 -40.481831 964.122986
416 -37.842892 968.429321
416 -34.982189 972.591675
416 -31.907566 976.598572
416 -28.627445 980.439087
416 -25.150829 984.102661
416 -21.487247 987.579224
416 -17.646717 990.859375
416 -13.639793 993.933960
416 -9.477448 996.794678
416 -5.171085 999.433594
416 -0.732513 1001.843506
416 3.826099 1004.017822
416 8.492260 1005.950623
416 13.253183 1007.636536
416 18.095814 1009.070984
416 23.006882 1010.250000
416 27.972923 1011.170349
416 32.980331 1011.829590
416 38.015373 1012.225830
