1039.475464
1039.322754
1038.865234
1038.104004
1037.041260
1035.679810
1034.023560
1032.076782
1029.845093
1027.334473
1024.551758
1021.504578
1018.201416
1014.651245
1010.863770
1006.849365
1002.619141
998.184570
993.557861
988.751709
983.779236
978.654175
973.390442
968.002563
962.505249
956.913574
951.242859
945.508728
939.726807
933.912964
928.083130
922.253296
916.439453
910.657532
904.923401
899.252686
893.661011
888.163696
882.775818
877.512085
872.386963
867.414551
862.608398
857.981689
853.547119
849.316895
845.302490
841.515015
837.964844
834.661621
831.614502
828.831787
826.321167
824.089355
822.142700
820.486328
819.124939
818.062134
817.300903
816.843323
816.690674
816.843323
817.300842
818.062073
819.124817
820.486206
822.142517
824.089233
826.320923
828.831604
831.614258
834.661377
837.964539
841.514709
845.302124
849.316528
853.546753
857.981262
862.607971
867.414124
872.386597
877.511719
882.775452
888.163391
893.660706
899.252380
904.923096
910.657288
916.439270
922.253113
928.082947
933.912842
939.726685
945.508606
951.242798
956.913513
962.505249
968.002563
973.390503
978.654236
983.779358
988.751831
993.557983
998.184692
1002.619263
1006.849548
1010.863892
1014.651367
1018.201538
1021.504761
1024.551880
1027.334595
1029.845215
1032.076904
1034.023682
1035.679932
1037.041382
1038.104126
1038.865234
1039.322876
1077.763672
1077.562012
1076.957642
1075.952026
1074.548096
1072.749512
1070.561523
1067.989746
1065.041504
1061.724854
1058.048706
1054.023315
1049.659668
1044.969727
1039.966309
1034.663086
1029.074707
1023.216431
1017.104309
1010.755127
1004.186279
997.415771
990.462158
983.344482
976.082275
968.695435
961.204163
953.629028
945.990845
938.310425
930.608948
922.907471
915.227112
907.588928
900.013794
892.522522
885.135681
877.873413
870.755737
863.802124
857.031616
850.462769
844.113586
838.001465
832.143188
826.554871
821.251648
816.248230
811.558228
807.194580
803.169189
799.493103
796.176392
793.228088
790.656372
788.468262
786.669800
785.265808
784.260193
783.655762
783.454041
783.655701
784.260132
785.265686
786.669678
788.468140
790.656189
793.227844
796.176086
799.492798
803.168823
807.194214
811.557861
816.247803
821.251221
826.554382
832.142700
838.000977
844.113037
850.462280
857.031128
863.801636
870.755310
877.872986
885.135254
892.522156
900.013428
907.588562
915.226807
922.907227
930.608765
938.310242
945.990662
953.628906
961.204041
968.695374
976.082275
983.344482
990.462219
997.415894
1004.186401
1010.755310
1017.104492
1023.216614
1029.074829
1034.663208
1039.966431
1044.969849
1049.659912
1054.023560
1058.048950
1061.724976
1065.041748
1067.989990
1070.561646
1072.749756
1074.548096
1075.952148
1076.957642
1077.562134
1026.445068
1026.260010
1025.705444
1024.782837
1023.494629
1021.844482
1019.836914
1017.477356
1014.772339
1011.729187
1008.356323
1004.662964
1000.659302
996.356201
991.765503
986.899780
981.772339
976.397339
970.789429
964.963989
958.937012
952.724976
946.344910
939.814392
933.151245
926.373718
919.500366
912.550110
905.541992
898.495178
891.428955
884.362793
877.315918
870.307800
863.357544
856.484253
849.706726
843.043518
836.513000
830.132935
823.920898
817.893921
812.068481
806.460571
801.085571
795.958191
791.092468
786.501709
782.198608
778.194946
774.501587
771.128723
768.085571
765.380493
763.020935
761.013306
759.363159
758.075012
757.152344
756.597778
756.412720
756.597717
757.152283
758.074951
759.363037
761.013184
763.020752
765.380310
768.085327
771.128418
774.501221
778.194580
782.198242
786.501343
791.092041
795.957703
801.085083
806.460083
812.068054
817.893494
823.920471
830.132507
836.512573
843.043152
849.706360
856.483887
863.357239
870.307495
877.315674
884.362549
891.428772
898.494995
905.541870
912.550049
919.500305
926.373657
933.151184
939.814392
946.344971
952.725037
958.937073
964.964111
970.789551
976.397461
981.772522
986.899902
991.765625
996.356384
1000.659485
1004.663208
1008.356506
1011.729370
1014.772461
1017.477539
1019.837036
1021.844666
1023.494751
1024.782959
1025.705566
1026.260010
1125.413940
1125.161499
1124.404785
1123.145874
1121.388306
1119.136841
1116.397583
1113.178223
1109.487305
1105.335205
1100.733276
1095.693970
1090.231201
1084.359985
1078.096313
1071.457397
1064.461426
1057.127686
1049.476074
1041.527710
1033.304321
1024.828491
1016.123474
1007.213013
998.121643
988.874268
979.496155
970.013062
960.450989
950.836121
941.194885
931.553589
921.938721
912.376648
902.893555
893.515503
884.268066
875.176697
866.266235
857.561157
849.085388
840.862000
832.913635
825.262085
817.928284
810.932312
804.293457
798.029785
792.158508
786.695740
781.656433
777.054443
772.902344
769.211487
765.992065
763.252808
761.001343
759.243713
757.984802
757.228088
756.975586
757.228027
757.984741
759.243591
761.001160
763.252563
765.991760
769.211182
772.901978
777.054077
781.656006
786.695313
792.158020
798.029236
804.292847
810.931763
817.927612
825.261414
832.912964
840.861389
849.084717
857.560608
866.265686
875.176147
884.267578
893.515015
902.893127
912.376282
921.938354
931.553284
941.194580
950.835938
960.450806
970.012939
979.496033
988.874207
998.121643
1007.213074
1016.123535
1024.828613
1033.304443
1041.527832
1049.476318
1057.127808
1064.461670
1071.457642
1078.096558
1084.360229
1090.231445
1095.694214
1100.733521
1105.335449
1109.487549
1113.178345
1116.397827
1119.136963
1121.388428
1123.145996
1124.404785
1125.161499
1040.166992
1039.963257
1039.352539
1038.336426
1036.917847
1035.100708
1032.889893
1030.291382
1027.312500
1023.961365
1020.247070
1016.179810
1011.770752
1007.032043
1001.976624
996.618286
990.971802
985.052673
978.877075
972.461853
965.824707
958.983826
951.957947
944.766296
937.428528
929.964905
922.395752
914.741943
907.024292
899.264099
891.482544
883.701050
875.940796
868.223206
860.569336
853.000244
845.536560
838.198853
831.007202
823.981262
817.140381
810.503235
804.088074
797.912415
791.993286
786.346802
780.988525
775.933044
771.194336
766.785278
762.718018
759.003723
755.652527
752.673645
750.075195
747.864380
746.047119
744.628540
743.612549
743.001770
742.797974
743.001709
743.612427
744.628479
746.046997
747.864197
750.075012
752.673401
755.652283
759.003418
762.717712
766.784912
771.193909
775.932617
780.988037
786.346313
791.992798
797.911926
804.087524
810.502747
817.139893
823.980774
831.006714
838.198425
845.536133
852.999817
860.568970
868.222900
875.940552
883.700745
891.482361
899.263916
907.024170
914.741821
922.395691
929.964844
937.428528
944.766296
951.958008
958.983948
965.824829
972.461975
978.877197
985.052856
990.971985
996.618469
1001.976807
1007.032227
1011.770996
1016.179993
1020.247253
1023.961548
1027.312744
1030.291626
1032.890015
1035.100830
1036.917969
1038.336548
1039.352539
1039.963257
1056.156982
1055.940308
1055.290771
1054.210205
1052.701416
1050.768799
1048.417480
1045.653931
1042.485718
1038.921631
1034.971191
1030.645508
1025.956299
1020.916443
1015.539795
1009.840942
1003.835693
997.540405
990.972290
984.149475
977.090576
969.815002
962.342590
954.693909
946.889954
938.952026
930.901855
922.761658
914.553650
906.300293
898.024231
889.748230
881.494873
873.286865
865.146606
857.096497
849.158569
841.354553
833.705872
826.233521
818.957886
811.898987
805.076172
798.508118
792.212769
786.207520
780.508728
775.132019
770.092163
765.402954
761.077271
757.126892
753.562744
750.394531
747.630981
745.279663
743.346985
741.838257
740.757629
740.108032
739.891357
740.108032
740.757568
741.838135
743.346802
745.279480
747.630737
750.394287
753.562439
757.126587
761.076904
765.402588
770.091736
775.131592
780.508240
786.207031
792.212280
798.507568
805.075623
811.898438
818.957397
826.233032
833.705383
841.354126
849.158142
857.096069
865.146240
873.286499
881.494568
889.747986
898.024048
906.300110
914.553467
922.761536
930.901794
938.951965
946.889954
954.693970
962.342651
969.815063
977.090698
984.149597
990.972473
997.540527
1003.835876
1009.841187
1015.539978
1020.916687
1025.956543
1030.645752
1034.971436
1038.921753
1042.485840
1045.654053
1048.417603
1050.768921
1052.701538
1054.210205
1055.290771
1055.940308
1075.122070
1074.893555
1074.208984
1073.069946
1071.479736
1069.442627
1066.964355
1064.051514
1060.712158
1056.955444
1052.791748
1048.232300
1043.289795
1037.977661
1032.310425
1026.303833
1019.974121
1013.338684
1006.415771
999.224365
991.784119
984.115479
976.239380
968.177490
959.951904
951.585144
943.100098
934.520142
925.868652
917.169434
908.446350
899.723206
891.023987
882.372498
873.792480
865.307495
856.940735
848.715088
840.653198
832.777161
825.108521
817.668274
810.476807
803.553955
796.918518
790.588806
784.582153
778.914978
773.602844
768.660278
764.100891
759.937134
756.180420
752.841064
749.928223
747.449829
745.412781
743.822510
742.683533
741.998901
741.770447
741.998840
742.683472
743.822388
745.412598
747.449646
749.927979
752.840820
756.180115
759.936768
764.100525
768.659912
773.602417
778.914490
784.581604
790.588257
796.917969
803.553345
810.476257
817.667664
825.107910
832.776611
840.652710
848.714600
856.940247
865.307068
873.792114
882.372131
891.023621
899.722900
908.446045
917.169250
925.868469
934.520020
943.100037
951.585083
959.951904
968.177551
976.239441
984.115540
991.784241
999.224487
1006.415955
1013.338867
1019.974304
1026.304077
1032.310669
1037.977905
1043.290039
1048.232544
1052.791992
1056.955688
1060.712402
1064.051636
1066.964478
1069.442871
1071.479858
1073.070068
1074.208984
1074.893677
1071.040283
1070.820679
1070.162476
1069.067383
1067.538574
1065.580078
1063.197266
1060.396851
1057.186279
1053.574463
1049.571411
1045.187866
1040.436035
1035.328735
1029.880249
1024.105225
1018.019714
1011.640320
1004.984436
998.070435
990.917175
983.544373
975.972107
968.221252
960.312927
952.268921
944.111206
935.862183
927.544495
919.180847
910.794189
902.407593
894.043945
885.726196
877.477173
869.319519
861.275513
853.367188
845.616272
838.044067
830.671204
823.517944
816.603943
809.948120
803.568665
797.483154
791.708191
786.259644
781.152405
776.400513
772.017029
768.013916
764.402100
761.191528
758.391052
756.008301
754.049805
752.520935
751.425842
750.767578
750.547974
750.767578
751.425781
752.520813
754.049683
756.008118
758.390869
761.191284
764.401794
768.013550
772.016663
776.400146
781.151978
786.259155
791.707703
797.482605
803.568115
809.947571
816.603394
823.517456
830.670654
838.043518
845.615784
853.366699
861.275024
869.319092
877.476807
885.725891
894.043640
902.407288
910.794006
919.180664
927.544312
935.862061
944.111145
952.268860
960.312927
968.221252
975.972168
983.544434
990.917358
998.070557
1004.984619
1011.640503
1018.019897
1024.105469
1029.880493
1035.328979
1040.436279
1045.188110
1049.571533
1053.574707
1057.186523
1060.396973
1063.197510
1065.580200
1067.538696
1069.067505
1070.162476
1070.820679
1086.401245
1086.172729
1085.487671
1084.348022
1082.756958
1080.718750
1078.238892
1075.324463
1071.983154
1068.224365
1064.058228
1059.496216
1054.550781
1049.235718
1043.565308
1037.555176
1031.221802
1024.582642
1017.655823
1010.460266
1003.015747
995.342712
987.462158
979.395691
971.165344
962.793823
954.303955
945.719055
937.062622
928.358459
919.630371
910.902222
902.198059
893.541626
884.956726
876.466858
868.095337
859.864990
851.798523
843.917969
836.244873
828.800415
821.604858
814.677979
808.038818
801.705505
795.695374
790.024963
784.709839
779.764465
775.202454
771.036316
767.277466
763.936218
761.021667
758.541870
756.503662
754.912476
753.772827
753.087769
752.859253
753.087769
753.772766
754.912354
756.503479
758.541687
761.021423
763.935913
767.277161
771.035950
775.202087
779.764038
784.709351
790.024475
795.694885
801.704956
808.038269
814.677429
821.604309
828.799805
836.244324
843.917419
851.797974
859.864502
868.094849
876.466431
884.956299
893.541260
902.197693
910.901917
919.630066
928.358215
937.062500
945.718933
954.303833
962.793762
971.165344
979.395691
987.462219
995.342834
1003.015869
1010.460388
1017.655945
1024.582886
1031.222046
1037.555420
1043.565430
1049.235840
1054.551025
1059.496460
1064.058472
1068.224609
1071.983398
1075.324585
1078.239136
1080.718872
1082.757080
1084.348145
1085.487793
1086.172729
1124.413940
1124.158325
1123.392334
1122.117920
1120.338745
1118.059570
1115.286743
1112.027710
1108.291504
1104.088257
1099.429688
1094.328491
1088.798584
1082.855103
1076.514404
1069.793823
1062.711914
1055.287842
1047.542236
1039.496094
1031.171631
1022.591553
1013.779480
1004.759460
995.556274
986.195129
976.701721
967.101990
957.422363
947.689270
937.929443
928.169556
918.436523
908.756836
899.157166
889.663696
880.302551
871.099365
862.079346
853.267273
844.687195
836.362732
828.316650
820.570984
813.146973
806.065002
799.344482
793.003784
787.060303
781.530334
776.429077
771.770508
767.567322
763.831055
760.572021
757.799133
755.519958
753.740723
752.466370
751.700317
751.444702
751.700317
752.466248
753.740601
755.519775
757.798950
760.571777
763.830811
767.566956
771.770081
776.428650
781.529907
787.059814
793.003235
799.343872
806.064392
813.146301
820.570313
828.315979
836.362061
844.686584
853.266663
862.078796
871.098816
880.302063
889.663208
899.156677
908.756409
918.436157
928.169250
937.929138
947.689026
957.422180
967.101868
976.701599
986.195068
995.556274
1004.759460
1013.779541
1022.591675
1031.171753
1039.496216
1047.542358
1055.288086
1062.712036
1069.794067
1076.514648
1082.855347
1088.798828
1094.328735
1099.429932
1104.088501
1108.291748
1112.027832
1115.286865
1118.059814
1120.338867
1122.118042
1123.392456
1124.158447
1134.874756
1134.615601
1133.838867
1132.546753
1130.742676
1128.431641
1125.620117
1122.315552
1118.527100
1114.265259
1109.541504
1104.369019
1098.761841
1092.735352
1086.306152
1079.491699
1072.310791
1064.783081
1056.929321
1048.770752
1040.329956
1031.630127
1022.694885
1013.548889
1004.217163
994.725220
985.099182
975.365417
965.550537
955.681519
945.785339
935.889160
926.020081
916.205200
906.471436
896.845398
887.353516
878.021729
868.875732
859.940552
851.240601
842.799866
834.641357
826.787476
819.259766
812.078918
805.264465
798.835205
792.808716
787.201538
782.029053
777.305359
773.043457
769.255005
765.950439
763.138794
760.827820
759.023743
757.731567
756.954834
756.695679
756.954773
757.731445
759.023621
760.827637
763.138611
765.950195
769.254761
773.043091
777.304932
782.028564
787.201050
792.808228
798.834656
805.263916
812.078308
819.259155
826.786804
834.640686
842.799194
851.239990
859.939941
868.875122
878.021179
887.352966
896.844910
906.470947
916.204834
926.019714
935.888794
945.785034
955.681274
965.550354
975.365295
985.099121
994.725220
1004.217102
1013.548889
1022.694946
1031.630249
1040.330078
1048.770874
1056.929443
1064.783325
1072.311035
1079.491943
1086.306396
1092.735596
1098.762207
1104.369385
1109.541870
1114.265503
1118.527344
1122.315796
1125.620239
1128.431885
1130.742920
1132.546875
1133.838989
1134.615723
1148.155762
1147.885254
1147.074463
1145.725464
1143.842041
1141.429443
1138.494263
1135.044434
1131.089478
1126.640259
1121.708984
1116.309082
1110.455322
1104.163940
1097.452026
1090.338135
1082.841553
1074.982910
1066.783691
1058.266602
1049.454712
1040.372437
1031.044434
1021.496338
1011.754333
1001.845215
991.795959
981.634277
971.387939
961.085022
950.753845
940.422607
930.119690
919.873352
909.711670
899.662476
889.753296
880.011353
870.463257
861.135254
852.052856
843.241028
834.723877
826.524780
818.666138
811.169556
804.055542
797.343689
791.052246
785.198608
779.798706
774.867310
770.418091
766.463135
763.013306
760.078064
757.665405
755.782043
754.433105
753.622192
753.351624
753.622131
754.432983
755.781921
757.665283
760.077820
763.013062
766.462769
770.417725
774.866943
779.798218
785.198120
791.051758
797.343140
804.054993
811.168945
818.665466
826.524048
834.723206
843.240356
852.052185
861.134583
870.462646
880.010742
889.752747
899.661926
909.711182
919.872925
930.119324
940.422302
950.753540
961.084778
971.387756
981.634155
991.795898
1001.845154
1011.754333
1021.496338
1031.044434
1040.372559
1049.454956
1058.266724
1066.783936
1074.983154
1082.841675
1090.338379
1097.452271
1104.164185
1110.455688
1116.309326
1121.709229
1126.640503
1131.089722
1135.044678
1138.494507
1141.429688
1143.842285
1145.725586
1147.074463
1147.885254
1123.426758
1123.177612
1122.430908
1121.188843
1119.454590
1117.233032
1114.530151
1111.353516
1107.711792
1103.614868
1099.073975
1094.101685
1088.711426
1082.918213
1076.737793
1070.187134
1063.284058
1056.047729
1048.497803
1040.655151
1032.541016
1024.177734
1015.588379
1006.796387
997.825806
988.701233
979.447754
970.090637
960.655640
951.168518
941.655396
932.142212
922.655090
913.220093
903.862976
894.609497
885.484985
876.514404
867.722351
859.132935
850.769714
842.655640
834.812866
827.263000
820.026611
813.123657
806.572937
800.392517
794.599243
789.209106
784.236694
779.695862
775.598938
771.957153
768.780457
766.077637
763.856079
762.121826
760.879639
760.132935
759.883789
760.132935
760.879517
762.121643
763.855835
766.077393
768.780212
771.956787
775.598572
779.695496
784.236328
789.208618
794.598755
800.391968
806.572388
813.123047
820.026001
827.262329
834.812256
842.655029
850.769104
859.132324
867.721741
876.513855
885.484436
894.609009
903.862549
913.219666
922.654724
932.141907
941.655090
951.168335
960.655457
970.090515
979.447632
988.701172
997.825745
1006.796387
1015.588440
1024.177856
1032.541138
1040.655273
1048.498047
1056.047974
1063.284302
1070.187378
1076.738037
1082.918457
1088.711670
1094.101929
1099.074219
1103.615112
1107.711914
1111.353760
1114.530396
1117.233154
1119.454712
1121.188965
1122.431030
1123.177612
1111.617188
1111.378662
1110.663940
1109.474731
1107.814453
1105.687500
1103.099976
1100.058716
1096.572266
1092.649902
1088.302734
1083.542358
1078.381958
1072.835693
1066.918823
1060.647339
1054.038696
1047.110840
1039.882813
1032.374390
1024.606201
1016.599609
1008.376404
999.959167
991.371033
982.635498
973.776550
964.818359
955.785583
946.702942
937.595398
928.487793
919.405151
910.372375
901.414185
892.555237
883.819702
875.231567
866.814331
858.591125
850.584473
842.816284
835.307922
828.079895
821.152039
814.543335
808.271973
802.354980
796.808716
791.648315
786.888000
782.540771
778.618469
775.131897
772.090698
769.503052
767.376221
765.715881
764.526672
763.811829
763.573364
763.811829
764.526611
765.715759
767.376038
769.502869
772.090454
775.131592
778.618164
782.540405
786.887573
791.647949
796.808228
802.354492
808.271423
814.542786
821.151428
828.079285
835.307312
842.815674
850.583862
858.590576
866.813782
875.231018
883.819214
892.554749
901.413818
910.372009
919.404785
928.487488
937.595093
946.702759
955.785400
964.818237
973.776428
982.635437
991.371033
999.959229
1008.376465
1016.599670
1024.606445
1032.374512
1039.882935
1047.110962
1054.038940
1060.647583
1066.918945
1072.835938
1078.382202
1083.542603
1088.302979
1092.650146
1096.572510
1100.058960
1103.100098
1105.687744
1107.814575
1109.474854
1110.663940
1111.378784
1107.487915
1107.253174
1106.549561
1105.379028
1103.744629
1101.651123
1099.104004
1096.110352
1092.678345
1088.817505
1084.538208
1079.852295
1074.772705
1069.313232
1063.488892
1057.315552
1050.810303
1043.990845
1036.875854
1029.484985
1021.838379
1013.956970
1005.862427
997.576965
989.123169
980.524292
971.803955
962.985962
954.094482
945.153992
936.188904
927.223755
918.283264
909.391785
900.573792
891.853455
883.254578
874.800781
866.515259
858.420776
850.539368
842.892700
835.501831
828.386902
821.567444
815.062134
808.888855
803.064453
797.604980
792.525391
787.839478
783.560242
779.699341
776.267334
773.273682
770.726563
768.632996
766.998657
765.828003
765.124390
764.889587
765.124329
765.827942
766.998535
768.632813
770.726379
773.273438
776.267090
779.698975
783.559875
787.839111
792.524902
797.604553
803.063965
808.888306
815.061584
821.566833
828.386292
835.501221
842.892151
850.538757
858.420166
866.514771
874.800293
883.254089
891.852966
900.573425
909.391418
918.282898
927.223511
936.188599
945.153748
954.094299
962.985840
971.803833
980.524292
989.123169
997.576965
1005.862488
1013.957092
1021.838501
1029.485107
1036.876099
1043.990967
1050.810547
1057.315796
1063.489136
1069.313477
1074.772949
1079.852539
1084.538452
1088.817627
1092.678589
1096.110596
1099.104126
1101.651245
1103.744751
1105.379150
1106.549683
1107.253174
1095.509766
1095.288818
1094.626953
1093.525879
1091.988525
1090.019165
1087.623291
1084.807251
1081.578857
1077.947144
1073.921753
1069.514038
1064.735840
1059.600220
1054.121460
1048.314575
1042.195313
1035.780518
1029.087769
1022.135376
1014.942505
1007.528809
999.914612
992.120728
984.168579
976.080017
967.877075
959.582336
951.218506
942.808533
934.375366
925.942261
917.532288
909.168457
900.873718
892.670776
884.582153
876.630066
868.836182
861.221985
853.808228
846.615356
839.663025
832.970276
826.555481
820.436218
814.629272
809.150513
804.015015
799.236755
794.828979
790.803589
787.171814
783.943481
781.127441
778.731506
776.762146
775.224792
774.123657
773.461731
773.240906
773.461670
774.123535
775.224670
776.761963
778.731323
781.127258
783.943237
787.171509
790.803284
794.828613
799.236328
804.014526
809.150024
814.628784
820.435730
826.554932
832.969727
839.662476
846.614807
853.807739
861.221436
868.835693
876.629578
884.581726
892.670349
900.873291
909.168091
917.531982
925.942017
934.375183
942.808289
951.218323
959.582214
967.877014
976.079956
984.168579
992.120789
999.914673
1007.528931
1014.942627
1022.135559
1029.087891
1035.780640
1042.195435
1048.314697
1054.121704
1059.600464
1064.735962
1069.514160
1073.921997
1077.947266
1081.579102
1084.807373
1087.623413
1090.019287
1091.988647
1093.526001
1094.627075
1095.288940
1085.039307
1084.829102
1084.198853
1083.150391
1081.686523
1079.811279
1077.529907
1074.848511
1071.774536
1068.316406
1064.483643
1060.286499
1055.736816
1050.846802
1045.630005
1040.100586
1034.273926
1028.165894
1021.793091
1015.173157
1008.324219
1001.264954
994.014771
986.593567
979.021667
971.319763
963.509033
955.610901
947.646973
939.639038
931.609131
923.579224
915.571350
907.607422
899.709229
891.898499
884.196655
876.624695
869.203491
861.953308
854.894104
848.045105
841.425171
835.052429
828.944336
823.117676
817.588318
812.371521
807.481506
802.931763
798.734680
794.901855
791.443665
788.369690
785.688293
783.406860
781.531677
780.067871
779.019348
778.389099
778.178833
778.389038
779.019287
780.067749
781.531555
783.406738
785.688110
788.369446
791.443359
794.901489
798.734375
802.931396
807.481079
812.371094
817.587830
823.117126
828.943848
835.051880
841.424622
848.044556
854.893555
861.952820
869.203003
876.624268
884.196228
891.898132
899.708862
907.607056
915.571045
923.578979
931.608948
939.638855
947.646790
955.610779
963.508972
971.319763
979.021667
986.593628
994.014832
1001.265015
1008.324341
1015.173340
1021.793274
1028.166016
1034.274170
1040.100830
1045.630127
1050.846924
1055.736938
1060.286743
1064.483765
1068.316650
1071.774780
1074.848755
1077.530029
1079.811523
1081.686646
1083.150391
1084.198853
1084.829102
1115.250122
1115.017456
1114.320313
1113.160522
1111.541260
1109.466919
1106.943237
1103.977173
1100.576660
1096.751343
1092.511475
1087.868652
1082.835815
1077.426514
1071.655762
1065.539185
1059.093750
1052.337036
1045.287476
1037.964600
1030.388306
1022.579346
1014.559265
1006.349976
997.973938
989.454224
980.814026
972.077148
963.267456
954.409180
945.526550
936.643860
927.785583
918.975891
910.239014
901.598877
893.079102
884.703064
876.493774
868.473633
860.664734
853.088440
845.765503
838.716003
831.959290
825.513855
819.397339
813.626526
808.217285
803.184326
798.541565
794.301636
790.476257
787.075806
784.109741
781.586060
779.511719
777.892395
776.732544
776.035400
775.802734
776.035339
776.732483
777.892273
779.511536
781.585815
784.109497
787.075562
790.475952
794.301331
798.541138
803.183899
808.216797
813.626038
819.396790
825.513306
831.958740
838.715454
845.764954
853.087891
860.664185
868.473083
876.493225
884.702576
893.078613
901.598389
910.238586
918.975525
927.785278
936.643616
945.526245
954.408936
963.267273
972.076965
980.813904
989.454163
997.973938
1006.349976
1014.559326
1022.579468
1030.388428
1037.964722
1045.287720
1052.337158
1059.093994
1065.539429
1071.655884
1077.426758
1082.835938
1087.868896
1092.511719
1096.751587
1100.576904
1103.977295
1106.943359
1109.467041
1111.541382
1113.160645
1114.320435
1115.017578
1112.025269
1111.795776
1111.107666
1109.963013
1108.364990
1106.317749
1103.827148
1100.899902
1097.543945
1093.768677
1089.584229
1085.002319
1080.035278
1074.696777
1069.001587
1062.965088
1056.604004
1049.935791
1042.978516
1035.751465
1028.274414
1020.567749
1012.652649
1004.550781
996.284424
987.876221
979.349121
970.726624
962.032288
953.289917
944.523621
935.757263
927.014893
918.320557
909.698059
901.170959
892.762756
884.496399
876.394531
868.479431
860.772766
853.295654
846.068604
839.111389
832.443115
826.082031
820.045593
814.350342
809.011841
804.044800
799.462830
795.278442
791.503113
788.147217
785.219910
782.729248
780.682129
779.083984
777.939331
777.251282
777.021729
777.251221
777.939270
779.083862
780.681946
782.729126
785.219727
788.146973
791.502808
795.278076
799.462463
804.044434
809.011414
814.349854
820.045044
826.081482
832.442505
839.110779
846.067993
853.295044
860.772217
868.478882
876.394043
884.495911
892.762268
901.170532
909.697632
918.320190
927.014587
935.756958
944.523315
953.289734
962.032104
970.726501
979.349060
987.876160
996.284424
1004.550842
1012.652710
1020.567810
1028.274536
1035.751709
1042.978760
1049.935913
1056.604248
1062.965332
1069.001831
1074.697021
1080.035522
1085.002563
1089.584473
1093.768921
1097.544189
1100.900146
1103.827393
1106.317993
1108.365112
1109.963135
1111.107788
1111.795776
1065.352295
1065.150635
1064.546143
1063.540649
1062.136597
1060.338135
1058.150146
1055.578369
1052.630127
1049.313477
1045.637451
1041.612061
1037.248413
1032.558472
1027.555054
1022.251892
1016.663513
1010.805298
1004.693237
998.344116
991.775269
985.004761
978.051208
970.933594
963.671387
956.284546
948.793335
941.218262
933.580078
925.899780
918.198303
910.496887
902.816528
895.178406
887.603333
880.112061
872.725281
865.463074
858.345459
851.391846
844.621338
838.052551
831.703369
825.591309
819.733093
814.144775
808.841614
803.838196
799.148254
794.784607
790.759216
787.083130
783.766418
780.818176
778.246460
776.058411
774.259888
772.855957
771.850342
771.245850
771.044189
771.245850
771.850281
772.855835
774.259766
776.058228
778.246277
780.817932
783.766113
787.082825
790.758850
794.784241
799.147827
803.837769
808.841187
814.144287
819.732605
825.590820
831.702881
838.052002
844.620850
851.391357
858.344971
865.462646
872.724854
880.111694
887.602966
895.178040
902.816284
910.496643
918.198120
925.899597
933.579956
941.218140
948.793274
956.284485
963.671387
970.933594
978.051270
985.004883
991.775391
998.344238
1004.693359
1010.805481
1016.663696
1022.252075
1027.555176
1032.558594
1037.248535
1041.612183
1045.637573
1049.313721
1052.630371
1055.578613
1058.150269
1060.338257
1062.136719
1063.540649
1064.546265
1065.150635
1073.778564
1073.574463
1072.962891
1071.945313
1070.524780
1068.704956
1066.490967
1063.888672
1060.905518
1057.549561
1053.829834
1049.756714
1045.341309
1040.595703
1035.532959
1030.166992
1024.512329
1018.584656
1012.400085
1005.975647
999.328918
992.478149
985.442139
978.240051
970.891724
963.417358
955.837280
948.172363
940.443604
932.672180
924.879395
917.086670
909.315247
901.586487
893.921570
886.341492
878.867065
871.518738
864.316711
857.280640
850.429871
843.783142
837.358704
831.174194
825.246460
819.591858
814.225830
809.163086
804.417480
800.002075
795.928955
792.209290
788.853271
785.870056
783.267822
781.053833
779.234009
777.813354
776.795837
776.184204
775.980103
776.184143
776.795776
777.813232
779.233826
781.053650
783.267639
785.869812
788.852966
792.208984
795.928589
800.001709
804.417053
809.162598
814.225342
819.591370
825.245972
831.173645
837.358215
843.782654
850.429382
857.280151
864.316223
871.518311
878.866638
886.341125
893.921204
901.586121
909.314941
917.086365
924.879211
932.671997
940.443481
948.172241
955.837158
963.417297
970.891724
978.240112
985.442139
992.478271
999.329041
1005.975769
1012.400269
1018.584839
1024.512573
1030.167114
1035.533203
1040.595947
1045.341553
1049.756958
1053.830078
1057.549683
1060.905762
1063.888916
1066.491089
1068.705078
1070.524902
1071.945435
1072.962891
1073.574463
1088.645752
1088.429565
1087.781738
1086.703857
1085.199097
1083.271362
1080.926147
1078.169800
1075.009766
1071.454956
1067.514893
1063.200317
1058.523315
1053.496460
1048.133789
1042.449707
1036.459961
1030.181030
1023.630005
1016.824829
1009.784241
1002.527466
995.074463
987.445679
979.661865
971.744507
963.715271
955.596130
947.409363
939.177429
930.922852
922.668335
914.436340
906.249634
898.130493
890.101196
882.183838
874.400085
866.771240
859.318237
852.061523
845.020874
838.215759
831.664734
825.385742
819.395996
813.711975
808.349243
803.322449
798.645386
794.330872
790.390808
786.835876
783.675903
780.919495
778.574219
776.646606
775.141785
774.063965
773.416077
773.199890
773.416016
774.063843
775.141663
776.646423
778.574097
780.919250
783.675659
786.835571
790.390442
794.330566
798.645020
803.322021
808.348755
813.711487
819.395508
825.385193
831.664124
838.215210
845.020386
852.060974
859.317749
866.770752
874.399658
882.183411
890.100830
898.130127
906.249268
914.436035
922.668030
930.922668
939.177246
947.409241
955.596008
963.715210
971.744507
979.661865
987.445679
995.074524
1002.527588
1009.784363
1016.824951
1023.630127
1030.181152
1036.460205
1042.449951
1048.133911
1053.496704
1058.523560
1063.200562
1067.515015
1071.455078
1075.010010
1078.169922
1080.926392
1083.271606
1085.199219
1086.703979
1087.781738
1088.429565
941.587036
941.466675
941.106079
940.506104
939.668457
938.595398
937.289917
935.755554
933.996582
932.017700
929.824463
927.422791
924.819336
922.021118
919.035950
915.871948
912.537720
909.042542
905.395874
901.607788
897.688599
893.649109
889.500427
885.253784
880.920959
876.513733
872.044250
867.524719
862.967529
858.385193
853.790283
849.195374
844.613037
840.055847
835.536316
831.066833
826.659607
822.326721
818.080139
813.931396
809.891907
805.972778
802.184631
798.538025
795.042786
791.708618
788.544556
785.559387
782.761230
780.157715
777.756042
775.562805
773.583923
771.824951
770.290588
768.985107
767.912048
767.074402
766.474426
766.113770
765.993408
766.113770
766.474365
767.074341
767.911987
768.984985
770.290466
771.824768
773.583740
775.562622
777.755859
780.157471
782.760986
785.559143
788.544312
791.708313
795.042480
798.537720
802.184326
805.972473
809.891602
813.931091
818.079834
822.326477
826.659363
831.066589
835.536072
840.055664
844.612854
849.195190
853.790161
858.385071
862.967407
867.524658
872.044189
876.513672
880.920959
885.253784
889.500427
893.649170
897.688660
901.607849
905.395996
909.042603
912.537842
915.872009
919.036072
922.021240
924.819458
927.422913
929.824585
932.017822
933.996704
935.755676
937.290039
938.595459
939.668518
940.506104
941.106079
941.466675
966.422974
966.283569
965.865662
965.170410
964.199829
962.956421
961.443726
959.665771
957.627502
955.334534
952.793091
950.010132
946.993347
943.750977
940.291870
936.625549
932.762024
928.711975
924.486389
920.096924
915.555542
910.874817
906.067444
901.146667
896.125977
891.019104
885.840027
880.603027
875.322388
870.012634
864.688232
859.363831
854.054077
848.773438
843.536377
838.357361
833.250488
828.229797
823.309021
818.501648
813.820862
809.279541
804.890076
800.664490
796.614380
792.750916
789.084595
785.625488
782.383057
779.366272
776.583374
774.041870
771.748901
769.710632
767.932678
766.419922
765.176575
764.205933
763.510742
763.092834
762.953369
763.092773
763.510681
764.205872
765.176453
766.419861
767.932556
769.710449
771.748718
774.041687
776.583130
779.366028
782.382813
785.625183
789.084290
792.750610
796.614075
800.664124
804.889709
809.279175
813.820557
818.501282
823.308655
828.229492
833.250183
838.357117
843.536133
848.773193
854.053833
859.363647
864.688049
870.012451
875.322266
880.602966
885.840027
891.019043
896.125977
901.146667
906.067505
910.874878
915.555664
920.096985
924.486511
928.712036
932.762146
936.625671
940.291992
943.751099
946.993469
950.010254
952.793213
955.334656
957.627686
959.665894
961.443848
962.956543
964.199890
965.170532
965.865723
966.283569
978.932312
978.778992
978.319641
977.555359
976.488342
975.121460
973.458496
971.504028
969.263306
966.742615
963.948730
960.889404
957.572998
954.008606
950.205933
946.175476
941.928284
937.475952
932.830750
928.005310
923.012939
917.867310
912.582520
907.173035
901.653687
896.039612
890.346252
884.589111
878.783997
872.946838
867.093689
861.240540
855.403381
849.598267
843.841125
838.147766
832.533691
827.014343
821.604858
816.320068
811.174438
806.182007
801.356628
796.711426
792.259094
788.011841
783.981445
780.178772
776.614380
773.297913
770.238586
767.444763
764.924011
762.683350
760.728821
759.065857
757.698975
756.631958
755.867676
755.408264
755.254944
755.408203
755.867615
756.631836
757.698853
759.065674
760.728638
762.683105
764.923828
767.444519
770.238342
773.297668
776.614075
780.178467
783.981079
788.011475
792.258667
796.710999
801.356201
806.181641
811.174011
816.319702
821.604492
827.014038
832.533386
838.147461
843.840881
849.598022
855.403137
861.240295
867.093506
872.946716
878.783875
884.588989
890.346191
896.039612
901.653687
907.173035
912.582581
917.867371
923.013062
928.005432
932.830872
937.476074
941.928406
946.175659
950.206116
954.008728
957.573181
960.889587
963.948914
966.742737
969.263489
971.504150
973.458618
975.121582
976.488403
977.555420
978.319702
978.779053
860.894592
860.827759
860.627441
860.294128
859.828796
859.232727
858.507568
857.655273
856.678101
855.578857
854.360535
853.026428
851.580200
850.025818
848.367554
846.609924
844.757813
842.816223
840.790527
838.686279
836.509155
834.265259
831.960632
829.601685
827.194824
824.746582
822.263794
819.753235
817.221741
814.676270
812.123779
809.571350
807.025879
804.494385
801.983826
799.500977
797.052795
794.645935
792.286926
789.982361
787.738403
785.561340
783.457092
781.431396
779.489807
777.637695
775.880066
774.221802
772.667419
771.221191
769.887085
768.668701
767.569458
766.592346
765.739990
765.014832
764.418762
763.953430
763.620178
763.419800
763.352966
763.419800
763.620117
763.953430
764.418701
765.014771
765.739929
766.592285
767.569397
768.668640
769.886963
771.221069
772.667297
774.221680
775.879883
777.637512
779.489624
781.431213
783.456909
785.561157
787.738281
789.982178
792.286804
794.645813
797.052673
799.500854
801.983704
804.494263
807.025757
809.571228
812.123718
814.676208
817.221680
819.753174
822.263794
824.746582
827.194763
829.601685
831.960693
834.265259
836.509216
838.686279
840.790588
842.816284
844.757874
846.609985
848.367615
850.025879
851.580261
853.026489
854.360596
855.578918
856.678162
857.655273
858.507629
859.232788
859.828857
860.294189
860.627441
860.827759
1074.414063
1074.215698
1073.621094
1072.631958
1071.250854
1069.481689
1067.329346
1064.799561
1061.899414
1058.636841
1055.020752
1051.061035
1046.768555
1042.155029
1037.233276
1032.016602
1026.519287
1020.756653
1014.744263
1008.498657
1002.036987
995.376892
988.536743
981.535156
974.391418
967.125061
959.755981
952.304443
944.790833
937.235779
929.659912
922.084106
914.528992
907.015381
899.563843
892.194824
884.928467
877.784668
870.783142
863.942932
857.282837
850.821167
844.575562
838.563171
832.800476
827.303284
822.086609
817.164795
812.551331
808.258850
804.299133
800.682983
797.420349
794.520203
791.990479
789.838013
788.068909
786.687805
785.698608
785.104004
784.905579
785.103943
785.698547
786.687683
788.068726
789.837891
791.990234
794.519958
797.420105
800.682678
804.298767
808.258484
812.550964
817.164368
822.086182
827.302795
832.799988
838.562683
844.575073
850.820679
857.282349
863.942444
870.782654
877.784241
884.928040
892.194458
899.563538
907.015076
914.528748
922.083862
929.659729
937.235596
944.790710
952.304321
959.755920
967.125000
974.391418
981.535156
988.536804
995.377014
1002.037109
1008.498779
1014.744385
1020.756836
1026.519531
1032.016724
1037.233398
1042.155273
1046.768677
1051.061157
1055.020874
1058.636963
1061.899658
1064.799805
1067.329468
1069.481812
1071.250977
1072.632080
1073.621216
1074.215820
926.023987
925.935791
925.671509
925.231812
924.617920
923.831482
922.874756
921.750244
920.461121
919.010864
917.403503
915.643372
913.735352
911.684631
909.496826
907.177979
904.734436
902.172913
899.500366
896.724121
893.851868
890.891479
887.850952
884.738708
881.563232
878.333313
875.057739
871.745483
868.405640
865.047363
861.679871
858.312317
854.954041
851.614197
848.301941
845.026367
841.796448
838.620972
835.508728
832.468262
829.507813
826.635559
823.859314
821.186768
818.625244
816.181702
813.862854
811.675049
809.624329
807.716309
805.956177
804.348816
802.898560
801.609375
800.484924
799.528137
798.741760
798.127869
797.688171
797.423828
797.335632
797.423828
797.688110
798.127808
798.741699
799.528076
800.484802
801.609314
802.898438
804.348633
805.956055
807.716125
809.624146
811.674866
813.862671
816.181458
818.625000
821.186523
823.859131
826.635315
829.507568
832.468018
835.508545
838.620789
841.796265
845.026184
848.301819
851.614075
854.953918
858.312195
861.679749
865.047302
868.405579
871.745422
875.057678
878.333313
881.563232
884.738708
887.850952
890.891479
893.851929
896.724182
899.500427
902.172974
904.734558
907.178101
909.496948
911.684692
913.735413
915.643433
917.403564
919.010986
920.461182
921.750366
922.874817
923.831543
924.617920
925.231812
925.671509
925.935791
1012.358032
1012.225830
1011.829529
1011.170288
1010.249939
1009.070862
1007.636414
1005.950500
1004.017700
1001.843384
999.433472
996.794556
993.933838
990.859253
987.579102
984.102539
980.438965
976.598450
972.591553
968.429199
964.122864
959.684326
955.125732
950.459595
945.698730
940.856140
935.945068
930.979065
925.971680
920.936646
915.887817
910.838928
905.803955
900.796570
895.830566
890.919495
886.076904
881.315979
876.649841
872.091248
867.652710
863.346375
859.184082
855.177124
851.336670
847.673096
844.196472
840.916382
837.841797
834.981079
832.342163
829.932190
827.757874
825.825073
824.139160
822.704712
821.525635
820.605225
819.945984
819.549744
819.417480
819.549683
819.945923
820.605164
821.525574
822.704590
824.139038
825.824890
827.757690
829.932007
832.341919
834.980835
837.841492
840.916077
844.196167
847.672729
851.336304
855.176819
859.183716
863.346069
867.652405
872.090942
876.649536
881.315735
886.076599
890.919250
895.830322
900.796326
905.803772
910.838806
915.887695
920.936523
925.971558
930.979004
935.945007
940.856079
945.698730
950.459656
955.125793
959.684387
964.122986
968.429321
972.591675
976.598572
980.439087
984.102661
987.579224
990.859375
993.933960
996.794678
999.433594
1001.843506
1004.017822
1005.950623
1007.636536
1009.070984
1010.250000
1011.170349
1011.829590
1012.225830
