40.537983
42.344330
44.145729
45.937237
47.713943
49.470985
51.203541
52.906860
54.576283
56.207226
57.795219
59.335911
60.825081
62.258644
63.632671
64.943398
66.187233
67.360764
68.460777
69.484253
70.428391
71.290604
72.068520
72.760010
73.363190
73.876396
74.298225
74.627518
74.863373
75.005150
75.052452
75.005157
74.863380
74.627525
74.298233
73.876404
73.363205
72.760025
72.068535
71.290619
70.428406
69.484276
68.460800
67.360794
66.187263
64.943436
63.632706
62.258682
60.825127
59.335960
57.795269
56.207279
54.576340
52.906921
51.203606
49.471054
47.714016
45.937309
44.145802
42.344406
40.538063
38.731716
36.930321
35.138817
33.362106
31.605068
29.872513
28.169189
26.499771
24.868828
23.280834
21.740141
20.250971
18.817406
17.443375
16.132645
14.888809
13.715275
12.615253
11.591768
10.647623
9.785406
9.007481
8.315979
7.712795
7.199581
6.777748
6.448452
6.212593
6.070816
6.023514
6.070812
6.212585
6.448441
6.777737
7.199566
7.712772
8.315952
9.007454
9.785376
10.647591
11.591732
12.615215
13.715233
14.888771
16.132612
17.443344
18.817381
20.250952
21.740128
23.280828
24.868830
26.499779
28.169207
29.872536
31.605099
33.362148
35.138863
36.930378
38.731781
14.825841
18.232008
21.628838
25.007023
28.357300
31.670486
34.937508
38.149403
41.297367
44.372776
47.367199
50.272430
53.080502
55.783722
58.374680
60.846272
63.191727
65.404617
67.478867
69.408806
71.189133
72.814972
74.281860
75.585793
76.723183
77.690918
78.486343
79.107285
79.552032
79.819366
79.908562
79.819374
79.552040
79.107292
78.486359
77.690933
76.723206
75.585815
74.281891
72.815002
71.189163
69.408844
67.478912
65.404663
63.191788
60.846336
58.374748
55.783798
53.080585
50.272518
47.367294
44.372879
41.297474
38.149517
34.937626
31.670612
28.357430
25.007156
21.628979
18.232153
14.825991
11.419827
8.023001
4.644820
1.294544
-2.018643
-5.285661
-8.497554
-11.645520
-14.720931
-17.715355
-20.620586
-23.428661
-26.131886
-28.722847
-31.194447
-33.539906
-35.752796
-37.827065
-39.757019
-41.537357
-43.163208
-44.630119
-45.934059
-47.071461
-48.039207
-48.834644
-49.455585
-49.900341
-50.167675
-50.256878
-50.167690
-49.900356
-49.455608
-48.834667
-48.039238
-47.071499
-45.934105
-44.630169
-43.163269
-41.537418
-39.757084
-37.827137
-35.752876
-33.539974
-31.194508
-28.722908
-26.131931
-23.428699
-20.620613
-17.715370
-14.720929
-11.645505
-8.497525
-5.285617
-2.018582
1.294621
4.644913
8.023109
11.419953
36.272274
41.850121
47.412682
52.944702
58.431030
63.856617
69.206604
74.466309
79.621338
84.657547
89.561134
94.318665
98.917084
103.343811
107.586685
111.634094
115.474960
119.098724
122.495468
125.655869
128.571289
131.233719
133.635864
135.771149
137.633713
139.218445
140.521011
141.537842
142.266144
142.703934
142.849991
142.703934
142.266159
141.537857
140.521027
139.218475
137.633743
135.771179
133.635910
131.233765
128.571350
125.655945
122.495544
119.098801
115.475052
111.634216
107.586807
103.343933
98.917221
94.318810
89.561295
84.657715
79.621521
74.466499
69.206802
63.856827
58.431244
52.944927
47.412910
41.850357
36.272518
30.694677
25.132124
19.600105
14.113785
8.688196
3.338215
-1.921494
-7.076519
-12.112732
-17.016319
-21.773849
-26.372276
-30.799007
-35.041897
-39.089321
-42.930180
-46.553951
-49.950718
-53.111156
-56.026592
-58.689045
-61.091213
-63.226513
-65.089096
-66.673843
-67.976425
-68.993271
-69.721588
-70.159378
-70.305450
-70.159393
-69.721619
-68.993301
-67.976471
-66.673904
-65.089157
-63.226589
-61.091297
-58.689137
-56.026691
-53.111263
-49.950840
-46.554081
-42.930294
-39.089420
-35.041988
-30.799084
-26.372341
-21.773891
-17.016342
-12.112728
-7.076496
-1.921448
3.338291
8.688295
14.113909
19.600258
25.132303
30.694883
37.148285
43.592846
50.019745
56.411362
62.750179
69.018822
75.200119
81.277107
87.233147
93.051910
98.717438
104.214218
109.527161
114.641731
119.543900
124.220215
128.657883
132.844727
136.769257
140.420761
143.789185
146.865326
149.640717
152.107788
154.259766
156.090744
157.595703
158.770538
159.612030
160.117828
160.286591
160.117828
159.612030
158.770569
157.595734
156.090790
154.259796
152.107834
149.640778
146.865387
143.789261
140.420837
136.769348
132.844818
128.657990
124.220337
119.544029
114.641876
109.527328
104.214386
98.717621
93.052094
87.233353
81.277328
75.200348
69.019058
62.750427
56.411617
50.020012
43.593121
37.148567
30.704014
24.277122
17.885511
11.546698
5.278055
-0.903233
-6.980225
-12.936264
-18.755028
-24.420559
-29.917336
-35.230293
-40.344864
-45.247040
-49.923370
-54.361046
-58.547897
-62.472473
-66.123993
-69.492447
-72.568604
-75.344032
-77.811127
-79.963127
-81.794121
-83.299110
-84.473961
-85.315437
-85.821251
-85.990021
-85.821266
-85.315468
-84.473991
-83.299156
-81.794182
-79.963196
-77.811218
-75.344131
-72.568710
-69.492561
-66.124123
-62.472610
-58.548042
-54.361176
-49.923492
-45.247147
-40.344955
-35.230370
-29.917389
-24.420586
-18.755024
-12.936234
-6.980171
-0.903149
5.278168
11.546843
17.885687
24.277328
30.704250
35.197922
42.646095
50.073853
57.460835
64.786797
72.031654
79.175560
86.198921
93.082489
99.807411
106.355232
112.708023
118.848358
124.759415
130.424988
135.829559
140.958313
145.797150
150.332870
154.553009
158.446014
162.001175
165.208786
168.060059
170.547165
172.663284
174.402618
175.760406
176.732925
177.317505
177.512543
177.317505
176.732941
175.760437
174.402649
172.663315
170.547211
168.060120
165.208847
162.001251
158.446075
154.553101
150.332977
145.797272
140.958435
135.829697
130.425140
124.759583
118.848541
112.708214
106.355446
99.807632
93.082733
86.199173
79.175827
72.031937
64.787079
57.461132
50.074158
42.646412
35.198250
27.750084
20.322334
12.935358
5.609402
-1.635456
-8.779354
-15.802715
-22.686287
-29.411209
-35.959030
-42.311821
-48.452164
-54.363228
-60.028816
-65.433395
-70.562141
-75.401016
-79.936760
-84.156937
-88.049957
-91.605164
-94.812820
-97.664108
-100.151230
-102.267380
-104.006729
-105.364532
-106.337067
-106.921646
-107.116699
-106.921661
-106.337097
-105.364578
-104.006790
-102.267441
-100.151321
-97.664215
-94.812927
-91.605293
-88.050095
-84.157082
-79.936928
-75.401184
-70.562294
-65.433533
-60.028946
-54.363335
-48.452248
-42.311882
-35.959061
-29.411201
-22.686256
-15.802654
-8.779259
-1.635326
5.609570
12.935562
20.322575
27.750359
32.666100
40.634010
48.580078
56.482533
64.319702
72.070114
79.712524
87.225983
94.589890
101.784081
108.788811
115.584900
122.153709
128.477249
134.538177
140.319870
145.806503
150.983017
155.835236
160.349854
164.514496
168.317780
171.749207
174.799438
177.460083
179.723877
181.584595
183.037109
184.077515
184.702881
184.911530
184.702881
184.077515
183.037140
181.584625
179.723907
177.460144
174.799500
171.749268
168.317841
164.514587
160.349945
155.835342
150.983139
145.806641
140.320023
134.538330
128.477432
122.153915
115.585114
108.789040
101.784317
94.590149
87.226242
79.712807
72.070404
64.320007
56.482849
48.580410
40.634350
32.666451
24.698547
16.752483
8.850040
1.012875
-6.737534
-14.379940
-21.893394
-29.257305
-36.451492
-43.456230
-50.252319
-56.821144
-63.144684
-69.205620
-74.987335
-80.473969
-85.650497
-90.502754
-95.017418
-99.182091
-102.985390
-106.416862
-109.467125
-112.127800
-114.391609
-116.252342
-117.704903
-118.745277
-119.370659
-119.579323
-119.370674
-118.745323
-117.704948
-116.252403
-114.391685
-112.127892
-109.467232
-106.416985
-102.985527
-99.182243
-95.017570
-90.502930
-85.650681
-80.474136
-74.987480
-69.205757
-63.144791
-56.821236
-50.252388
-43.456261
-36.451492
-29.257271
-21.893326
-14.379833
-6.737392
1.013054
8.850258
16.752741
24.698841
33.117039
40.205215
47.273960
54.303905
61.275780
68.170471
74.969086
81.652977
88.203842
94.603722
100.835068
106.880798
112.724350
118.349701
123.741455
128.884781
133.765640
138.370621
142.687103
146.703278
150.408112
153.791443
156.844025
159.557480
161.924362
163.938202
165.593475
166.885635
167.811142
168.367477
168.553085
168.367477
167.811157
166.885666
165.593506
163.938248
161.924408
159.557526
156.844086
153.791504
150.408173
146.703354
142.687210
138.370728
133.765762
128.884918
123.741592
118.349869
112.724533
106.880981
100.835266
94.603928
88.204071
81.653214
74.969330
68.170731
61.276051
54.304192
47.274254
40.205517
33.117352
26.029182
18.960442
11.930504
4.958635
-1.936050
-8.734661
-15.418556
-21.969421
-28.369301
-34.600651
-40.646381
-46.489941
-52.115307
-57.507053
-62.650410
-67.531265
-72.136261
-76.452774
-80.468979
-84.173828
-87.557205
-90.609818
-93.323303
-95.690216
-97.704071
-99.359375
-100.651550
-101.577057
-102.133392
-102.319016
-102.133408
-101.577087
-100.651581
-99.359421
-97.704147
-95.690292
-93.323395
-90.609924
-87.557327
-84.173965
-80.469116
-76.452927
-72.136429
-67.531418
-62.650539
-57.507175
-52.115406
-46.490025
-40.646442
-34.600674
-28.369297
-21.969391
-15.418499
-8.734570
-1.935925
4.958796
11.930698
18.960670
26.029444
27.131710
33.276840
39.405125
45.499771
51.544071
57.521458
63.415550
69.210190
74.889496
80.437897
85.840195
91.081573
96.147675
101.024597
105.699005
110.158051
114.389526
118.381836
122.124039
125.605865
128.817795
131.750992
134.397446
136.749893
138.801880
140.547791
141.982819
143.103073
143.905457
144.387756
144.548676
144.387772
143.905472
143.103104
141.982849
140.547821
138.801910
136.749939
134.397491
131.751053
128.817856
125.605942
122.124115
118.381927
114.389633
110.158157
105.699127
101.024734
96.147827
91.081741
85.840370
80.438080
74.889694
69.210396
63.415768
57.521683
51.544308
45.500015
39.405380
33.277100
27.131979
20.986856
14.858576
8.763937
2.719641
-3.257744
-9.151833
-14.946472
-20.625778
-26.174183
-31.576481
-36.817863
-41.883968
-46.760899
-51.435307
-55.894367
-60.125851
-64.118164
-67.860397
-71.342270
-74.554199
-77.487442
-80.133911
-82.486374
-84.538391
-86.284317
-87.719376
-88.839630
-89.642014
-90.124329
-90.285263
-90.124344
-89.642044
-88.839676
-87.719421
-86.284378
-84.538452
-82.486465
-80.134003
-77.487549
-74.554321
-71.342377
-67.860535
-64.118317
-60.125973
-55.894474
-51.435413
-46.760983
-41.884037
-36.817913
-31.576504
-26.174179
-20.625748
-14.946419
-9.151752
-3.257635
2.719778
8.764105
14.858774
20.987083
30.016905
36.494350
42.954041
49.378273
55.749435
62.050072
68.262901
74.370903
80.357330
86.205788
91.900223
97.425049
102.765114
107.905777
112.832954
117.533134
121.993446
126.201653
130.146225
133.816345
137.201965
140.293793
143.083344
145.563019
147.725967
149.566284
151.078934
152.259766
153.105530
153.613922
153.783539
153.613922
153.105545
152.259781
151.078964
149.566330
147.725998
145.563049
143.083405
140.293839
137.202026
133.816422
130.146301
126.201752
121.993561
117.533264
112.833092
107.905922
102.765274
97.425224
91.900406
86.205978
80.357536
74.371117
68.263130
62.050308
55.749687
49.378532
42.954311
36.494629
30.017189
23.539751
17.080065
10.655840
4.284679
-2.015947
-8.228777
-14.336779
-20.323210
-26.171663
-31.866106
-37.390930
-42.730995
-47.871666
-52.798851
-57.499046
-61.959366
-66.167580
-70.112183
-73.782341
-77.167976
-80.259827
-83.049423
-85.529106
-87.692085
-89.532425
-91.045097
-92.225937
-93.071709
-93.580101
-93.749733
-93.580116
-93.071739
-92.225967
-91.045135
-89.532486
-87.692162
-85.529198
-83.049522
-80.259941
-77.168091
-73.782463
-70.112320
-66.167732
-61.959496
-57.499168
-52.798965
-47.871758
-42.731071
-37.390984
-31.866133
-26.171659
-20.323179
-14.336721
-8.228693
-2.015833
4.284826
10.656017
17.080273
23.539989
29.427376
36.499722
43.552681
50.566925
57.523228
64.402519
71.185944
77.854919
84.391151
90.776733
96.994164
103.026398
108.856895
114.469688
119.849388
124.981239
129.851196
134.445892
138.752747
142.759933
146.456482
149.832275
152.878036
155.585434
157.947052
159.956390
161.607941
162.897217
163.820679
164.375763
164.560944
164.375763
163.820679
162.897247
161.607971
159.956421
157.947083
155.585480
152.878082
149.832336
146.456573
142.760010
138.752838
134.445999
129.851318
124.981377
119.849533
114.469849
108.857071
103.026581
96.994362
90.776947
84.391373
77.855156
71.186203
64.402779
57.523499
50.567207
43.552975
36.500023
29.427687
22.355349
15.302395
8.288158
1.331861
-5.547428
-12.330853
-18.999825
-25.536060
-31.921642
-38.139076
-44.171310
-50.001816
-55.614616
-60.994324
-66.126190
-70.996147
-75.590858
-79.897736
-83.904968
-87.601547
-90.977364
-94.023155
-96.730576
-99.092201
-101.101570
-102.753166
-104.042458
-104.965904
-105.520988
-105.706200
-105.521004
-104.965935
-104.042488
-102.753212
-101.101631
-99.092293
-96.730675
-94.023262
-90.977486
-87.601677
-83.905106
-79.897888
-75.591019
-70.996292
-66.126320
-60.994446
-55.614716
-50.001900
-44.171364
-38.139099
-31.921638
-25.536026
-18.999763
-12.330761
-5.547302
1.332020
8.288351
15.302623
22.355610
36.583393
44.148773
51.693417
59.196644
66.637894
73.996758
81.253082
88.386963
95.378860
102.209595
108.860458
115.313217
121.550186
127.554260
133.308990
138.798599
144.008057
148.923065
153.530151
157.816696
161.770950
165.382065
168.640167
171.536301
174.062546
176.211960
177.978653
179.357819
180.345642
180.939423
181.137527
180.939423
180.345657
179.357849
177.978699
176.211990
174.062576
171.536346
168.640228
165.382141
161.771027
157.816788
153.530258
148.923172
144.008194
138.798752
133.309143
127.554428
121.550369
115.313416
108.860672
102.209824
95.379105
88.387222
81.253342
73.997040
66.638184
59.196945
51.693729
44.149094
36.583725
29.018354
21.473717
13.970497
6.529257
-0.829609
-8.085926
-15.219810
-22.211704
-29.042446
-35.693317
-42.146076
-48.383045
-54.387127
-60.141872
-65.631500
-70.840958
-75.755966
-80.363098
-84.649689
-88.603958
-92.215118
-95.473251
-98.369415
-100.895676
-103.045120
-104.811844
-106.191010
-107.178848
-107.772629
-107.970749
-107.772644
-107.178879
-106.191055
-104.811905
-103.045181
-100.895767
-98.369507
-95.473358
-92.215256
-88.604095
-84.649826
-80.363266
-75.756149
-70.841110
-65.631638
-60.142002
-54.387234
-48.383129
-42.146137
-35.693348
-29.042446
-22.211670
-15.219746
-8.085827
-0.829475
6.529427
13.970705
21.473961
29.018633
46.995792
54.342075
61.668221
68.954155
76.179901
83.325653
90.371826
97.299110
104.088516
110.721443
117.179688
123.445572
129.501907
135.332108
140.920181
146.250809
151.309402
156.082062
160.555725
164.718140
168.557877
172.064423
175.228149
178.040421
180.493500
182.580658
184.296204
185.635422
186.594635
187.171219
187.363586
187.171219
186.594650
185.635452
184.296234
182.580704
180.493530
178.040466
175.228210
172.064484
168.557953
164.718216
160.555832
156.082169
151.309525
146.250961
140.920334
135.332275
129.502090
123.445770
117.179901
110.721664
104.088753
97.299362
90.372086
83.325928
76.180183
68.954453
61.668526
54.342388
46.996117
39.649841
32.323700
25.037775
17.812035
10.666286
3.620113
-3.307171
-10.096581
-16.729500
-23.187756
-29.453640
-35.509983
-41.340191
-46.928272
-52.258915
-57.317509
-62.090183
-66.563889
-70.726334
-74.566086
-78.072662
-81.236435
-84.048721
-86.501831
-88.589020
-90.304596
-91.643814
-92.603043
-93.179626
-93.372009
-93.179642
-92.603073
-91.643860
-90.304642
-88.589096
-86.501923
-84.048828
-81.236542
-78.072784
-74.566223
-70.726471
-66.564041
-62.090351
-57.317661
-52.259052
-46.928402
-41.340290
-35.510067
-29.453701
-23.187786
-16.729496
-10.096546
-3.307110
3.620209
10.666416
17.812199
25.037975
32.323936
39.650108
50.337971
58.744240
67.127464
75.464676
83.733002
91.909805
99.972672
107.899475
115.668518
123.258499
130.648590
137.818573
144.748764
151.420197
157.814560
163.914337
169.702820
175.164124
180.283279
185.046280
189.440048
193.452545
197.072769
200.290817
203.097839
205.486160
207.449234
208.981689
210.079300
210.739090
210.959213
210.739090
210.079330
208.981720
207.449280
205.486206
203.097885
200.290878
197.072845
193.452621
189.440140
185.046387
180.283401
175.164246
169.702972
163.914505
157.814743
151.420380
144.748978
137.818787
130.648834
123.258743
115.668793
107.899765
99.972961
91.910118
83.733330
75.465004
67.127808
58.744598
50.338341
41.932083
33.548866
25.211664
16.943333
8.766537
0.703682
-7.223129
-14.992168
-22.582142
-29.972248
-37.142231
-44.072437
-50.743870
-57.138248
-63.238049
-69.026535
-74.487854
-79.607056
-84.370087
-88.763885
-92.776428
-96.396683
-99.614761
-102.421814
-104.810165
-106.773270
-108.305725
-109.403351
-110.063141
-110.283279
-110.063156
-109.403397
-108.305771
-106.773331
-104.810242
-102.421906
-99.614868
-96.396805
-92.776566
-88.764038
-84.370255
-79.607239
-74.488037
-69.026703
-63.238201
-57.138393
-50.743984
-44.072529
-37.142300
-29.972286
-22.582142
-14.992130
-7.223057
0.703793
8.766685
16.943523
25.211895
33.549133
41.932392
56.312145
63.920921
71.508842
79.055115
86.539047
93.940125
101.238068
108.412872
115.444878
122.314804
129.003815
135.493591
141.766327
147.804855
153.592590
159.113693
164.353027
169.296234
173.929749
178.240891
182.217819
185.849655
189.126434
192.039185
194.579926
196.741669
198.518509
199.905579
200.899063
201.496246
201.695496
201.496262
200.899078
199.905609
198.518539
196.741714
194.579971
192.039246
189.126495
185.849731
182.217896
178.240967
173.929855
169.296341
164.353165
159.113846
153.592743
147.805023
141.766525
135.493790
129.004028
122.315033
115.445122
108.413132
101.238342
93.940407
86.539337
79.055420
71.509155
63.921246
56.312481
48.703712
41.115795
33.569534
26.085608
18.684532
11.386589
4.211781
-2.820221
-9.690151
-16.379162
-22.868938
-29.141682
-35.180210
-40.967968
-46.489086
-51.728420
-56.671635
-61.305187
-65.616364
-69.593323
-73.225189
-76.501999
-79.414780
-81.955536
-84.117310
-85.894180
-87.281250
-88.274750
-88.871948
-89.071198
-88.871964
-88.274780
-87.281296
-85.894226
-84.117371
-81.955627
-79.414886
-76.502121
-73.225311
-69.593460
-65.616501
-61.305347
-56.671810
-51.728580
-46.489223
-40.968098
-35.180317
-29.141773
-22.868999
-16.379192
-9.690144
-2.820187
4.211845
11.386688
18.684666
26.085779
33.569740
41.116043
48.703991
39.484863
46.241116
52.978851
59.679596
66.324997
72.896820
79.377068
85.747971
91.992081
98.092270
104.031807
109.794434
115.364342
120.726280
125.865540
130.768036
135.420319
139.809662
143.924011
147.752106
151.283447
154.508362
157.417999
160.004395
162.260437
164.179977
165.757721
166.989380
167.871552
168.401825
168.578751
168.401840
167.871567
166.989410
165.757751
164.180023
162.260483
160.004425
157.418045
154.508423
151.283524
147.752197
143.924103
139.809753
135.420441
130.768158
125.865677
120.726433
115.364517
109.794609
104.031998
98.092468
91.992294
85.748199
79.377304
72.897064
66.325256
59.679867
52.979130
46.241402
39.485161
32.728916
25.991188
19.290445
12.645056
6.073231
-0.407017
-6.777920
-13.022022
-19.122211
-25.061760
-30.824387
-36.394302
-41.756241
-46.895508
-51.798012
-56.450310
-60.839661
-64.954048
-68.782181
-72.313545
-75.538483
-78.448143
-81.034561
-83.290634
-85.210190
-86.787971
-88.019638
-88.901810
-89.432098
-89.609024
-89.432114
-88.901840
-88.019676
-86.788017
-85.210258
-83.290718
-81.034653
-78.448242
-75.538597
-72.313667
-68.782310
-64.954193
-60.839821
-56.450447
-51.798134
-46.895622
-41.756332
-36.394379
-30.824440
-25.061783
-19.122208
-13.021992
-6.777863
-0.406929
6.073349
12.645206
19.290630
25.991405
32.729164
38.101723
45.245979
52.370651
59.456215
66.483246
73.432480
80.284882
87.021667
93.624359
100.074875
106.355515
112.449081
118.338867
124.008728
129.443130
134.627167
139.546631
144.188049
148.538681
152.586624
156.320770
159.730865
162.807602
165.542526
167.928131
169.957916
171.626282
172.928680
173.861511
174.422211
174.609314
174.422241
173.861511
172.928680
171.626312
169.957947
167.928192
165.542572
162.807648
159.730927
156.320831
152.586700
148.538788
144.188141
139.546753
134.627289
129.443268
124.008888
118.339043
112.449272
106.355721
100.075089
93.624588
87.021904
80.285141
73.432755
66.483521
59.456497
52.370949
45.246284
38.102036
30.957788
23.833122
16.747566
9.720539
2.771301
-4.081097
-10.817875
-17.420567
-23.871078
-30.151726
-36.245293
-42.135086
-47.804955
-53.239365
-58.423416
-63.342888
-67.984314
-72.334984
-76.382957
-80.117126
-83.527260
-86.604027
-89.338974
-91.724617
-93.754417
-95.422798
-96.725197
-97.658043
-98.218773
-98.405861
-98.218788
-97.658073
-96.725243
-95.422844
-93.754478
-91.724693
-89.339073
-86.604134
-83.527382
-80.117256
-76.383095
-72.335136
-67.984474
-63.343033
-58.423546
-53.239487
-47.805054
-42.135170
-36.245354
-30.151756
-23.871075
-17.420536
-10.817814
-4.081001
2.771427
9.720699
16.747761
23.833351
30.958052
37.542793
44.410542
51.259464
58.070793
64.825851
71.506134
78.093323
84.569366
90.916504
97.117363
103.154922
109.012650
114.674477
120.124893
125.348961
130.332352
135.061432
139.523193
143.705444
147.596725
151.186340
154.464462
157.422119
160.051178
162.344482
164.295685
165.899475
167.151459
168.048187
168.587219
168.767059
168.587219
168.048187
167.151489
165.899506
164.295715
162.344513
160.051239
157.422180
154.464523
151.186401
147.596802
143.705536
139.523300
135.061554
130.332489
125.349106
120.125053
114.674644
109.012825
103.155121
97.117569
90.916725
84.569595
78.093567
71.506386
64.826118
58.071068
51.259750
44.410835
37.543095
30.675354
23.826439
17.015118
10.260061
3.579784
-3.007401
-9.483444
-15.830589
-22.031445
-28.069008
-33.926735
-39.588570
-45.038994
-50.263069
-55.246475
-59.975555
-64.437340
-68.619621
-72.510925
-76.100563
-79.378723
-82.336403
-84.965500
-87.258812
-89.210045
-90.813850
-92.065849
-92.962578
-93.501610
-93.681465
-93.501625
-92.962608
-92.065895
-90.813896
-89.210106
-87.258888
-84.965591
-82.336502
-79.378838
-76.100693
-72.511055
-68.619766
-64.437492
-59.975693
-55.246605
-50.263191
-45.039085
-39.588646
-33.926788
-28.069038
-22.031441
-15.830559
-9.483383
-3.007313
3.579906
10.260216
17.015305
23.826660
30.675608
37.137989
43.609604
50.063484
56.481934
62.847366
69.142326
75.349564
81.452072
87.433121
93.276306
98.965622
104.485474
109.820724
114.956772
119.879517
124.575470
129.031769
133.236176
137.177200
140.844025
144.226593
147.315643
150.102692
152.580124
154.741135
156.579788
158.091080
159.270844
160.115860
160.623779
160.793259
160.623795
160.115875
159.270874
158.091110
156.579834
154.741165
152.580170
150.102737
147.315704
144.226669
140.844101
137.177292
133.236282
129.031876
124.575592
119.879654
114.956909
109.820892
104.485641
98.965805
93.276505
87.433319
81.452286
75.349792
69.142563
62.847614
56.482193
50.063751
43.609882
37.138271
30.666664
24.212791
17.794346
11.428921
5.133961
-1.073277
-7.175781
-13.156826
-19.000015
-24.689335
-30.209187
-35.544453
-40.680492
-45.603252
-50.299213
-54.755512
-58.959949
-62.900997
-66.567856
-69.950439
-73.039520
-75.826599
-78.304047
-80.465073
-82.303772
-83.815079
-84.994843
-85.839859
-86.347794
-86.517273
-86.347809
-85.839890
-84.994888
-83.815109
-82.303818
-80.465149
-78.304138
-75.826691
-73.039627
-69.950562
-66.567978
-62.901134
-58.960094
-54.755650
-50.299328
-45.603359
-40.680584
-35.544521
-30.209240
-24.689362
-19.000011
-13.156796
-7.175728
-1.073193
5.134075
11.429066
17.794523
24.212999
30.666903
41.807873
46.933434
52.044945
57.128395
62.169853
67.155502
72.071678
76.904892
81.641922
86.269760
90.775734
95.147491
99.373047
103.440819
107.339661
111.058884
114.588303
117.918228
121.039536
123.943680
126.622696
129.069244
131.276611
133.238739
134.950272
136.406509
137.603455
138.537842
139.207092
139.609375
139.743591
139.609375
139.207108
138.537857
137.603485
136.406540
134.950302
133.238785
131.276642
129.069290
126.622757
123.943741
121.039612
117.918304
114.588394
111.058990
107.339767
103.440933
99.373169
95.147629
90.775879
86.269913
81.642082
76.905067
72.071854
67.155693
62.170052
57.128601
52.045155
46.933651
41.808098
36.682545
31.571037
26.487591
21.446135
16.460487
11.544317
6.711098
1.974075
-2.653770
-7.159744
-11.531502
-15.757061
-19.824841
-23.723690
-27.442921
-30.972340
-34.302273
-37.423611
-40.327785
-43.006817
-45.453381
-47.660763
-49.622921
-51.334469
-52.790722
-53.987690
-54.922077
-55.591335
-55.993626
-56.127850
-55.993633
-55.591358
-54.922108
-53.987720
-52.790768
-51.334530
-49.622990
-47.660839
-45.453465
-43.006908
-40.327885
-37.423725
-34.302395
-30.972446
-27.443020
-23.723782
-19.824909
-15.757118
-11.531540
-7.159763
-2.653767
1.974098
6.711140
11.544384
16.460579
21.446249
26.487730
31.571201
36.682732
30.478008
36.125443
41.757393
47.358429
52.913200
58.406471
63.823200
69.148529
74.367859
79.466904
84.431656
89.248535
93.904327
98.386276
102.682083
106.779999
110.668762
114.337738
117.776855
120.976685
123.928482
126.624115
129.056229
131.218155
133.103943
134.708450
136.027267
137.056793
137.794174
138.237427
138.385315
138.237427
137.794189
137.056808
136.027298
134.708481
133.103973
131.218185
129.056274
126.624176
123.928543
120.976761
117.776932
114.337814
110.668869
106.780106
102.682205
98.386398
93.904465
89.248688
84.431824
79.467072
74.368042
69.148712
63.823399
58.406685
52.913414
47.358658
41.757626
36.125683
30.478256
24.830830
19.198883
13.597851
8.043085
2.549814
-2.866909
-8.192238
-13.411572
-18.510612
-23.475372
-28.292252
-32.948048
-37.429996
-41.725819
-45.823734
-49.712513
-53.381496
-56.820637
-60.020504
-62.972309
-65.667969
-68.100113
-70.262054
-72.147873
-73.752396
-75.071228
-76.100754
-76.838150
-77.281403
-77.429291
-77.281418
-76.838181
-76.100784
-75.071259
-73.752441
-72.147934
-70.262131
-68.100189
-65.668076
-62.972408
-60.020611
-56.820759
-53.381618
-49.712627
-45.823841
-41.725918
-37.430080
-32.948112
-28.292297
-23.475395
-18.510609
-13.411545
-8.192188
-2.866837
2.549913
8.043213
13.598005
19.199064
24.831039
39.441593
45.198372
50.939369
56.648849
62.311172
67.910805
73.432411
78.860840
84.181236
89.378998
94.439888
99.350037
104.095963
108.664688
113.043686
117.220932
121.184998
124.925003
128.430710
131.692505
134.701447
137.449280
139.928482
142.132248
144.054565
145.690125
147.034485
148.083939
148.835602
149.287430
149.438187
149.287445
148.835617
148.083954
147.034515
145.690170
144.054596
142.132294
139.928528
137.449326
134.701492
131.692566
128.430786
124.925079
121.185089
117.221039
113.043793
108.664825
104.096115
99.350182
94.440048
89.379173
84.181419
78.861038
73.432617
67.911018
62.311394
56.649082
50.939606
45.198616
39.441845
33.685074
27.944082
22.234604
16.572289
10.972656
5.451054
0.022621
-5.297771
-10.495537
-15.556427
-20.466568
-25.212513
-29.781239
-34.160236
-38.337498
-42.301563
-46.041584
-49.547314
-52.809139
-55.818096
-58.565952
-61.045185
-63.248981
-65.171310
-66.806900
-68.151276
-69.200729
-69.952408
-70.404236
-70.554993
-70.404251
-69.952438
-69.200760
-68.151306
-66.806946
-65.171371
-63.249058
-61.045269
-58.566051
-55.818203
-52.809246
-49.547436
-46.041714
-42.301685
-38.337605
-34.160336
-29.781322
-25.212574
-20.466614
-15.556450
-10.495533
-5.297745
0.022667
5.451130
10.972757
16.572418
22.234762
27.944267
33.685287
41.303230
46.828732
52.339088
57.819199
63.254040
68.628716
73.928490
79.138840
84.245491
89.234436
94.092010
98.804893
103.360161
107.745338
111.948410
115.957840
119.762650
123.352409
126.717270
129.848022
132.736084
135.373535
137.753128
139.868378
141.713455
143.283325
144.573654
145.580963
146.302429
146.736099
146.880798
146.736115
146.302429
145.580963
144.573685
143.283356
141.713486
139.868408
137.753174
135.373566
132.736145
129.848083
126.717346
123.352486
119.762749
115.957947
111.948524
107.745468
103.360306
98.805038
94.092163
89.234604
84.245667
79.139030
73.928688
68.628922
63.254253
57.819420
52.339317
46.828968
41.303474
35.777977
30.267624
24.787519
19.352682
13.978012
8.678238
3.467884
-1.638763
-6.627712
-11.485287
-16.198166
-20.753445
-25.138626
-29.341705
-33.351143
-37.155960
-40.745728
-44.110619
-47.241394
-50.129471
-52.766937
-55.146568
-57.261826
-59.106934
-60.676811
-61.967171
-62.974472
-63.695946
-64.129631
-64.274330
-64.129646
-63.695976
-62.974503
-61.967209
-60.676857
-59.106995
-57.261902
-55.146652
-52.767036
-50.129570
-47.241501
-44.110733
-40.745850
-37.156075
-33.351242
-29.341797
-25.138702
-20.753506
-16.198212
-11.485306
-6.627712
-1.638741
3.467930
8.678310
13.978109
19.352808
24.787670
30.267801
35.778179
35.259983
40.795105
46.315056
51.804707
57.249008
62.633041
67.942047
73.161469
78.277008
83.274643
88.140671
92.861755
97.424957
101.817764
106.028152
110.044556
113.856003
117.452011
120.822723
123.958939
126.852020
129.494049
131.877792
133.996719
135.845016
137.417618
138.710205
139.719254
140.441971
140.876404
141.021347
140.876419
140.441986
139.719269
138.710220
137.417648
135.845047
133.996765
131.877838
129.494110
126.852081
123.959000
120.822800
117.452087
113.856094
110.044662
106.028259
101.817886
97.425095
92.861900
88.140823
83.274811
78.277184
73.161652
67.942238
62.633244
57.249222
51.804928
46.315285
40.795341
35.260227
29.725109
24.205162
18.715519
13.271221
7.887192
2.578190
-2.641235
-7.756771
-12.754406
-17.620438
-22.341522
-26.904732
-31.297550
-35.507938
-39.524364
-43.335804
-46.931820
-50.302563
-53.438801
-56.331905
-58.973957
-61.357731
-63.476673
-65.324982
-66.897598
-68.190216
-69.199265
-69.921997
-70.356430
-70.501389
-70.356445
-69.922028
-69.199295
-68.190247
-66.897659
-65.325058
-63.476749
-61.357815
-58.974056
-56.332005
-53.438908
-50.302685
-46.931942
-43.335918
-39.524464
-35.508038
-31.297626
-26.904793
-22.341568
-17.620457
-12.754406
-7.756748
-2.641186
2.578262
7.887289
13.271345
18.715670
24.205341
29.725313
62.659550
67.000069
71.328690
75.633545
79.902847
84.124878
88.288086
92.381035
96.392525
100.311554
104.127380
107.829559
111.407913
114.852661
118.154343
121.303925
124.292770
127.112671
129.755920
132.215256
134.483948
136.555771
138.425049
140.086670
141.536057
142.769241
143.782867
144.574142
145.140884
145.481552
145.595215
145.481567
145.140900
144.574158
143.782883
142.769272
141.536087
140.086700
138.425079
136.555817
134.483994
132.215302
129.755981
127.112732
124.292839
121.304008
118.154434
114.852753
111.408020
107.829666
104.127502
100.311691
96.392662
92.381180
88.288239
84.125038
79.903015
75.633720
71.328865
67.000252
62.659740
58.319229
53.990608
49.685757
45.416458
41.194427
37.031227
32.938274
28.926785
25.007751
21.191921
17.489754
13.911388
10.466640
7.164948
4.015358
1.026516
-1.793400
-4.436665
-6.896023
-9.164730
-11.236576
-13.105869
-14.767498
-16.216908
-17.450115
-18.463749
-19.255024
-19.821774
-20.162449
-20.276119
-20.162464
-19.821796
-19.255047
-18.463779
-17.450153
-16.216953
-14.767559
-13.105938
-11.236645
-9.164814
-6.896107
-4.436756
-1.793499
1.026428
4.015282
7.164871
10.466579
13.911339
17.489719
21.191906
25.007755
28.926804
32.938309
37.031284
41.194504
45.416557
49.685875
53.990749
58.319389
19.462572
24.826050
30.174824
35.494240
40.769714
45.986782
51.131157
56.188721
61.145630
65.988281
70.703415
75.278099
79.699791
83.956383
88.036201
91.928062
95.621307
99.105797
102.371994
105.410942
108.214317
110.774414
113.084244
115.137459
116.928436
118.452263
119.704773
120.682526
121.382843
121.803802
121.944252
121.803810
121.382858
120.682549
119.704796
118.452293
116.928467
115.137497
113.084282
110.774467
108.214371
105.411003
102.372070
99.105873
95.621399
91.928162
88.036308
83.956505
79.699928
75.278236
70.703568
65.988441
61.145798
56.188904
51.131344
45.986984
40.769920
35.494453
30.175047
24.826279
19.462807
14.099337
8.750566
3.431156
-1.844313
-7.061382
-12.205750
-17.263319
-22.220224
-27.062880
-31.778013
-36.352699
-40.774399
-45.030998
-49.110825
-53.002693
-56.695938
-60.180443
-63.446663
-66.485641
-69.289024
-71.849152
-74.159004
-76.212242
-78.003235
-79.527084
-80.779610
-81.757370
-82.457687
-82.878654
-83.019112
-82.878670
-82.457718
-81.757401
-80.779640
-79.527130
-78.003296
-76.212311
-74.159081
-71.849243
-69.289124
-66.485741
-63.446777
-60.180565
-56.696053
-53.002792
-49.110916
-45.031067
-40.774460
-36.352737
-31.778032
-27.062876
-22.220198
-17.263273
-12.205681
-7.061287
-1.844193
3.431303
8.750738
14.099534
49.802399
52.633270
55.456383
58.264000
61.048424
63.802021
66.517250
69.186661
71.802940
74.358925
76.847595
79.262138
81.595932
83.842583
85.995934
88.050079
89.999390
91.838531
93.562439
95.166420
96.646057
97.997284
99.216431
100.300125
101.245415
102.049698
102.710777
103.226845
103.596474
103.818657
103.892792
103.818665
103.596481
103.226852
102.710793
102.049713
101.245430
100.300140
99.216446
97.997314
96.646080
95.166451
93.562485
91.838570
89.999443
88.050133
85.995987
83.842651
81.596001
79.262207
76.847672
74.359009
71.803032
69.186752
66.517349
63.802124
61.048531
58.264114
55.456501
52.633392
49.802525
46.971653
44.148544
41.340931
38.556507
35.802910
33.087685
30.418274
27.801992
25.246012
22.757339
20.342796
18.008999
15.762344
13.608990
11.554836
9.605522
7.766384
6.042454
4.438465
2.958824
1.607574
0.388424
-0.695286
-1.640583
-2.444878
-3.105968
-3.622036
-3.991669
-4.213856
-4.287991
-4.213863
-3.991684
-3.622051
-3.105988
-2.444904
-1.640617
-0.695324
0.388382
1.607525
2.958771
4.438412
6.042393
7.766319
9.605465
11.554787
13.608940
15.762306
18.008966
20.342773
22.757328
25.246014
27.802006
30.418299
33.087723
35.802963
38.556572
41.341007
44.148636
46.971760
72.105736
73.765823
75.421364
77.067810
78.700661
80.315430
81.907700
83.473106
85.007355
86.506241
87.965652
89.381592
90.750183
92.067673
93.330444
94.535042
95.678162
96.756676
97.767616
98.708221
99.575912
100.368309
101.083237
101.718750
102.273087
102.744736
103.132408
103.435043
103.651802
103.782089
103.825562
103.782097
103.651802
103.435043
103.132416
102.744743
102.273094
101.718758
101.083252
100.368324
99.575928
98.708244
97.767639
96.756699
95.678192
94.535072
93.330475
92.067711
90.750229
89.381638
87.965698
86.506287
85.007408
83.473160
81.907761
80.315491
78.700722
77.067879
75.421432
73.765892
72.105812
70.445724
68.790184
67.143738
65.510895
63.896118
62.303848
60.738445
59.204201
57.705315
56.245899
54.829956
53.461365
52.143875
50.881100
49.676498
48.533379
47.454865
46.443913
45.503296
44.635601
43.843201
43.128262
42.492752
41.938408
41.466751
41.079071
40.776436
40.559677
40.429382
40.385906
40.429375
40.559669
40.776428
41.079060
41.466736
41.938385
42.492729
43.128235
43.843170
44.635571
45.503265
46.443878
47.454826
48.533340
49.676468
50.881073
52.143852
53.461349
54.829945
56.245895
57.705315
59.204208
60.738461
62.303871
63.896149
65.510925
67.143784
68.790237
70.445786
