1097.121948
1097.021484
1096.720459
1096.219482
1095.520020
1094.624023
1093.533936
1092.252808
1090.784058
1089.131714
1087.300415
1085.295044
1083.121094
1080.784668
1078.292114
1075.650146
1072.866089
1069.947632
1066.902710
1063.739746
1060.467285
1057.094360
1053.630127
1050.084229
1046.466431
1042.786377
1039.054443
1035.280640
1031.475464
1027.649292
1023.812561
1019.975830
1016.149597
1012.344421
1008.570679
1004.838684
1001.158691
997.540771
993.994934
990.530762
987.157837
983.885376
980.722351
977.677429
974.758972
971.974915
969.333008
966.840393
964.503967
962.330078
960.324707
958.493347
956.841003
955.372253
954.091064
953.000977
952.105042
951.405579
950.904602
950.603516
950.502991
950.603455
950.904602
951.405518
952.104980
953.000916
954.090942
955.372131
956.840881
958.493164
960.324524
962.329895
964.503723
966.840210
969.332764
971.974670
974.758667
977.677124
980.722046
983.885132
987.157593
990.530518
993.994690
997.540588
1001.158508
1004.838501
1008.570496
1012.344238
1016.149475
1019.975708
1023.812439
1027.649170
1031.475342
1035.280640
1039.054443
1042.786377
1046.466431
1050.084351
1053.630249
1057.094360
1060.467285
1063.739746
1066.902832
1069.947754
1072.866211
1075.650269
1078.292114
1080.784790
1083.121216
1085.295166
1087.300537
1089.131836
1090.784180
1092.252930
1093.534058
1094.624146
1095.520020
1096.219482
1096.720459
1097.021484
1066.494385
1066.390625
1066.079712
1065.562378
1064.840088
1063.914917
1062.789307
1061.466309
1059.949585
1058.243286
1056.352173
1054.281250
1052.036377
1049.623657
1047.049683
1044.321411
1041.446533
1038.432739
1035.288452
1032.022095
1028.642822
1025.159668
1021.582458
1017.920776
1014.184753
1010.384644
1006.530762
1002.633789
998.704346
994.753174
990.791199
986.829163
982.878052
978.948608
975.051575
971.197754
967.397583
963.661560
959.999878
956.422607
952.939575
949.560242
946.293945
943.149597
940.135803
937.260925
934.532715
931.958679
929.545959
927.301086
925.230225
923.339050
921.632813
920.116089
918.793091
917.667419
916.742188
916.019897
915.502563
915.191589
915.087830
915.191589
915.502502
916.019836
916.742065
917.667297
918.792969
920.115967
921.632629
923.338928
925.230042
927.300903
929.545776
931.958496
934.532471
937.260620
940.135559
943.149292
946.293640
949.559998
952.939331
956.422363
959.999695
963.661316
967.397400
971.197571
975.051392
978.948425
982.877869
986.829041
990.791077
994.753113
998.704224
1002.633728
1006.530701
1010.384583
1014.184753
1017.920776
1021.582458
1025.159790
1028.642822
1032.022217
1035.288452
1038.432861
1041.446655
1044.321533
1047.049805
1049.623779
1052.036499
1054.281372
1056.352173
1058.243408
1059.949585
1061.466309
1062.789307
1063.915039
1064.840210
1065.562500
1066.079712
1066.390747
1091.179077
1091.032349
1090.592407
1089.860474
1088.838623
1087.529541
1085.936890
1084.065063
1081.919189
1079.505127
1076.829468
1073.899658
1070.723511
1067.309937
1063.668091
1059.808228
1055.740723
1051.476807
1047.028076
1042.406738
1037.625610
1032.697754
1027.636475
1022.455872
1017.170044
1011.793518
1006.341003
1000.827454
995.267944
989.677795
984.072266
978.466736
972.876587
967.317078
961.803528
956.351013
950.974426
945.688599
940.507996
935.446777
930.518860
925.737732
921.116455
916.667786
912.403809
908.336304
904.476379
900.834595
897.421021
894.244873
891.315002
888.639343
886.225281
884.079346
882.207581
880.614929
879.305908
878.283997
877.552063
877.112122
876.965332
877.112061
877.552002
878.283936
879.305786
880.614807
882.207397
884.079224
886.225098
888.639160
891.314758
894.244629
897.420715
900.834290
904.476074
908.335938
912.403442
916.667358
921.116089
925.737366
930.518494
935.446472
940.507690
945.688293
950.974121
956.350708
961.803223
967.316833
972.876343
978.466553
984.072083
989.677673
995.267883
1000.827393
1006.340942
1011.793518
1017.170044
1022.455933
1027.636597
1032.697754
1037.625732
1042.406860
1047.028198
1051.476929
1055.740845
1059.808350
1063.668335
1067.310059
1070.723633
1073.899780
1076.829590
1079.505249
1081.919312
1084.065186
1085.937012
1087.529663
1088.838623
1089.860474
1090.592407
1091.032349
1112.402466
1112.242920
1111.764526
1110.968750
1109.857788
1108.434448
1106.702881
1104.667725
1102.334595
1099.709839
1096.800781
1093.615112
1090.161865
1086.450439
1082.490845
1078.294067
1073.871582
1069.235596
1064.398682
1059.374146
1054.175781
1048.817871
1043.314941
1037.682251
1031.935181
1026.089478
1020.161133
1014.166443
1008.121826
1002.043884
995.949158
989.854492
983.776489
977.731873
971.737183
965.808838
959.963135
954.216003
948.583313
943.080444
937.722473
932.524109
927.499634
922.662720
918.026672
913.604187
909.407471
905.447876
901.736389
898.283142
895.097595
892.188416
889.563721
887.230530
885.195374
883.463806
882.040527
880.929443
880.133667
879.655273
879.495667
879.655273
880.133606
880.929382
882.040405
883.463623
885.195190
887.230347
889.563477
892.188171
895.097290
898.282837
901.736084
905.447571
909.407104
913.603821
918.026245
922.662292
927.499207
932.523743
937.722107
943.080078
948.582947
954.215698
959.962769
965.808533
971.736877
977.731567
983.776245
989.854248
995.948975
1002.043701
1008.121704
1014.166382
1020.161072
1026.089478
1031.935181
1037.682251
1043.315063
1048.817871
1054.175903
1059.374268
1064.398804
1069.235718
1073.871826
1078.294189
1082.490967
1086.450562
1090.162109
1093.615356
1096.800903
1099.709961
1102.334717
1104.667847
1106.703003
1108.434570
1109.857788
1110.968872
1111.764648
1112.242920
1146.730591
1146.537842
1145.960449
1144.999878
1143.658691
1141.940552
1139.850342
1137.393555
1134.577148
1131.408691
1127.896973
1124.051514
1119.882935
1115.402588
1110.622803
1105.556763
1100.218262
1094.621826
1088.783081
1082.717651
1076.442505
1069.974731
1063.331909
1056.532471
1049.594849
1042.538330
1035.381958
1028.145508
1020.848755
1013.511719
1006.154541
998.797363
991.460388
984.163635
976.927185
969.770813
962.714233
955.776672
948.977173
942.334412
935.866577
929.591431
923.526062
917.687256
912.090881
906.752319
901.686218
896.906494
892.426147
888.257568
884.412109
880.900391
877.731934
874.915527
872.458740
870.368469
868.650391
867.309204
866.348511
865.771057
865.578369
865.771057
866.348450
867.309082
868.650269
870.368286
872.458557
874.915283
877.731689
880.900085
884.411804
888.257202
892.425781
896.906067
901.685791
906.751831
912.090393
917.686707
923.525574
929.590942
935.866089
942.333984
948.976746
955.776245
962.713806
969.770447
976.926819
984.163330
991.460083
998.797119
1006.154358
1013.511536
1020.848572
1028.145386
1035.381836
1042.538208
1049.594849
1056.532471
1063.332031
1069.974731
1076.442627
1082.717773
1088.783203
1094.622070
1100.218384
1105.557007
1110.623047
1115.402832
1119.883057
1124.051636
1127.897095
1131.408813
1134.577271
1137.393677
1139.850464
1141.940674
1143.658691
1144.999878
1145.960571
1146.537964
1156.271851
1156.067261
1155.453979
1154.433838
1153.009644
1151.185181
1148.965454
1146.356567
1143.365723
1140.000977
1136.271851
1132.188232
1127.761475
1123.003662
1117.927979
1112.548096
1106.878906
1100.936035
1094.735596
1088.294556
1081.630859
1074.762451
1067.708252
1060.487671
1053.120483
1045.626831
1038.027344
1030.342773
1022.594116
1014.802673
1006.989868
999.177063
991.385681
983.637085
975.952454
968.352905
960.859253
953.492065
946.271484
939.217346
932.348938
925.685181
919.244202
913.043762
907.100830
901.431641
896.051819
890.976074
886.218262
881.791504
877.707947
873.978699
870.614014
867.623169
865.014282
862.794556
860.970032
859.545776
858.525635
857.912415
857.707825
857.912354
858.525574
859.545654
860.969910
862.794373
865.014038
867.622925
870.613770
873.978394
877.707581
881.791138
886.217896
890.975586
896.051331
901.431152
907.100281
913.043213
919.243652
925.684631
932.348450
939.216858
946.270996
953.491638
960.858826
968.352539
975.952087
983.636719
991.385376
999.176819
1006.989685
1014.802490
1022.593933
1030.342651
1038.027222
1045.626831
1053.120483
1060.487793
1067.708374
1074.762451
1081.630859
1088.294678
1094.735718
1100.936157
1106.879150
1112.548340
1117.928101
1123.003906
1127.761719
1132.188477
1136.271973
1140.001221
1143.365845
1146.356689
1148.965576
1151.185303
1153.009766
1154.433960
1155.454102
1156.067261
1158.281128
1158.076172
1157.461914
1156.440063
1155.013306
1153.185669
1150.962158
1148.348755
1145.352783
1141.982300
1138.246582
1134.156006
1129.721680
1124.955688
1119.871216
1114.482056
1108.803223
1102.849976
1096.638916
1090.186768
1083.511475
1076.631348
1069.565063
1062.332031
1054.952148
1047.445557
1039.832886
1032.135132
1024.373047
1016.568298
1008.742004
1000.915771
993.110962
985.348999
977.651123
970.038452
962.531921
955.152039
947.919006
940.852722
933.972534
927.297241
920.845215
914.634033
908.680847
903.001953
897.612854
892.528320
887.762390
883.328003
879.237366
875.501709
872.131226
869.135254
866.521851
864.298279
862.470642
861.043945
860.022034
859.407715
859.202759
859.407715
860.021973
861.043823
862.470520
864.298096
866.521606
869.134949
872.130981
875.501404
879.237061
883.327637
887.761963
892.527893
897.612366
903.001465
908.680359
914.633545
920.844666
927.296692
933.971985
940.852234
947.918579
955.151611
962.531494
970.038086
977.650757
985.348633
993.110657
1000.915527
1008.741821
1016.568115
1024.372925
1032.135010
1039.832886
1047.445557
1054.952148
1062.332031
1069.565063
1076.631348
1083.511597
1090.186890
1096.639038
1102.850098
1108.803345
1114.482300
1119.871338
1124.955933
1129.721924
1134.156250
1138.246826
1141.982544
1145.352905
1148.348877
1150.962280
1153.185791
1155.013428
1156.440063
1157.461914
1158.076172
1091.730225
1091.569214
1091.086792
1090.284058
1089.163330
1087.727661
1085.980957
1083.928101
1081.574707
1078.927124
1075.992676
1072.779419
1069.296143
1065.552246
1061.558350
1057.325073
1052.864136
1048.187744
1043.308716
1038.240479
1032.996826
1027.592285
1022.041565
1016.359863
1010.562744
1004.666199
998.686279
992.639404
986.542236
980.411316
974.263611
968.115906
961.984985
955.887817
949.840942
943.861023
937.964478
932.167358
926.485657
920.934937
915.530334
910.286743
905.218506
900.339478
895.663086
891.202148
886.968933
882.974915
879.231140
875.747803
872.534546
869.600098
866.952515
864.599060
862.546143
860.799500
859.363831
858.243103
857.440369
856.957886
856.796875
856.957825
857.440308
858.243042
859.363770
860.799377
862.546021
864.598816
866.952271
869.599854
872.534241
875.747498
879.230835
882.974548
886.968567
891.201782
895.662720
900.339050
905.218079
910.286316
915.529907
920.934509
926.485291
932.166992
937.964111
943.860718
949.840637
955.887512
961.984802
968.115662
974.263428
980.411194
986.542114
992.639343
998.686218
1004.666138
1010.562744
1016.359863
1022.041626
1027.592407
1032.996948
1038.240601
1043.308838
1048.187866
1052.864258
1057.325195
1061.558472
1065.552490
1069.296265
1072.779541
1075.992798
1078.927246
1081.574829
1083.928223
1085.981079
1087.727783
1089.163452
1090.284058
1091.086792
1091.569336
1105.953491
1105.782227
1105.269043
1104.415283
1103.223267
1101.696289
1099.838501
1097.655029
1095.151855
1092.335815
1089.214722
1085.796997
1082.092041
1078.110107
1073.861938
1069.359375
1064.614624
1059.640747
1054.451294
1049.060669
1043.483398
1037.734985
1031.831055
1025.787964
1019.622009
1013.350281
1006.989929
1000.558350
994.073242
987.552307
981.013428
974.474609
967.953674
961.468506
955.036926
948.676575
942.404846
936.238953
930.195740
924.291870
918.543457
912.966248
907.575562
902.386108
897.412231
892.667480
888.164917
883.916809
879.934814
876.229858
872.812134
869.691040
866.875000
864.371826
862.188354
860.330566
858.803589
857.611511
856.757690
856.244507
856.073242
856.244446
856.757690
857.611450
858.803467
860.330383
862.188171
864.371582
866.874756
869.690735
872.811890
876.229553
879.934448
883.916443
888.164490
892.667114
897.411804
902.385681
907.575073
912.965820
918.543030
924.291443
930.195374
936.238586
942.404541
948.676270
955.036682
961.468262
967.953430
974.474365
981.013245
987.552124
994.073120
1000.558228
1006.989868
1013.350220
1019.622009
1025.787964
1031.831177
1037.735107
1043.483521
1049.060791
1054.451416
1059.640869
1064.614746
1069.359497
1073.862061
1078.110229
1082.092163
1085.797119
1089.214844
1092.335938
1095.151978
1097.655151
1099.838623
1101.696411
1103.223389
1104.415283
1105.269043
1105.782227
1134.650391
1134.466187
1133.914185
1132.995972
1131.713867
1130.071655
1128.073486
1125.725220
1123.032959
1120.004272
1116.647461
1112.971680
1108.986938
1104.704346
1100.135376
1095.292725
1090.189697
1084.840210
1079.258911
1073.461182
1067.462769
1061.280273
1054.930542
1048.430908
1041.799438
1035.054077
1028.213379
1021.296143
1014.321289
1007.307922
1000.275269
993.242615
986.229248
979.254395
972.337158
965.496460
958.751099
952.119568
945.620056
939.270325
933.087769
927.089417
921.291626
915.710327
910.360840
905.257813
900.415161
895.846252
891.563599
887.578857
883.903076
880.546204
877.517517
874.825317
872.476929
870.478882
868.836548
867.554504
866.636230
866.084229
865.900085
866.084229
866.636169
867.554443
868.836426
870.478699
872.476746
874.825073
877.517273
880.545898
883.902771
887.578552
891.563232
895.845886
900.414734
905.257324
910.360352
915.709839
921.291138
927.088928
933.087341
939.269897
945.619629
952.119202
958.750732
965.496155
972.336853
979.254089
986.229004
993.242432
1000.275085
1007.307739
1014.321167
1021.296082
1028.213379
1035.054077
1041.799438
1048.431030
1054.930542
1061.280273
1067.462891
1073.461304
1079.259033
1084.840332
1090.189819
1095.292969
1100.135498
1104.704468
1108.987183
1112.971802
1116.647705
1120.004517
1123.033203
1125.725342
1128.073730
1130.071777
1131.713989
1132.996094
1133.914307
1134.466187
1145.858643
1145.665649
1145.087402
1144.125366
1142.782227
1141.061523
1138.968262
1136.507813
1133.687256
1130.514160
1126.997314
1123.146118
1118.971436
1114.484497
1109.697754
1104.624146
1099.277710
1093.673096
1087.825684
1081.751465
1075.467041
1068.989624
1062.337158
1055.527588
1048.579834
1041.512817
1034.345947
1027.098755
1019.791321
1012.443481
1005.075439
997.707458
990.359619
983.052124
975.804993
968.638123
961.571106
954.623291
947.813782
941.161255
934.683899
928.399475
922.325195
916.477722
910.873108
905.526733
900.453186
895.666382
891.179443
887.004761
883.153625
879.636719
876.463562
873.642944
871.182617
869.089233
867.368652
866.025452
865.063354
864.485107
864.292114
864.485046
865.063293
866.025330
867.368530
869.089111
871.182434
873.642761
876.463318
879.636414
883.153320
887.004395
891.179077
895.665955
900.452759
905.526245
910.872681
916.477234
922.324707
928.398987
934.683411
941.160767
947.813354
954.622864
961.570679
968.637756
975.804688
983.051819
990.359314
997.707214
1005.075256
1012.443298
1019.791138
1027.098633
1034.345825
1041.512817
1048.579834
1055.527588
1062.337158
1068.989746
1075.467163
1081.751587
1087.825806
1093.673340
1099.277954
1104.624390
1109.697876
1114.484741
1118.971680
1123.146362
1126.997437
1130.514404
1133.687500
1136.508057
1138.968384
1141.061768
1142.782349
1144.125488
1145.087524
1145.665771
1157.889404
1157.687378
1157.081909
1156.074707
1154.668335
1152.866943
1150.675171
1148.099243
1145.146118
1141.823853
1138.141724
1134.109619
1129.738647
1125.040894
1120.029175
1114.717285
1109.119629
1103.251587
1097.129395
1090.769653
1084.189941
1077.408203
1070.442993
1063.313477
1056.039185
1048.640137
1041.136475
1033.548706
1025.897827
1018.204773
1010.490479
1002.776245
995.083130
987.432251
979.844543
972.340881
964.941772
957.667480
950.537964
943.572815
936.791077
930.211304
923.851624
917.729370
911.861389
906.263733
900.951782
895.940063
891.242310
886.871399
882.839294
879.157104
875.834839
872.881714
870.305786
868.114014
866.312500
864.906250
863.898926
863.293457
863.091431
863.293457
863.898865
864.906128
866.312378
868.113831
870.305542
872.881470
875.834595
879.156799
882.838989
886.870972
891.241882
895.939636
900.951355
906.263306
911.860901
917.728882
923.851074
930.210815
936.790588
943.572327
950.537537
957.667053
964.941345
972.340515
979.844238
987.431946
995.082825
1002.776001
1010.490295
1018.204590
1025.897705
1033.548584
1041.136353
1048.640137
1056.039185
1063.313477
1070.442993
1077.408203
1084.190063
1090.769775
1097.129517
1103.251709
1109.119751
1114.717407
1120.029419
1125.041138
1129.738892
1134.109741
1138.141846
1141.824097
1145.146240
1148.099365
1150.675293
1152.867065
1154.668457
1156.074707
1157.082031
1157.687378
1149.880859
1149.687866
1149.109131
1148.146362
1146.802124
1145.080200
1142.985229
1140.522949
1137.700195
1134.524658
1131.005005
1127.150879
1122.973022
1118.482666
1113.692139
1108.614624
1103.264160
1097.655151
1091.803223
1085.724243
1079.435059
1072.952637
1066.295044
1059.480225
1052.527100
1045.454590
1038.282227
1031.029541
1023.716370
1016.362915
1008.989197
1001.615540
994.262024
986.948914
979.696167
972.523804
965.451294
958.498169
951.683411
945.025757
938.543396
932.254089
926.175171
920.323181
914.714294
909.363770
904.286255
899.495789
895.005432
890.827454
886.973389
883.453735
880.278198
877.455444
874.993164
872.898193
871.176270
869.832031
868.869202
868.290466
868.097351
868.290405
868.869141
869.831909
871.176086
872.898010
874.992981
877.455200
880.277954
883.453491
886.973083
890.827148
895.005066
899.495361
904.285828
909.363281
914.713806
920.322693
926.174683
932.253601
938.542908
945.025269
951.682983
958.497742
965.450928
972.523438
979.695862
986.948608
994.261780
1001.615295
1008.989014
1016.362732
1023.716248
1031.029419
1038.282104
1045.454590
1052.527100
1059.480225
1066.295044
1072.952759
1079.435181
1085.724365
1091.803345
1097.655396
1103.264282
1108.614868
1113.692383
1118.482788
1122.973145
1127.151123
1131.005127
1134.524780
1137.700317
1140.523071
1142.985352
1145.080322
1146.802246
1148.146362
1149.109131
1149.687866
1147.905029
1147.711670
1147.132202
1146.168091
1144.822021
1143.097778
1141.000000
1138.534424
1135.707886
1132.528076
1129.003662
1125.144287
1120.960815
1116.464355
1111.667358
1106.583008
1101.225342
1095.608765
1089.748901
1083.661743
1077.364014
1070.872925
1064.206177
1057.382324
1050.419678
1043.337769
1036.155640
1028.893066
1021.570068
1014.206665
1006.822998
999.439331
992.075928
984.752930
977.490417
970.308289
963.226318
956.263733
949.439819
942.773132
936.282043
929.984253
923.897095
918.037231
912.420715
907.062988
901.978638
897.181702
892.685242
888.501648
884.642334
881.117981
877.938110
875.111572
872.645996
870.548157
868.823853
867.477844
866.513733
865.934204
865.740845
865.934143
866.513672
867.477722
868.823730
870.547974
872.645752
875.111328
877.937866
881.117676
884.642029
888.501282
892.684875
897.181274
901.978210
907.062500
912.420227
918.036743
923.896606
929.983765
936.281555
942.772705
949.439392
956.263367
963.225891
970.307922
977.490112
984.752625
992.075684
999.439087
1006.822815
1014.206482
1021.569946
1028.892944
1036.155518
1043.337646
1050.419678
1057.382324
1064.206299
1070.872925
1077.364136
1083.661865
1089.749023
1095.608887
1101.225464
1106.583252
1111.667603
1116.464478
1120.960938
1125.144531
1129.003784
1132.528198
1135.708008
1138.534546
1141.000122
1143.097900
1144.822144
1146.168213
1147.132202
1147.711670
1147.689331
1147.497803
1146.923584
1145.968262
1144.634521
1142.926025
1140.847412
1138.404419
1135.603760
1132.453003
1128.960815
1125.136841
1120.991455
1116.536133
1111.783081
1106.745239
1101.436401
1095.871338
1090.065063
1084.033447
1077.793335
1071.361572
1064.755859
1057.994263
1051.095459
1044.078125
1036.961792
1029.765625
1022.509583
1015.213501
1007.897339
1000.581238
993.285095
986.029053
978.832947
971.716553
964.699280
957.800415
951.038818
944.433105
938.001343
931.761169
925.729675
919.923401
914.358276
909.049500
904.011658
899.258545
894.803223
890.657898
886.833862
883.341736
880.190918
877.390198
874.947144
872.868530
871.160034
869.826294
868.870972
868.296753
868.105164
868.296753
868.870972
869.826172
871.159912
872.868408
874.946960
877.389954
880.190674
883.341431
886.833557
890.657532
894.802856
899.258118
904.011230
909.049011
914.357788
919.922913
925.729187
931.760681
938.000916
944.432678
951.038391
957.799988
964.698853
971.716187
978.832642
986.028748
993.284851
1000.580994
1007.897156
1015.213318
1022.509460
1029.765503
1036.961670
1044.078125
1051.095459
1057.994385
1064.755859
1071.361694
1077.793457
1084.033691
1090.065186
1095.871460
1101.436646
1106.745361
1111.783203
1116.536377
1120.991699
1125.136963
1128.960938
1132.453125
1135.603882
1138.404541
1140.847656
1142.926270
1144.634644
1145.968384
1146.923584
1147.497803
1148.682495
1148.499512
1147.950806
1147.037964
1145.763428
1144.130859
1142.144531
1139.810059
1137.133789
1134.123047
1130.786011
1127.131958
1123.170776
1118.913330
1114.371460
1109.557495
1104.484497
1099.166626
1093.618286
1087.854736
1081.891846
1075.745850
1069.433594
1062.972534
1056.380127
1049.674683
1042.874390
1035.997925
1029.064331
1022.092346
1015.101257
1008.110168
1001.138245
994.204590
987.328186
980.527893
973.822388
967.230042
960.768921
954.456665
948.310669
942.347717
936.584229
931.035889
925.717957
920.645081
915.831055
911.289124
907.031738
903.070557
899.416504
896.079468
893.068665
890.392395
888.057861
886.071594
884.438965
883.164551
882.251648
881.702942
881.519897
881.702942
882.251587
883.164429
884.438843
886.071472
888.057678
890.392151
893.068420
896.079224
899.416199
903.070251
907.031372
911.288757
915.830627
920.644653
925.717529
931.035400
936.583740
942.347290
948.310181
954.456238
960.768494
967.229675
973.822021
980.527588
987.327881
994.204285
1001.138000
1008.109924
1015.101074
1022.092224
1029.064209
1035.997925
1042.874268
1049.674561
1056.380127
1062.972534
1069.433716
1075.745972
1081.891968
1087.854980
1093.618408
1099.166748
1104.484741
1109.557617
1114.371582
1118.913574
1123.170898
1127.132080
1130.786255
1134.123169
1137.134033
1139.810303
1142.144775
1144.130981
1145.763550
1147.037964
1147.950806
1148.499512
1119.932129
1119.758789
1119.239258
1118.374878
1117.168213
1115.622314
1113.741577
1111.531128
1108.997070
1106.146240
1102.986450
1099.526611
1095.775879
1091.744629
1087.444092
1082.885864
1078.082397
1073.047119
1067.793579
1062.336182
1056.690063
1050.870605
1044.893799
1038.775879
1032.533813
1026.184570
1019.745605
1013.234558
1006.669312
1000.067810
993.448120
986.828491
980.226929
973.661682
967.150635
960.711670
954.362427
948.120300
942.002441
936.025574
930.206116
924.559998
919.102722
913.849182
908.813782
904.010437
899.452148
895.151550
891.120361
887.369690
883.909729
880.750000
877.899170
875.365051
873.154602
871.273865
869.728027
868.521240
867.656860
867.137329
866.963989
867.137268
867.656799
868.521118
869.727905
871.273743
873.154419
875.364868
877.898926
880.749756
883.909424
887.369385
891.120056
895.151184
899.451782
904.010010
908.813354
913.848694
919.102234
924.559570
930.205688
936.025208
942.002075
948.119934
954.362061
960.711365
967.150330
973.661377
980.226685
986.828247
993.447937
1000.067627
1006.669189
1013.234497
1019.745544
1026.184570
1032.533813
1038.776001
1044.893799
1050.870728
1056.690186
1062.336304
1067.793701
1073.047241
1078.082642
1082.885986
1087.444214
1091.744873
1095.776001
1099.526733
1102.986694
1106.146362
1108.997192
1111.531250
1113.741699
1115.622437
1117.168335
1118.375000
1119.239258
1119.758789
1104.192749
1104.032593
1103.552490
1102.753906
1101.638916
1100.210693
1098.472900
1096.430542
1094.089111
1091.455078
1088.535645
1085.338867
1081.873291
1078.148682
1074.175171
1069.963501
1065.525391
1060.872925
1056.018921
1050.976563
1045.759766
1040.382813
1034.860474
1029.207764
1023.440369
1017.573975
1011.624634
1005.608704
999.542664
993.443115
987.326843
981.210571
975.111023
969.044983
963.029053
957.079712
951.213318
945.445862
939.793213
934.270874
928.893921
923.677124
918.634827
913.780762
909.128296
904.690186
900.478577
896.505005
892.780334
889.314819
886.117981
883.198547
880.564514
878.223083
876.180725
874.442993
873.014648
871.899658
871.101013
870.620972
870.460815
870.620972
871.100952
871.899597
873.014526
874.442871
876.180542
878.222900
880.564270
883.198303
886.117737
889.314575
892.780029
896.504639
900.478210
904.689819
909.127930
913.780334
918.634399
923.676697
928.893494
934.270447
939.792847
945.445496
951.213013
957.079407
963.028809
969.044739
975.110840
981.210388
987.326660
993.442993
999.542542
1005.608582
1011.624573
1017.573914
1023.440369
1029.207886
1034.860474
1040.382935
1045.759888
1050.976685
1056.019043
1060.873047
1065.525513
1069.963623
1074.175293
1078.148804
1081.873535
1085.338989
1088.535889
1091.455322
1094.089355
1096.430664
1098.473022
1100.210693
1101.639038
1102.754028
1103.552612
1104.032593
1117.607056
1117.437134
1116.927612
1116.080078
1114.896851
1113.381104
1111.536865
1109.369507
1106.884644
1104.089355
1100.991089
1097.598389
1093.920654
1089.967896
1085.750977
1081.281372
1076.571411
1071.634033
1066.482666
1061.131470
1055.595215
1049.888916
1044.028320
1038.029419
1031.908691
1025.682983
1019.369263
1012.984924
1006.547302
1000.074219
993.583313
987.092407
980.619324
974.181763
967.797363
961.483643
955.257874
949.137207
943.138306
937.277710
931.571472
926.035156
920.684021
915.532654
910.595215
905.885315
901.415710
897.198730
893.245972
889.568237
886.175598
883.077332
880.281921
877.797119
875.629639
873.785522
872.269714
871.086426
870.238892
869.729431
869.559448
869.729370
870.238831
871.086304
872.269592
873.785339
875.629517
877.796936
880.281738
883.077026
886.175293
889.567932
893.245667
897.198364
901.415344
905.884888
910.594849
915.532227
920.683594
926.034729
931.571045
937.277344
943.137939
949.136841
955.257568
961.483276
967.797058
974.181458
980.619080
987.092224
993.583130
1000.074036
1006.547180
1012.984802
1019.369202
1025.682983
1031.908691
1038.029419
1044.028320
1049.888916
1055.595215
1061.131592
1066.482788
1071.634155
1076.571533
1081.281494
1085.751099
1089.968018
1093.920776
1097.598511
1100.991211
1104.089478
1106.884766
1109.369629
1111.537109
1113.381226
1114.896973
1116.080200
1116.927734
1117.437134
1111.677246
1111.517700
1111.039795
1110.244507
1109.134155
1107.711914
1105.981567
1103.947754
1101.616333
1098.993408
1096.086304
1092.902832
1089.452026
1085.743164
1081.786255
1077.592529
1073.173096
1068.540283
1063.706665
1058.685669
1053.490845
1048.136597
1042.637573
1037.008789
1031.265747
1025.424072
1019.499817
1013.509277
1007.468872
1001.395081
995.304626
989.214172
983.140381
977.099976
971.109436
965.185181
959.343506
953.600464
947.971619
942.472595
937.118347
931.923584
926.902527
922.068970
917.436157
913.016785
908.822937
904.866150
901.157227
897.706360
894.522949
891.615845
888.992920
886.661377
884.627625
882.897278
881.474976
880.364685
879.569458
879.091431
878.931885
879.091370
879.569397
880.364624
881.474854
882.897095
884.627502
886.661194
888.992737
891.615601
894.522705
897.706055
901.156921
904.865784
908.822571
913.016418
917.435791
922.068604
926.902161
931.923157
937.117981
942.472229
947.971313
953.600098
959.343201
965.184875
971.109131
977.099670
983.140137
989.213989
995.304443
1001.394958
1007.468750
1013.509216
1019.499756
1025.424072
1031.265747
1037.008789
1042.637695
1048.136719
1053.490967
1058.685791
1063.706787
1068.540405
1073.173218
1077.592651
1081.786499
1085.743286
1089.452148
1092.903076
1096.086426
1098.993530
1101.616455
1103.947998
1105.981689
1107.712036
1109.134277
1110.244507
1111.039795
1111.517822
1101.390137
1101.232910
1100.761719
1099.977783
1098.883301
1097.481201
1095.775391
1093.770508
1091.472046
1088.886353
1086.020508
1082.882324
1079.480469
1075.824219
1071.923584
1067.789307
1063.432617
1058.865601
1054.100586
1049.150879
1044.029785
1038.751587
1033.330566
1027.781738
1022.120178
1016.361450
1010.521301
1004.615784
998.661133
992.673584
986.669556
980.665527
974.677979
968.723328
962.817810
956.977661
951.218933
945.557373
940.008484
934.587524
929.309265
924.188232
919.238464
914.473511
909.906494
905.549805
901.415527
897.514893
893.858582
890.456726
887.318542
884.452698
881.867004
879.568604
877.563721
875.857849
874.455750
873.361206
872.577271
872.106018
871.948792
872.106018
872.577209
873.361145
874.455688
875.857727
877.563538
879.568359
881.866821
884.452454
887.318298
890.456421
893.858276
897.514526
901.415161
905.549438
909.906067
914.473145
919.238037
924.187866
929.308838
934.587097
940.008118
945.557007
951.218628
956.977417
962.817505
968.723083
974.677795
980.665344
986.669373
992.673401
998.661011
1004.615723
1010.521240
1016.361389
1022.120178
1027.781738
1033.330688
1038.751709
1044.029907
1049.151001
1054.100708
1058.865723
1063.432739
1067.789429
1071.923706
1075.824341
1079.480713
1082.882568
1086.020752
1088.886597
1091.472168
1093.770630
1095.775513
1097.481323
1098.883423
1099.977905
1100.761841
1101.233032
1094.370728
1094.215698
1093.750854
1092.977539
1091.897949
1090.514893
1088.832275
1086.854736
1084.587524
1082.037109
1079.210205
1076.114746
1072.759155
1069.152588
1065.305054
1061.226929
1056.929565
1052.424561
1047.724487
1042.842041
1037.790649
1032.584229
1027.237061
1021.763611
1016.179077
1010.498657
1004.737976
998.912842
993.039124
987.133057
981.210693
975.288330
969.382263
963.508545
957.683411
951.922729
946.242310
940.657776
935.184387
929.837097
924.630676
919.579346
914.696899
909.996765
905.491821
901.194458
897.116394
893.268799
889.662292
886.306641
883.211182
880.384277
877.833801
875.566650
873.588989
871.906372
870.523376
869.443726
868.670410
868.205566
868.050476
868.205566
868.670349
869.443665
870.523254
871.906250
873.588867
875.566406
877.833557
880.384094
883.210938
886.306396
889.661987
893.268494
897.116028
901.194092
905.491455
909.996338
914.696472
919.578918
924.630310
929.836731
935.184021
940.657410
946.242004
951.922424
957.683105
963.508301
969.382019
975.288147
981.210510
987.132874
993.039001
998.912720
1004.737915
1010.498657
1016.179077
1021.763611
1027.237061
1032.584351
1037.790771
1042.842163
1047.724609
1052.424683
1056.929688
1061.227051
1065.305176
1069.152710
1072.759277
1076.114868
1079.210327
1082.037231
1084.587646
1086.854858
1088.832397
1090.515015
1091.898071
1092.977661
1093.750977
1094.215698
1068.994019
1068.857056
1068.446411
1067.763184
1066.809326
1065.587524
1064.100952
1062.353760
1060.350708
1058.097412
1055.599854
1052.865112
1049.900513
1046.714111
1043.314819
1039.711914
1035.915283
1031.935181
1027.782715
1023.469177
1019.006348
1014.406555
1009.682312
1004.846680
999.912781
994.894226
989.804749
984.658325
979.468994
974.251038
969.018738
963.786438
958.568481
953.379150
948.232727
943.143250
938.124695
933.190796
928.355103
923.630920
919.031067
914.568298
910.254700
906.102234
902.122192
898.325500
894.722595
891.323303
888.136963
885.172363
882.437561
879.940063
877.686707
875.683716
873.936523
872.449951
871.228027
870.274170
869.591003
869.180298
869.043274
869.180298
869.590942
870.274109
871.227966
872.449829
873.936340
875.683533
877.686523
879.939819
882.437317
885.172119
888.136719
891.322998
894.722290
898.325195
902.121826
906.101868
910.254395
914.567932
919.030762
923.630554
928.354797
933.190491
938.124390
943.142944
948.232483
953.378906
958.568298
963.786255
969.018555
974.250916
979.468872
984.658203
989.804688
994.894226
999.912781
1004.846680
1009.682373
1014.406616
1019.006470
1023.469238
1027.782837
1031.935303
1035.915405
1039.712036
1043.314941
1046.714233
1049.900635
1052.865234
1055.599976
1058.097534
1060.350830
1062.353882
1064.101074
1065.587524
1066.809448
1067.763306
1068.446411
1068.857056
1038.206787
1038.092163
1037.748413
1037.176392
1036.377930
1035.355103
1034.110596
1032.647949
1030.971191
1029.084839
1026.994019
1024.704590
1022.222839
1019.555420
1016.709778
1013.693604
1010.515259
1007.183411
1003.707214
1000.096130
996.360168
992.509460
988.554626
984.506531
980.376160
976.174927
971.914368
967.606018
963.261841
958.893677
954.513550
950.133362
945.765198
941.421021
937.112732
932.852112
928.650879
924.520569
920.472412
916.517578
912.666870
908.930908
905.319824
901.843628
898.511780
895.333435
892.317261
889.471619
886.804199
884.322388
882.032959
879.942261
878.055847
876.379089
874.916443
873.671936
872.649048
871.850586
871.278625
870.934814
870.820129
870.934814
871.278564
871.850525
872.648987
873.671875
874.916321
876.378906
878.055725
879.942078
882.032776
884.322205
886.804016
889.471375
892.317017
895.333191
898.511475
901.843323
905.319580
908.930603
912.666626
916.517334
920.472168
924.520325
928.650635
932.851929
937.112549
941.420837
945.765015
950.133240
954.513428
958.893616
963.261780
967.605957
971.914307
976.174927
980.376160
984.506531
988.554688
992.509521
996.360229
1000.096252
1003.707275
1007.183533
1010.515381
1013.693726
1016.709900
1019.555542
1022.222961
1024.704712
1026.994141
1029.084961
1030.971313
1032.648071
1034.110718
1035.355103
1036.378052
1037.176514
1037.748413
1038.092163
914.036072
913.948914
913.687866
913.253479
912.647034
911.870239
910.925049
909.814270
908.540771
907.108154
905.520264
903.781555
901.896667
899.870850
897.709656
895.419006
893.005127
890.474670
887.834595
885.092102
882.254761
879.330261
876.326721
873.252258
870.115356
866.924683
863.688904
860.416870
857.117554
853.800110
850.473511
847.146851
843.829407
840.530090
837.258118
834.022278
830.831604
827.694702
824.620239
821.616699
818.692200
815.854858
813.112366
810.472290
807.941833
805.527954
803.237305
801.076111
799.050293
797.165405
795.426697
793.838806
792.406189
791.132690
790.021851
789.076721
788.299866
787.693420
787.259033
786.997986
786.910828
786.997925
787.259033
787.693359
788.299805
789.076660
790.021790
791.132568
792.406067
793.838684
795.426514
797.165283
799.050110
801.075928
803.237122
805.527771
807.941589
810.472046
813.112122
815.854614
818.692017
821.616516
824.620056
827.694519
830.831421
834.022095
837.257935
840.529968
843.829285
847.146790
850.473389
853.799988
857.117493
860.416809
863.688843
866.924683
870.115356
873.252258
876.326721
879.330322
882.254822
885.092163
887.834656
890.474731
893.005188
895.419067
897.709778
899.870972
901.896790
903.781616
905.520386
907.108215
908.540833
909.814331
910.925171
911.870239
912.647095
913.253540
913.687866
913.948975
1053.498413
1053.375000
1053.004883
1052.389282
1051.529663
1050.428467
1049.088867
1047.514282
1045.709229
1043.678589
1041.427979
1038.963379
1036.291748
1033.420288
1030.356934
1027.110107
1023.688538
1020.101868
1016.359680
1012.472412
1008.450623
1004.305420
1000.048035
995.690247
991.243896
986.721313
982.134766
977.496948
972.820435
968.118103
963.402893
958.687622
953.985352
949.308838
944.670959
940.084473
935.561829
931.115540
926.757751
922.500366
918.355103
914.333313
910.446045
906.703918
903.117188
899.695679
896.448853
893.385498
890.514038
887.842346
885.377808
883.127136
881.096436
879.291382
877.716858
876.377197
875.276062
874.416504
873.800781
873.430725
873.307190
873.430664
873.800720
874.416382
875.276001
876.377075
877.716736
879.291260
881.096313
883.126953
885.377625
887.842163
890.513794
893.385193
896.448547
899.695435
903.116882
906.703613
910.445740
914.333008
918.354797
922.500061
926.757446
931.115234
935.561584
940.084229
944.670776
949.308655
953.985168
958.687500
963.402771
968.117981
972.820313
977.496826
982.134766
986.721313
991.243896
995.690247
1000.048035
1004.305420
1008.450684
1012.472473
1016.359802
1020.101929
1023.688660
1027.110107
1030.357056
1033.420410
1036.291870
1038.963501
1041.428101
1043.678711
1045.709351
1047.514404
1049.088989
1050.428589
1051.529663
1052.389282
1053.004883
1053.375000
999.252441
999.184326
998.980225
998.640564
998.166443
997.559021
996.820068
995.951538
994.955811
993.835693
992.594177
991.234680
989.760925
988.177002
986.487244
984.696228
982.808838
980.830383
978.766174
976.621887
974.403381
972.116821
969.768372
967.364563
964.911926
962.417175
959.887146
957.328857
954.749207
952.155334
949.554321
946.953369
944.359497
941.779846
939.221558
936.691528
934.196777
931.744141
929.340332
926.991882
924.705322
922.486816
920.342529
918.278320
916.299805
914.412476
912.621460
910.931641
909.347717
907.874023
906.514526
905.273010
904.152832
903.157166
902.288635
901.549622
900.942261
900.468079
900.128479
899.924316
899.856201
899.924316
900.128418
900.468018
900.942200
901.549561
902.288574
903.157104
904.152771
905.272888
906.514404
907.873901
909.347595
910.931519
912.621338
914.412354
916.299683
918.278137
920.342346
922.486633
924.705139
926.991699
929.340149
931.744019
934.196655
936.691406
939.221436
941.779724
944.359375
946.953247
949.554260
952.155273
954.749146
957.328796
959.887146
962.417114
964.911865
967.364563
969.768372
972.116821
974.403442
976.621887
978.766174
980.830444
982.808899
984.696289
986.487305
988.177063
989.761047
991.234741
992.594238
993.835754
994.955872
995.951599
996.820129
997.559082
998.166443
998.640625
998.980225
999.184326
1006.429016
1006.365051
1006.173340
1005.854431
1005.409119
1004.838745
1004.144775
1003.329163
1002.394104
1001.342224
1000.176331
998.899658
997.515686
996.028259
994.441406
992.759460
990.987061
989.129089
987.190613
985.176941
983.093628
980.946350
978.740967
976.483582
974.180298
971.837524
969.461670
967.059143
964.636658
962.200806
959.758240
957.315735
954.879822
952.457336
950.054871
947.679016
945.336243
943.032959
940.775574
938.570190
936.422913
934.339539
932.325928
930.387451
928.529419
926.757080
925.075134
923.488281
922.000854
920.616882
919.340210
918.174316
917.122437
916.187378
915.371704
914.677734
914.107361
913.662109
913.343140
913.151428
913.087463
913.151428
913.343140
913.662048
914.107300
914.677734
915.371643
916.187256
917.122314
918.174194
919.340088
920.616760
922.000732
923.488159
925.075012
926.756897
928.529297
930.387268
932.325745
934.339417
936.422729
938.570068
940.775452
943.032837
945.336121
947.678894
950.054749
952.457275
954.879761
957.315613
959.758179
962.200745
964.636658
967.059143
969.461609
971.837524
974.180298
976.483582
978.740967
980.946350
983.093628
985.177002
987.190674
989.129150
990.987122
992.759521
994.441406
996.028320
997.515747
998.899719
1000.176392
1001.342285
1002.394165
1003.329224
1004.144836
1004.838806
1005.409180
1005.854431
1006.173340
1006.365051
