53.904316
57.192936
60.472538
63.734142
66.968803
70.167648
73.321922
76.422974
79.462303
82.431580
85.322662
88.127640
90.838799
93.448730
95.950272
98.336571
100.601089
102.737602
104.740273
106.603607
108.322495
109.892227
111.308495
112.567429
113.665558
114.599899
115.367874
115.967384
116.396790
116.654892
116.741013
116.654900
116.396790
115.967392
115.367889
114.599915
113.665581
112.567444
111.308517
109.892258
108.322525
106.603645
104.740318
102.737656
100.601135
98.336632
95.950340
93.448807
90.838882
88.127716
85.322754
82.431679
79.462410
76.423080
73.322037
70.167770
66.968925
63.734272
60.472675
57.193073
53.904461
50.615845
47.336243
44.074646
40.839989
37.641140
34.486870
31.385817
28.346489
25.377211
22.486124
19.681156
16.969986
14.360050
11.858505
9.472202
7.207687
5.071159
3.068478
1.205128
-0.513771
-2.083515
-3.499802
-4.758743
-5.856895
-6.791241
-7.559227
-8.158745
-8.588146
-8.846260
-8.932381
-8.846268
-8.588161
-8.158760
-7.559250
-6.791271
-5.856930
-4.758789
-3.499851
-2.083572
-0.513832
1.205063
3.068405
5.071087
7.207619
9.472141
11.858448
14.360008
16.969948
19.681129
22.486113
25.377213
28.346502
31.385845
34.486908
37.641197
40.840061
44.074734
47.336349
50.615967
38.913788
42.724388
46.524544
50.303841
54.051914
57.758499
61.413429
65.006691
68.528427
71.969002
75.318970
78.569153
81.710648
84.734833
87.633430
90.398483
93.022438
95.498070
97.818611
99.977699
101.969421
103.788300
105.429359
106.888115
108.160553
109.243195
110.133064
110.827736
111.325287
111.624367
111.724152
111.624367
111.325294
110.827744
110.133080
109.243217
108.160576
106.888145
105.429390
103.788330
101.969452
99.977745
97.818665
95.498123
93.022507
90.398560
87.633514
84.734924
81.710739
78.569260
75.319077
71.969116
68.528549
65.006821
61.413563
57.758636
54.052063
50.303993
46.524700
42.724552
38.913956
35.103359
31.303207
27.523914
23.775843
20.069262
16.414331
12.821072
9.299330
5.858757
2.508789
-0.741398
-3.882893
-6.907085
-9.805687
-12.570751
-15.194698
-17.670341
-19.990898
-22.150009
-24.141735
-25.960632
-27.601715
-29.060486
-30.332939
-31.415588
-32.305473
-33.000145
-33.497704
-33.796783
-33.896576
-33.796791
-33.497719
-33.000168
-32.305496
-31.415619
-30.332977
-29.060539
-27.601776
-25.960701
-24.141804
-22.150082
-19.990982
-17.670429
-15.194778
-12.570824
-9.805752
-6.907135
-3.882935
-0.741428
2.508774
5.858761
9.299347
12.821104
16.414381
20.069328
23.775928
27.524021
31.303329
35.103500
50.562313
55.315269
60.055202
64.769112
69.444084
74.067299
78.626091
83.107964
87.500626
91.792053
95.970459
100.024414
103.942795
107.714859
111.330276
114.779129
118.051987
121.139832
124.034241
126.727280
129.211533
131.480225
133.527130
135.346634
136.933746
138.284119
139.394043
140.260513
140.881104
141.254150
141.378616
141.254150
140.881119
140.260529
139.394073
138.284149
136.933777
135.346664
133.527161
131.480270
129.211594
126.727325
124.034302
121.139908
118.052063
114.779221
111.330376
107.714966
103.942917
100.024536
95.970596
91.792191
87.500778
83.108124
78.626259
74.067474
69.444267
64.769302
60.055397
55.315475
50.562523
45.809570
41.069641
36.355736
31.680767
27.057552
22.498762
18.016891
13.624226
9.332806
5.154392
1.100437
-2.817947
-6.590019
-10.205444
-13.654308
-16.927151
-20.015018
-22.909451
-25.602505
-28.086781
-30.355495
-32.402416
-34.221935
-35.809063
-37.159451
-38.269405
-39.135868
-39.756474
-40.129520
-40.253986
-40.129528
-39.756489
-39.135891
-38.269436
-37.159496
-35.809116
-34.221996
-32.402485
-30.355579
-28.086872
-25.602596
-22.909550
-20.015125
-16.927250
-13.654392
-10.205524
-6.590084
-2.818001
1.100399
5.154373
9.332806
13.624249
18.016933
22.498825
27.057636
31.680874
36.355865
41.069794
45.809746
45.091450
51.959755
58.809235
65.621117
72.376724
79.057541
85.645264
92.121834
98.469498
104.670853
110.708908
116.567108
122.229385
127.680252
132.904739
137.888550
142.617996
147.080139
151.262726
155.154312
158.744217
162.022614
164.980499
167.609787
169.903259
171.854630
173.458542
174.710632
175.607437
176.146500
176.326355
176.146500
175.607452
174.710648
173.458572
171.854660
169.903305
167.609833
164.980560
162.022675
158.744293
155.154388
151.262817
147.080231
142.618118
137.888672
132.904892
127.680405
122.229568
116.567291
110.709106
104.671059
98.469711
92.122070
85.645508
79.057800
72.376984
65.621384
58.809517
51.960049
45.091751
38.223454
31.373981
24.562109
17.806503
11.125683
4.537964
-1.938602
-8.286263
-14.487621
-20.525677
-26.383877
-32.046169
-37.497044
-42.721539
-47.705357
-52.434811
-56.896961
-61.079578
-64.971207
-68.561127
-71.839554
-74.797470
-77.426788
-79.720276
-81.671677
-83.275620
-84.527710
-85.424530
-85.963593
-86.143463
-85.963608
-85.424561
-84.527756
-83.275665
-81.671738
-79.720367
-77.426880
-74.797577
-71.839676
-68.561264
-64.971329
-61.079731
-56.897114
-52.434948
-47.705479
-42.721661
-37.497135
-32.046253
-26.383930
-20.525707
-14.487617
-8.286232
-1.938545
4.538055
11.125805
17.806658
24.562296
31.374203
38.223709
50.076622
57.082581
64.069336
71.017731
77.908737
84.723450
91.443207
98.049576
104.524445
110.850098
117.009155
122.984764
128.760529
134.320648
139.649841
144.733521
149.557770
154.109314
158.375732
162.345322
166.007172
169.351273
172.368439
175.050415
177.389862
179.380341
181.016388
182.293579
183.208344
183.758240
183.941681
183.758240
183.208374
182.293610
181.016449
179.380371
177.389893
175.050476
172.368500
169.351334
166.007248
162.345398
158.375824
154.109421
149.557877
144.733643
139.649979
134.320801
128.760712
122.984947
117.009354
110.850296
104.524673
98.049805
91.443451
84.723709
77.909004
71.018013
64.069626
57.082878
50.076931
43.070980
36.084232
29.135839
22.244843
15.430130
8.710381
2.104012
-4.370865
-10.696510
-16.855576
-22.831184
-28.606964
-34.167076
-39.496284
-44.579979
-49.404221
-53.955795
-58.222244
-62.191856
-65.853737
-69.197868
-72.215073
-74.897079
-77.236534
-79.227043
-80.863121
-82.140312
-83.055092
-83.604973
-83.788445
-83.604988
-83.055122
-82.140358
-80.863182
-79.227104
-77.236618
-74.897171
-72.215172
-69.197983
-65.853867
-62.191994
-58.222397
-53.955956
-49.404366
-44.580109
-39.496399
-34.167168
-28.607040
-22.831238
-16.855606
-10.696507
-4.370834
2.104073
8.710472
15.430252
22.244999
29.136030
36.084457
43.071239
42.517761
50.204227
57.869621
65.492943
73.053284
80.529938
87.902397
95.150467
102.254265
109.194336
115.951645
122.507683
128.844467
134.944641
140.791473
146.368958
151.661789
156.655457
161.336273
165.691437
169.708984
173.377899
176.688141
179.630630
182.197296
184.381119
186.176102
187.577332
188.580963
189.184250
189.385529
189.184250
188.580978
187.577362
186.176132
184.381165
182.197342
179.630676
176.688202
173.377975
169.709061
165.691528
161.336395
156.655579
151.661926
146.369110
140.791641
134.944824
128.844666
122.507881
115.951866
109.194565
102.254509
95.150719
87.902664
80.530220
73.053581
65.493248
57.869942
50.204556
42.518097
34.831642
27.166252
19.542940
11.982599
4.505955
-2.866505
-10.114567
-17.218369
-24.158440
-30.915756
-37.471794
-43.808586
-49.908768
-55.755615
-61.333107
-66.625946
-71.619629
-76.300491
-80.655685
-84.673256
-88.342209
-91.652481
-94.595001
-97.161697
-99.345535
-101.140549
-102.541794
-103.545425
-104.148712
-104.350006
-104.148727
-103.545456
-102.541840
-101.140594
-99.345612
-97.161774
-94.595093
-91.652588
-88.342331
-84.673393
-80.655830
-76.300652
-71.619804
-66.626099
-61.333244
-55.755753
-49.908875
-43.808670
-37.471855
-30.915787
-24.158440
-17.218334
-10.114502
-2.866402
4.506088
11.982773
19.543150
27.166500
34.831924
40.180855
47.399170
54.597698
61.756714
68.856590
75.877869
82.801300
89.607918
96.279053
102.796440
109.142189
115.298927
121.249763
126.978401
132.469147
137.706909
142.677368
147.366913
151.762634
155.852539
159.625397
163.070862
166.179474
168.942749
171.353088
173.403900
175.089569
176.405457
177.347961
177.914490
178.103516
177.914520
177.347992
176.405487
175.089600
173.403961
171.353149
168.942810
166.179535
163.070923
159.625473
155.852631
151.762726
147.367004
142.677490
137.707047
132.469284
126.978569
121.249947
115.299118
109.142395
102.796654
96.279289
89.608162
82.801559
75.878136
68.856873
61.757004
54.598000
47.399479
40.181171
32.962864
25.764341
18.605333
11.505461
4.484188
-2.439247
-9.245861
-15.917000
-22.434380
-28.780136
-34.936874
-40.887718
-46.616364
-52.107109
-57.344894
-62.315361
-67.004906
-71.400673
-75.490608
-79.263489
-82.708977
-85.817635
-88.580940
-90.991310
-93.042152
-94.727821
-96.043724
-96.986244
-97.552788
-97.741814
-97.552803
-96.986275
-96.043770
-94.727882
-93.042213
-90.991386
-88.581032
-85.817741
-82.709099
-79.263618
-75.490753
-71.400833
-67.005066
-62.315514
-57.345024
-52.107231
-46.616463
-40.887802
-34.936928
-28.780167
-22.434376
-15.916965
-9.245796
-2.439152
4.484314
11.505625
18.605532
25.764572
32.963131
29.011065
35.446297
41.863892
48.246258
54.575897
60.835472
67.007813
73.076012
79.023430
84.833763
90.491096
95.979912
101.285172
106.392334
111.287407
115.956955
120.388199
124.568977
128.487839
132.134048
135.497604
138.569290
141.340668
143.804169
145.953033
147.781357
149.284149
150.457275
151.297531
151.802612
151.971130
151.802612
151.297546
150.457306
149.284164
147.781387
145.953064
143.804214
141.340714
138.569336
135.497681
132.134125
128.487930
124.569077
120.388313
115.957077
111.287537
106.392479
101.285332
95.980080
90.491280
84.833954
79.023628
73.076225
67.008041
60.835709
54.576149
48.246513
41.864159
35.446571
29.011347
22.576122
16.158533
9.776175
3.446535
-2.813032
-8.985373
-15.053568
-21.000986
-26.811327
-32.468658
-37.957481
-43.262749
-48.369919
-53.264992
-57.934555
-62.365807
-66.546600
-70.465492
-74.111725
-77.475304
-80.547005
-83.318420
-85.781944
-87.930824
-89.759178
-91.261986
-92.435127
-93.275391
-93.780472
-93.948997
-93.780487
-93.275421
-92.435165
-91.262032
-89.759232
-87.930901
-85.782028
-83.318520
-80.547119
-77.475418
-74.111855
-70.465630
-66.546745
-62.365936
-57.934677
-53.265106
-48.370003
-43.262817
-37.957535
-32.468681
-26.811323
-21.000956
-15.053514
-8.985289
-2.812920
3.446680
9.776350
16.158741
22.576359
39.992336
46.156864
52.304493
58.418377
64.481758
70.478012
76.390701
82.203636
87.900864
93.466789
98.886139
104.144058
109.226151
114.118469
118.807632
123.280746
127.525589
131.530487
135.284500
138.777328
141.999390
144.941849
147.596664
149.956528
152.014999
153.766403
155.205978
156.329773
157.134674
157.618500
157.779938
157.618515
157.134689
156.329788
155.206009
153.766449
152.015030
149.956573
147.596710
144.941910
141.999451
138.777405
135.284592
131.530579
127.525696
123.280869
118.807755
114.118607
109.226303
104.144226
98.886307
93.466972
87.901062
82.203842
76.390923
70.478241
64.481995
58.418625
52.304749
46.157127
39.992607
33.828087
27.680462
21.566586
15.503210
9.506958
3.594265
-2.218666
-7.915897
-13.481819
-18.901169
-24.159092
-29.241184
-34.133518
-38.822681
-43.295811
-47.540653
-51.545574
-55.299618
-58.792469
-62.014553
-64.957047
-67.611877
-69.971771
-72.030258
-73.781693
-75.221283
-76.345078
-77.149994
-77.633835
-77.795258
-77.633835
-77.150024
-76.345108
-75.221329
-73.781738
-72.030319
-69.971848
-67.611969
-64.957153
-62.014668
-58.792591
-55.299747
-51.545719
-47.540783
-43.295925
-38.822781
-34.133602
-29.241261
-24.159145
-18.901192
-13.481815
-7.915871
-2.218613
3.594345
9.507067
15.503349
21.566753
27.680660
33.828316
38.453384
45.191906
51.911957
58.595116
65.223068
71.777649
78.240891
84.595078
90.822792
96.906967
102.830925
108.578430
114.133720
119.481583
124.607353
129.496979
134.137054
138.514877
142.618439
146.436493
149.958557
153.175003
156.076996
158.656601
160.906738
162.821228
164.394836
165.623276
166.503128
167.032013
167.208466
167.032013
166.503143
165.623291
164.394867
162.821274
160.906769
158.656647
156.077057
153.175064
149.958633
146.436554
142.618530
138.514984
134.137177
129.497101
124.607491
119.481735
114.133888
108.578606
102.831116
96.907166
90.823013
84.595306
78.241135
71.777901
65.223328
58.595387
51.912235
45.192192
38.453682
31.715168
24.995121
18.311968
11.684017
5.129440
-1.333797
-7.687984
-13.915699
-19.999874
-25.923836
-31.671341
-37.226639
-42.574509
-47.700287
-52.589920
-57.230011
-61.607841
-65.711426
-69.529510
-73.051605
-76.268082
-79.170105
-81.749733
-83.999893
-85.914413
-87.488045
-88.716476
-89.596344
-90.125229
-90.301697
-90.125244
-89.596375
-88.716522
-87.488091
-85.914474
-83.999969
-81.749825
-79.170212
-76.268196
-73.051727
-69.529640
-65.711571
-61.607994
-57.230148
-52.590042
-47.700401
-42.574600
-37.226715
-31.671394
-25.923859
-19.999870
-13.915668
-7.687927
-1.333710
5.129559
11.684168
18.312151
24.995338
31.715416
41.620296
48.603512
55.567581
62.493431
69.362061
76.154655
82.852592
89.437515
95.891373
102.196487
108.335556
114.291763
120.048782
125.590836
130.902740
135.969910
140.778503
145.315277
149.567856
153.524551
157.174515
160.507751
163.515137
166.188400
168.520248
170.504272
172.135025
173.408051
174.319855
174.867950
175.050812
174.867950
174.319870
173.408081
172.135056
170.504303
168.520294
166.188461
163.515182
160.507813
157.174591
153.524628
149.567947
145.315384
140.778610
135.970047
130.902878
125.591003
120.048950
114.291946
108.335754
102.196686
95.891602
89.437752
82.852844
76.154907
69.362328
62.493706
55.567871
48.603809
41.620602
34.637398
27.673330
20.747492
13.878864
7.086273
0.388336
-6.196583
-12.650444
-18.955551
-25.094624
-31.050838
-36.807865
-42.349926
-47.661831
-52.729031
-57.537609
-62.074413
-66.327011
-70.283737
-73.933731
-77.266998
-80.274414
-82.947708
-85.279572
-87.263611
-88.894394
-90.167435
-91.079239
-91.627335
-91.810211
-91.627350
-91.079269
-90.167465
-88.894440
-87.263672
-85.279663
-82.947800
-80.274521
-77.267120
-73.933853
-70.283875
-66.327164
-62.074574
-57.537754
-52.729153
-47.661953
-42.350025
-36.807941
-31.050892
-25.094654
-18.955547
-12.650414
-6.196526
0.388428
7.086395
13.879021
20.747683
27.673553
34.637653
53.286419
60.097706
66.890327
73.645660
80.345184
86.970551
93.503586
99.926392
106.221352
112.371231
118.359161
124.168732
129.784012
135.189621
140.370743
145.313171
150.003357
154.428452
158.576324
162.435608
165.995712
169.246887
172.180222
174.787689
177.062119
178.997284
180.587891
181.829590
182.718948
183.253540
183.431900
183.253540
182.718964
181.829605
180.587921
178.997330
177.062164
174.787735
172.180283
169.246948
165.995789
162.435684
158.576416
154.428558
150.003479
145.313293
140.370880
135.189774
129.784180
124.168900
118.359344
112.371429
106.221573
99.926620
93.503830
86.970795
80.345444
73.645927
66.890610
60.098000
53.286716
46.475437
39.682823
32.927498
26.227976
19.602615
13.069584
6.646782
0.351814
-5.798065
-11.785992
-17.595562
-23.210857
-28.616474
-33.797604
-38.740040
-43.430241
-47.855343
-52.003246
-55.862560
-59.422688
-62.673893
-65.607269
-68.214752
-70.489197
-72.424393
-74.015030
-75.256714
-76.146088
-76.680679
-76.859055
-76.680695
-76.146118
-75.256760
-74.015076
-72.424454
-70.489273
-68.214844
-65.607361
-62.674015
-59.422817
-55.862690
-52.003391
-47.855503
-43.430378
-38.740170
-33.797718
-28.616566
-23.210934
-17.595615
-11.786022
-5.798061
0.351845
6.646839
13.069672
19.602737
26.228128
32.927685
39.683044
46.475689
49.254993
55.999348
62.725216
69.414162
76.047852
82.608109
89.076950
95.436630
101.669739
107.759186
113.688263
119.440750
125.000854
130.353333
135.483551
140.377396
145.021500
149.403107
153.510223
157.331573
160.856705
164.075928
166.980438
169.562271
171.814362
173.730515
175.305481
176.534973
177.415588
177.944931
178.121536
177.944931
177.415604
176.535004
175.305511
173.730545
171.814392
169.562317
166.980499
164.075989
160.856766
157.331650
153.510315
149.403214
145.021622
140.377533
135.483688
130.353485
125.001022
119.440918
113.688461
107.759384
101.669952
95.436859
89.077187
82.608360
76.048111
69.414429
62.725494
55.999634
49.255291
42.510941
35.785080
29.096140
22.462452
15.902199
9.433365
3.073681
-3.159428
-9.248871
-15.177959
-20.930439
-26.490543
-31.843044
-36.973263
-41.867130
-46.511234
-50.892857
-54.999996
-58.821384
-62.346531
-65.565781
-68.470322
-71.052185
-73.304291
-75.220474
-76.795471
-78.024963
-78.905594
-79.434937
-79.611557
-79.434952
-78.905624
-78.025009
-76.795517
-75.220535
-73.304367
-71.052277
-68.470428
-65.565903
-62.346653
-58.821514
-55.000141
-50.893009
-46.511372
-41.867252
-36.973377
-31.843136
-26.490620
-20.930492
-15.177982
-9.248867
-3.159397
3.073738
9.433453
15.902317
22.462603
29.096323
35.785297
42.511192
49.899475
57.042587
64.166122
71.250549
78.276459
85.224579
92.075882
98.811584
105.413223
111.862701
118.142342
124.234932
130.123779
135.792725
141.226257
146.409454
151.328156
155.968811
160.318756
164.366058
168.099594
171.509155
174.585388
177.319885
179.705109
181.734558
183.402649
184.704834
185.637512
186.198151
186.385208
186.198166
185.637543
184.704865
183.402695
181.734604
179.705154
177.319931
174.585449
171.509216
168.099670
164.366119
160.318848
155.968918
151.328278
146.409607
141.226410
135.792892
130.123962
124.235123
118.142548
111.862915
105.413452
98.811829
92.076141
85.224846
78.276733
71.250832
64.166412
57.042892
49.899788
42.756683
35.633160
28.548737
21.522835
14.574711
7.723408
0.987709
-5.613930
-12.063408
-18.343048
-24.435646
-30.324493
-35.993454
-41.426994
-46.610207
-51.528893
-56.169579
-60.519554
-64.566879
-68.300446
-71.710045
-74.786316
-77.520821
-79.906082
-81.935547
-83.603668
-84.905869
-85.838547
-86.399200
-86.586258
-86.399216
-85.838593
-84.905899
-83.603714
-81.935623
-79.906158
-77.520920
-74.786415
-71.710167
-68.300575
-64.567017
-60.519707
-56.169739
-51.529045
-46.610336
-41.427116
-35.993553
-30.324570
-24.435699
-18.343079
-12.063404
-5.613895
0.987770
7.723503
14.574837
21.522995
28.548931
35.633389
42.756947
45.540253
51.501930
57.447269
63.359974
69.223831
75.022781
80.740913
86.362564
91.872330
97.255096
102.496117
107.581024
112.495888
117.227226
121.762077
126.088005
130.193176
134.066284
137.696777
141.074677
144.190704
147.036346
149.603790
151.886017
153.876740
155.570526
156.962723
158.049530
158.827957
159.295868
159.451981
159.295868
158.827972
158.049561
156.962753
155.570557
153.876770
151.886047
149.603836
147.036407
144.190765
141.074738
137.696869
134.066376
130.193268
126.088120
121.762199
117.227364
112.496033
107.581184
102.496284
97.255272
91.872513
86.362762
80.741119
75.022995
69.224060
63.360214
57.447517
51.502186
45.540516
39.578842
33.633507
27.720812
21.856955
16.058014
10.339882
4.718227
-0.791531
-6.174305
-11.415325
-16.500237
-21.415100
-26.146446
-30.681305
-35.007248
-39.112411
-42.985550
-46.616058
-49.993980
-53.110039
-55.955704
-58.523178
-60.805412
-62.796165
-64.489975
-65.882195
-66.969009
-67.747437
-68.215355
-68.371475
-68.215370
-67.747467
-66.969040
-65.882233
-64.490028
-62.796234
-60.805496
-58.523262
-55.955803
-53.110146
-49.994095
-46.616188
-42.985687
-39.112534
-35.007362
-30.681412
-26.146530
-21.415169
-16.500286
-11.415348
-6.174301
-0.791504
4.718281
10.339958
16.058119
21.857090
27.720974
33.633698
39.579060
33.612793
39.547264
45.465466
51.351185
57.188282
62.960758
68.652802
74.248795
79.733406
85.091614
90.308708
95.370407
100.262840
104.972580
109.486740
113.792923
117.879349
121.734795
125.348709
128.711182
131.813004
134.645660
137.201385
139.473175
141.454834
143.140884
144.526733
145.608582
146.383453
146.849213
147.004623
146.849228
146.383453
145.608597
144.526764
143.140915
141.454865
139.473221
137.201431
134.645706
131.813065
128.711258
125.348793
121.734886
117.879448
113.793037
109.486862
104.972717
100.262985
95.370567
90.308876
85.091782
79.733597
74.248993
68.653008
62.960976
57.188507
51.351421
45.465714
39.547516
33.613052
27.678589
21.760391
15.874680
10.037586
4.265112
-1.426922
-7.022919
-12.507534
-17.865734
-23.082840
-28.144543
-33.036972
-37.746727
-42.260887
-46.567085
-50.653511
-54.508972
-58.122917
-61.485420
-64.587257
-67.419930
-69.975685
-72.247513
-74.229172
-75.915253
-77.301117
-78.382973
-79.157845
-79.623627
-79.779037
-79.623642
-79.157875
-78.383003
-77.301155
-75.915306
-74.229240
-72.247589
-69.975777
-67.420036
-64.587364
-61.485535
-58.123047
-54.509109
-50.653633
-46.567200
-42.260994
-37.746811
-33.037041
-28.144588
-23.082863
-17.865734
-12.507504
-7.022865
-1.426846
4.265217
10.037720
15.874842
21.760582
27.678808
37.790264
43.328915
48.852383
54.345531
59.793301
65.180763
70.493149
75.715897
80.834702
85.835518
90.704643
95.428741
99.994843
104.390457
108.603531
112.622498
116.436356
120.034653
123.407532
126.545731
129.440659
132.084381
134.469635
136.589920
138.439392
140.012985
141.306396
142.316086
143.039276
143.473984
143.619019
143.473999
143.039291
142.316116
141.306427
140.013016
138.439423
136.589951
134.469681
132.084427
129.440720
126.545792
123.407608
120.034744
116.436462
112.622604
108.603638
104.390579
99.994980
95.428879
90.704803
85.835678
80.834869
75.716080
70.493347
65.180969
59.793514
54.345749
48.852612
43.329151
37.790508
32.251865
26.728401
21.235258
15.787491
10.400030
5.087646
-0.135101
-5.253902
-10.254719
-15.123852
-19.847946
-24.414059
-28.809681
-33.022755
-37.041737
-40.855602
-44.453907
-47.826801
-50.965038
-53.859982
-56.503727
-58.889011
-61.009312
-62.858799
-64.432419
-65.725845
-66.735550
-67.458740
-67.893448
-68.038498
-67.893463
-67.458755
-66.735580
-65.725891
-64.432465
-62.858860
-61.009380
-58.889095
-56.503819
-53.860081
-50.965145
-47.826923
-44.454037
-40.855717
-37.041836
-33.022846
-28.809757
-24.414124
-19.847988
-15.123871
-10.254719
-5.253876
-0.135056
5.087719
10.400129
15.787615
21.235409
26.728579
32.252068
33.856983
38.774288
43.678116
48.555023
53.391644
58.174721
62.891144
67.527985
72.072540
76.512352
80.835243
85.029373
89.083237
92.985733
96.726166
100.294281
103.680283
106.874908
109.869400
112.655548
115.225723
117.572861
119.690536
121.572952
123.214935
124.612000
125.760315
126.656738
127.298798
127.684738
127.813507
127.684738
127.298813
126.656754
125.760345
124.612030
123.214966
121.572983
119.690567
117.572906
115.225769
112.655609
109.869476
106.874985
103.680374
100.294373
96.726273
92.985847
89.083359
85.029503
80.835388
76.512497
72.072701
67.528152
62.891319
58.174904
53.391830
48.555218
43.678318
38.774498
33.857201
28.939899
24.036077
19.159176
14.322557
9.539482
4.823059
0.186214
-4.358337
-8.798149
-13.121040
-17.315170
-21.369041
-25.271545
-29.011982
-32.580097
-35.966114
-39.160755
-42.155262
-44.941441
-47.511623
-49.858776
-51.976475
-53.858906
-55.500919
-56.897999
-58.046329
-58.942753
-59.584820
-59.970768
-60.099537
-59.970776
-59.584843
-58.942783
-58.046368
-56.898045
-55.500973
-53.858974
-51.976551
-49.858860
-47.511707
-44.941532
-42.155369
-39.160862
-35.966213
-32.580189
-29.012066
-25.271614
-21.369099
-17.315212
-13.121059
-8.798145
-4.358315
0.186256
4.823124
9.539568
14.322668
19.159309
24.036236
28.940081
30.551537
36.403996
42.240410
48.044788
53.801216
59.493919
65.107300
70.625961
76.034775
81.318932
86.463928
91.455688
96.280502
100.925156
105.376930
109.623604
113.653557
117.455727
121.019691
124.335701
127.394653
130.188156
132.708557
134.948975
136.903229
138.565979
139.932678
140.999573
141.763733
142.223083
142.376328
142.223083
141.763748
140.999603
139.932709
138.566010
136.903259
134.949005
132.708618
130.188202
127.394714
124.335770
121.019775
117.455811
113.653656
109.623718
105.377052
100.925293
96.280647
91.455841
86.464096
81.319107
76.034958
70.626160
65.107506
59.494141
53.801445
48.045021
42.240654
36.404243
30.551794
24.699343
18.862930
13.058559
7.302132
1.609430
-4.003941
-9.522602
-14.931419
-20.215576
-25.360580
-30.352333
-35.177155
-39.821815
-44.273598
-48.520287
-52.550240
-56.352417
-59.916412
-63.232452
-66.291420
-69.084946
-71.605385
-73.845810
-75.800087
-77.462860
-78.829575
-79.896484
-80.660652
-81.119995
-81.273254
-81.120003
-80.660675
-79.896515
-78.829620
-77.462914
-75.800156
-73.845886
-71.605469
-69.085052
-66.291527
-63.232559
-59.916542
-56.352547
-52.550354
-48.520393
-44.273697
-39.821899
-35.177216
-30.352379
-25.360603
-20.215572
-14.931393
-9.522552
-4.003864
1.609535
7.302263
13.058720
18.863119
24.699558
25.113678
30.517994
35.907497
41.267418
46.583057
51.839851
57.023392
62.119473
67.114120
71.993652
76.744682
81.354202
85.809563
90.098564
94.209450
98.130943
101.852310
105.363335
108.654396
111.716492
114.541206
117.120804
119.448212
121.517067
123.321678
124.857109
126.119156
127.104355
127.810005
128.234161
128.375687
128.234177
127.810013
127.104378
126.119179
124.857140
123.321709
121.517105
119.448257
117.120850
114.541260
111.716553
108.654472
105.363411
101.852402
98.131050
94.209564
90.098686
85.809700
81.354340
76.744835
71.993813
67.114288
62.119656
57.023582
51.840050
46.583267
41.267632
35.907722
30.518225
25.113914
19.709604
14.320107
8.960194
3.644556
-1.612238
-6.795776
-11.891853
-16.886501
-21.766033
-26.517067
-31.126587
-35.581955
-39.870964
-43.981857
-47.903358
-51.624725
-55.135765
-58.426849
-61.488968
-64.313698
-66.893326
-69.220757
-71.289627
-73.094261
-74.629715
-75.891777
-76.876984
-77.582634
-78.006805
-78.148331
-78.006821
-77.582657
-76.877014
-75.891808
-74.629761
-73.094322
-71.289703
-69.220840
-66.893417
-64.313797
-61.489075
-58.426971
-55.135887
-51.624840
-47.903458
-43.981949
-39.871040
-35.582016
-31.126629
-26.517090
-21.766029
-16.886478
-11.891808
-6.795706
-1.612143
3.644676
8.960340
14.320280
19.709805
25.257999
30.568338
35.864120
41.130836
46.354042
51.519424
56.612823
61.620285
66.528076
71.322754
75.991173
80.520538
84.898422
89.112839
93.152237
97.005539
100.662201
104.112167
107.345993
110.354843
113.130432
115.665176
117.952118
119.984985
121.758224
123.266953
124.507050
125.475128
126.168503
126.585281
126.724350
126.585297
126.168518
125.475143
124.507080
123.266983
121.758255
119.985031
117.952164
115.665222
113.130493
110.354904
107.346069
104.112244
100.662292
97.005646
93.152344
89.112961
84.898560
80.520676
75.991325
71.322922
66.528252
61.620464
56.613014
51.519619
46.354244
41.131046
35.864342
30.568565
25.258232
19.947899
14.652122
9.385414
4.162210
-1.003170
-6.096569
-11.104031
-16.011826
-20.806503
-25.474918
-30.004280
-34.382175
-38.596600
-42.636005
-46.489315
-50.145969
-53.595951
-56.829815
-59.838680
-62.614292
-65.149063
-67.436020
-69.468918
-71.242172
-72.750916
-73.991028
-74.959106
-75.652481
-76.069290
-76.208344
-76.069290
-75.652512
-74.959137
-73.991074
-72.750961
-71.242233
-69.468994
-67.436096
-65.149155
-62.614391
-59.838779
-56.829929
-53.596073
-50.146084
-46.489414
-42.636097
-38.596672
-34.382233
-30.004322
-25.474941
-20.806499
-16.011799
-11.103985
-6.096500
-1.003077
4.162331
9.385559
14.652292
19.948095
27.537930
32.834736
38.117023
43.370316
48.580212
53.732430
58.812859
63.807556
68.702850
73.485306
78.141823
82.659637
87.026375
91.230057
95.259155
99.102646
102.749969
106.191147
109.416748
112.417923
115.186447
117.714722
119.995834
122.023529
123.792252
125.297134
126.534073
127.499680
128.191284
128.607010
128.745712
128.607025
128.191299
127.499695
126.534103
125.297165
123.792282
122.023575
119.995880
117.714783
115.186508
112.417984
109.416824
106.191238
102.750061
99.102737
95.259262
91.230179
87.026505
82.659782
78.141975
73.485458
68.703018
63.807735
58.813042
53.732628
48.580414
43.370529
38.117245
32.834961
27.538162
22.241362
16.959078
11.705791
6.495899
1.343679
-3.736740
-8.731441
-13.626728
-18.409191
-23.065712
-27.583530
-31.950268
-36.153954
-40.183064
-44.026562
-47.673893
-51.115086
-54.340702
-57.341908
-60.110447
-62.638752
-64.919891
-66.947601
-68.716324
-70.221237
-71.458191
-72.423798
-73.115417
-73.531143
-73.669861
-73.531158
-73.115433
-72.423828
-71.458221
-70.221283
-68.716385
-66.947678
-64.919968
-62.638836
-60.110538
-57.342007
-54.340816
-51.115208
-47.674000
-44.026653
-40.183155
-36.154026
-31.950329
-27.583572
-23.065731
-18.409187
-13.626705
-8.731396
-3.736671
1.343775
6.496017
11.705936
16.959248
22.241556
18.332500
22.526482
26.708965
30.868492
34.993660
39.073154
43.095802
47.050579
50.926640
54.713364
58.400368
61.977551
65.435104
68.763550
71.953773
74.997025
77.884964
80.609665
83.163666
85.539993
87.732086
89.733963
91.540131
93.145645
94.546112
95.737671
96.717072
97.481628
98.029236
98.358414
98.468231
98.358414
98.029251
97.481644
96.717087
95.737701
94.546127
93.145676
91.540161
89.734009
87.732132
85.540039
83.163727
80.609726
77.885033
74.997101
71.953857
68.763649
65.435211
61.977661
58.400486
54.713490
50.926773
47.050720
43.095955
39.073311
34.993820
30.868660
26.709141
22.526661
18.332684
14.138708
9.956227
5.796706
1.671543
-2.407953
-6.430601
-10.385376
-14.261436
-18.048161
-21.735165
-25.312351
-28.769905
-32.098358
-35.288586
-38.331844
-41.219784
-43.944496
-46.498524
-48.874859
-51.066967
-53.068867
-54.875057
-56.480587
-57.881062
-59.072636
-60.052052
-60.816616
-61.364231
-61.693401
-61.803234
-61.693417
-61.364246
-60.816639
-60.052074
-59.072674
-57.881107
-56.480648
-54.875118
-53.068935
-51.067043
-48.874935
-46.498615
-43.944592
-41.219868
-38.331921
-35.288658
-32.098415
-28.769955
-25.312382
-21.735184
-18.048157
-14.261417
-10.385340
-6.430546
-2.407879
1.671637
5.796821
9.956363
14.138863
54.079945
58.506271
62.920464
67.310425
71.664124
75.969620
80.215126
84.388992
88.479782
92.476288
96.367554
100.142914
103.792007
107.304855
110.671814
113.883652
116.931580
119.807236
122.502731
125.010696
127.324234
129.437012
131.343246
133.037704
134.515747
135.773331
136.806976
137.613892
138.191849
138.539261
138.655167
138.539261
138.191864
137.613907
136.807007
135.773346
134.515778
133.037735
131.343277
129.437057
127.324280
125.010742
122.502792
119.807297
116.931656
113.883743
110.671906
107.304955
103.792122
100.143028
96.367676
92.476425
88.479927
84.389145
80.215279
75.969788
71.664291
67.310600
62.920647
58.506458
54.080139
49.653820
45.239632
40.849670
36.495979
32.190479
27.944979
23.771111
19.680317
15.683811
11.792549
8.017189
4.368088
0.855236
-2.511726
-5.723579
-8.771507
-11.647167
-14.342686
-16.850666
-19.164227
-21.277027
-23.183277
-24.877758
-26.355816
-27.613400
-28.647076
-29.453991
-30.031948
-30.379360
-30.495274
-30.379368
-30.031971
-29.454021
-28.647106
-27.613445
-26.355862
-24.877819
-23.183346
-21.277103
-19.164303
-16.850758
-14.342785
-11.647274
-8.771599
-5.723660
-2.511803
0.855179
4.368034
8.017155
11.792530
15.683815
19.680340
23.771149
27.945036
32.190559
36.496078
40.849792
45.239773
49.653980
27.591333
31.988581
36.373772
40.734898
45.059994
49.337208
53.554821
57.701267
61.765190
65.735435
69.601135
73.351692
76.976822
80.466583
83.811424
87.002167
90.030075
92.886833
95.564621
98.056107
100.354446
102.453354
104.347061
106.030388
107.498726
108.748032
109.774902
110.576515
111.150665
111.495789
111.610939
111.495796
111.150681
110.576530
109.774918
108.748062
107.498749
106.030418
104.347092
102.453392
100.354492
98.056160
95.564682
92.886894
90.030151
87.002251
83.811516
80.466682
76.976929
73.351807
69.601265
65.735565
61.765327
57.701416
53.554977
49.337372
45.060162
40.735073
36.373955
31.988768
27.591526
23.194284
18.809093
14.447977
10.122883
5.845669
1.628059
-2.518389
-6.582308
-10.552561
-14.418261
-18.168814
-21.793947
-25.283716
-28.628565
-31.819315
-34.847221
-37.703995
-40.381805
-42.873306
-45.171669
-47.270584
-49.164314
-50.847664
-52.316010
-53.565338
-54.592216
-55.393837
-55.967995
-56.313126
-56.428276
-56.313133
-55.968018
-55.393860
-54.592247
-53.565376
-52.316063
-50.847725
-49.164383
-47.270660
-45.171745
-42.873398
-40.381897
-37.704094
-34.847313
-31.819395
-28.628637
-25.283777
-21.793997
-18.168852
-14.418276
-10.552557
-6.582285
-2.518351
1.628117
5.845747
10.122982
14.448097
18.809235
23.194447
37.126316
42.060257
46.980675
51.874084
56.727066
61.526329
66.258713
70.911240
75.471176
79.926003
84.263519
88.471840
92.539421
96.455124
100.208206
103.788391
107.185852
110.391296
113.395920
116.191483
118.770355
121.125427
123.250275
125.139053
126.786606
128.188400
129.340591
130.240051
130.884277
131.271515
131.400726
131.271530
130.884293
130.240067
129.340607
128.188416
126.786636
125.139084
123.250305
121.125473
118.770401
116.191544
113.395981
110.391373
107.185944
103.788483
100.208313
96.455231
92.539543
88.471970
84.263657
79.926147
75.471329
70.911407
66.258881
61.526512
56.727257
51.874279
46.980881
42.060467
37.126534
32.192596
27.272182
22.378780
17.525799
12.726540
7.994160
3.341629
-1.218300
-5.673130
-10.010651
-14.218971
-18.286560
-22.202263
-25.955357
-29.535549
-32.933018
-36.138462
-39.143108
-41.938709
-44.517582
-46.872684
-48.997547
-50.886349
-52.533916
-53.935719
-55.087940
-55.987392
-56.631634
-57.018879
-57.148090
-57.018894
-56.631657
-55.987423
-55.087971
-53.935764
-52.533970
-50.886417
-48.997623
-46.872768
-44.517673
-41.938801
-39.143215
-36.138577
-32.933117
-29.535633
-25.955441
-22.202332
-18.286613
-14.219009
-10.010670
-5.673130
-1.218277
3.341671
7.994225
12.726627
17.525909
22.378916
27.272343
32.192780
13.160246
15.451188
17.735851
20.007973
22.261326
24.489731
26.687086
28.847363
30.964643
33.033123
35.047134
37.001152
38.889824
40.707973
42.450619
44.112976
45.690498
47.178856
48.573975
49.872025
51.069450
52.162964
53.149574
54.026581
54.791580
55.442459
55.977455
56.395088
56.694221
56.874031
56.934021
56.874031
56.694221
56.395096
55.977463
55.442474
54.791588
54.026596
53.149597
52.162987
51.069473
49.872047
48.574005
47.178894
45.690536
44.113022
42.450665
40.708023
38.889881
37.001213
35.047195
33.033192
30.964716
28.847439
26.687168
24.489817
22.261414
20.008064
17.735947
15.451286
13.160346
10.869407
8.584745
6.312626
4.059276
1.830870
-0.366484
-2.526760
-4.644041
-6.712521
-8.726532
-10.680552
-12.569225
-14.387377
-16.130024
-17.792389
-19.369913
-20.858274
-22.253401
-23.551462
-24.748892
-25.842421
-26.829042
-27.706057
-28.471060
-29.121950
-29.656950
-30.074591
-30.373724
-30.553534
-30.613527
-30.553537
-30.373732
-30.074602
-29.656965
-29.121973
-28.471087
-27.706087
-26.829077
-25.842459
-24.748934
-23.551504
-22.253450
-20.858328
-19.369959
-17.792431
-16.130064
-14.387409
-12.569252
-10.680569
-8.726540
-6.712521
-4.644030
-2.526741
-0.366453
1.830910
4.059327
6.312689
8.584820
10.869492
