991.317383
991.196838
990.835449
990.234314
989.395020
988.319885
987.011841
985.474487
983.712036
981.729309
979.531738
977.125366
974.516724
971.713074
968.722046
965.551758
962.211060
958.708984
955.055176
951.259644
947.332764
943.285339
939.128479
934.873535
930.532166
926.116272
921.638000
917.109619
912.543457
907.952148
903.348206
898.744263
894.152893
889.586792
885.058350
880.580078
876.164246
871.822876
867.567932
863.411011
859.363586
855.436768
851.641235
847.987427
844.485352
841.144592
837.974365
834.983276
832.179626
829.571045
827.164612
824.967041
822.984314
821.221863
819.684448
818.376404
817.301270
816.461975
815.860840
815.499512
815.378906
815.499451
815.860779
816.461914
817.301208
818.376343
819.684326
821.221680
822.984131
824.966858
827.164429
829.570801
832.179382
834.983032
837.974060
841.144287
844.485046
847.987061
851.640930
855.436462
859.363342
863.410767
867.567627
871.822632
876.164001
880.579895
885.058167
889.586609
894.152771
898.744080
903.348083
907.952026
912.543396
917.109558
921.637939
926.116272
930.532166
934.873535
939.128479
943.285400
947.332825
951.259705
955.055237
958.709045
962.211182
965.551880
968.722168
971.713196
974.516846
977.125488
979.531860
981.729431
983.712158
985.474609
987.011963
988.320007
989.395142
990.234375
990.835510
991.196838
1019.181274
1019.021423
1018.542175
1017.744934
1016.631897
1015.205994
1013.471313
1011.432434
1009.095032
1006.465515
1003.551086
1000.359741
996.900146
993.181946
989.215149
985.010803
980.580261
975.935791
971.090088
966.056396
960.848572
955.480835
949.967957
944.325012
938.567505
932.711121
926.772034
920.766418
914.710754
908.621704
902.515930
896.410156
890.321106
884.265442
878.259827
872.320740
866.464355
860.706848
855.063904
849.550964
844.183289
838.975464
833.941772
829.096069
824.451599
820.021057
815.816650
811.849915
808.131653
804.672119
801.480774
798.566284
795.936768
793.599365
791.560547
789.825806
788.399902
787.286865
786.489563
786.010376
785.850464
786.010315
786.489502
787.286743
788.399780
789.825684
791.560364
793.599182
795.936584
798.566040
801.480469
804.671814
808.131348
811.849609
815.816345
820.020691
824.451172
829.095642
833.941345
838.975037
844.182861
849.550598
855.063538
860.706482
866.464050
872.320435
878.259583
884.265198
890.320862
896.409912
902.515747
908.621582
914.710632
920.766296
926.771973
932.711121
938.567505
944.325073
949.968018
955.480957
960.848694
966.056519
971.090210
975.935913
980.580383
985.010925
989.215332
993.182068
996.900330
1000.359863
1003.551270
1006.465698
1009.095154
1011.432556
1013.471375
1015.206116
1016.631958
1017.744995
1018.542236
1019.021423
1036.118774
1035.944336
1035.421509
1034.551758
1033.337402
1031.781860
1029.889282
1027.664917
1025.114868
1022.246155
1019.066528
1015.584839
1011.810547
1007.754028
1003.426392
998.839478
994.005920
988.938904
983.652344
978.160706
972.479065
966.623047
960.608582
954.452271
948.170898
941.781738
935.302307
928.750366
922.143799
915.500793
908.839478
902.178223
895.535217
888.928650
882.376648
875.897217
869.508057
863.226685
857.070374
851.055908
845.199890
839.518250
834.026611
828.740051
823.673035
818.839478
814.252563
809.924927
805.868408
802.094116
798.612366
795.432800
792.564087
790.014038
787.789673
785.897095
784.341492
783.127136
782.257385
781.734558
781.560059
781.734497
782.257324
783.127075
784.341370
785.896912
787.789490
790.013794
792.563843
795.432556
798.612122
802.093750
805.868042
809.924561
814.252197
818.839050
823.672607
828.739624
834.026184
839.517822
845.199463
851.055542
857.069946
863.226318
869.507690
875.896851
882.376343
888.928345
895.534912
902.177979
908.839294
915.500610
922.143677
928.750244
935.302246
941.781738
948.170898
954.452271
960.608643
966.623108
972.479187
978.160828
983.652466
988.939026
994.006042
998.839661
1003.426575
1007.754211
1011.810730
1015.585022
1019.066711
1022.246277
1025.114990
1027.665039
1029.889404
1031.781982
1033.337524
1034.551758
1035.421509
1035.944336
1085.309204
1085.096069
1084.457153
1083.394165
1081.910156
1080.009033
1077.696167
1074.977783
1071.861328
1068.355469
1064.469727
1060.214722
1055.602173
1050.644653
1045.355835
1039.750122
1033.843018
1027.650635
1021.189941
1014.478577
1007.535034
1000.378357
993.028137
985.504456
977.828003
970.019836
962.101257
954.094116
946.020203
937.901794
929.760986
921.620239
913.501831
905.427917
897.420715
889.502197
881.693970
874.017517
866.493896
859.143616
851.986938
845.043396
838.332092
831.871338
825.678955
819.771851
814.166138
808.877319
803.919861
799.307312
795.052246
791.166504
787.660583
784.544189
781.825806
779.512878
777.611816
776.127747
775.064758
774.425842
774.212646
774.425781
775.064697
776.127625
777.611694
779.512695
781.825562
784.543945
787.660278
791.166199
795.051941
799.306885
803.919434
808.876892
814.165710
819.771301
825.678406
831.870789
838.331543
845.042847
851.986389
859.143127
866.493408
874.017090
881.693542
889.501770
897.420349
905.427612
913.501526
921.619995
929.760803
937.901550
946.020081
954.093994
962.101196
970.019775
977.828003
985.504517
993.028198
1000.378479
1007.535217
1014.478760
1021.190063
1027.650757
1033.843262
1039.750366
1045.356079
1050.644897
1055.602295
1060.214844
1064.469971
1068.355713
1071.861572
1074.977905
1077.696289
1080.009155
1081.910278
1083.394287
1084.457153
1085.096069
1088.620728
1088.399780
1087.737671
1086.636108
1085.098145
1083.128052
1080.731201
1077.914063
1074.684570
1071.051392
1067.024536
1062.614990
1057.834961
1052.697388
1047.216553
1041.407349
1035.285767
1028.868530
1022.173157
1015.218140
1008.022461
1000.605957
992.988770
985.191956
977.236755
969.145020
960.938965
952.640991
944.273926
935.860718
927.424316
918.987976
910.574768
902.207703
893.909729
885.703674
877.611938
869.656738
861.859863
854.242737
846.826172
839.630493
832.675537
825.980225
819.562927
813.441284
807.632080
802.151245
797.013733
792.233643
787.824158
783.797302
780.164063
776.934509
774.117371
771.720520
769.750366
768.212402
767.110840
766.448730
766.227783
766.448669
767.110779
768.212280
769.750244
771.720337
774.117188
776.934204
780.163757
783.796936
787.823792
792.233276
797.013306
802.150757
807.631592
813.440796
819.562378
825.979614
832.674927
839.629944
846.825623
854.242188
861.859375
869.656250
877.611511
885.703247
893.909363
902.207336
910.574402
918.987732
927.424133
935.860474
944.273804
952.640869
960.938843
969.144958
977.236694
985.191956
992.988831
1000.606018
1008.022583
1015.218262
1022.173340
1028.868652
1035.285889
1041.407593
1047.216797
1052.697632
1057.835205
1062.615234
1067.024658
1071.051514
1074.684814
1077.914307
1080.731445
1083.128174
1085.098389
1086.636230
1087.737793
1088.399902
1081.228271
1081.011963
1080.363525
1079.285034
1077.779175
1075.850220
1073.503418
1070.745117
1067.582886
1064.025513
1060.082764
1055.765259
1051.084961
1046.054688
1040.688232
1035.000244
1029.006470
1022.723083
1016.167542
1009.357666
1002.312195
995.050415
987.592285
979.958130
972.169006
964.246155
956.211365
948.086609
939.894165
931.656555
923.396240
915.135986
906.898315
898.705933
890.581177
882.546387
874.623535
866.834351
859.200256
851.742065
844.480347
837.434875
830.625000
824.069458
817.786072
811.792236
806.104248
800.737793
795.707520
791.027222
786.709778
782.766968
779.209595
776.047363
773.289063
770.942200
769.013245
767.507385
766.428833
765.780457
765.564148
765.780457
766.428711
767.507263
769.013062
770.942017
773.288879
776.047119
779.209290
782.766602
786.709412
791.026855
795.707092
800.737366
806.103821
811.791748
817.785583
824.068848
830.624451
837.434326
844.479797
851.741577
859.199768
866.833923
874.623108
882.545959
890.580811
898.705566
906.898010
915.135742
923.396057
931.656372
939.894043
948.086487
956.211243
964.246094
972.169006
979.958191
987.592346
995.050537
1002.312317
1009.357788
1016.167664
1022.723267
1029.006592
1035.000488
1040.688477
1046.054932
1051.085205
1055.765503
1060.083008
1064.025757
1067.583130
1070.745239
1073.503540
1075.850342
1077.779297
1079.285156
1080.363647
1081.011963
1075.910645
1075.701416
1075.074219
1074.030884
1072.574097
1070.708130
1068.437866
1065.769531
1062.710571
1059.269287
1055.455078
1051.278442
1046.750854
1041.884766
1036.693359
1031.191040
1025.392700
1019.314453
1012.972778
1006.385071
999.569519
992.544678
985.329834
977.944824
970.409851
962.745483
954.972839
947.113220
939.188110
931.219238
923.228455
915.237732
907.268860
899.343750
891.484070
883.711426
876.047119
868.512085
861.127075
853.912231
846.887451
840.071838
833.484192
827.142517
821.064209
815.265930
809.763550
804.572144
799.706055
795.178467
791.001831
787.187683
783.746338
780.687378
778.019043
775.748779
773.882690
772.426025
771.382629
770.755432
770.546143
770.755371
771.382568
772.425903
773.882568
775.748596
778.018860
780.687134
783.746094
787.187378
791.001465
795.178101
799.705627
804.571716
809.763062
815.265442
821.063660
827.141968
833.483643
840.071289
846.886902
853.911743
861.126587
868.511658
876.046692
883.711060
891.483704
899.343384
907.268555
915.237427
923.228271
931.219055
939.187927
947.113098
954.972778
962.745483
970.409790
977.944824
985.329895
992.544739
999.569641
1006.385254
1012.972900
1019.314575
1025.392944
1031.191162
1036.693604
1041.885010
1046.751099
1051.278687
1055.455322
1059.269409
1062.710693
1065.769653
1068.437988
1070.708252
1072.574219
1074.030884
1075.074219
1075.701416
1063.327393
1063.129517
1062.536377
1061.549805
1060.172241
1058.407593
1056.260620
1053.737305
1050.844604
1047.590210
1043.983398
1040.033691
1035.752197
1031.150391
1026.241089
1021.037720
1015.554504
1009.806519
1003.809387
997.579712
991.134460
984.491333
977.668579
970.684814
963.559204
956.311401
948.961060
941.528503
934.033997
926.498169
918.941589
911.385071
903.849182
896.354736
888.922119
881.571838
874.323975
867.198425
860.214661
853.391846
846.748779
840.303528
834.073792
828.076721
822.328674
816.845459
811.642090
806.732788
802.131042
797.849487
793.899841
790.292908
787.038574
784.145813
781.622498
779.475586
777.710938
776.333374
775.346680
774.753540
774.555664
774.753540
775.346619
776.333252
777.710815
779.475403
781.622314
784.145569
787.038330
790.292603
793.899536
797.849121
802.130676
806.732361
811.641602
816.844971
822.328186
828.076172
834.073303
840.302979
846.748291
853.391418
860.214172
867.197998
874.323547
881.571472
888.921814
896.354370
903.848938
911.384766
918.941406
926.497986
934.033875
941.528381
948.960999
956.311340
963.559204
970.684814
977.668579
984.491455
991.134583
997.579834
1003.809570
1009.806641
1015.554688
1021.037903
1026.241333
1031.150635
1035.752319
1040.033936
1043.983521
1047.590454
1050.844727
1053.737549
1056.260742
1058.407715
1060.172363
1061.549805
1062.536499
1063.129517
1052.138306
1051.953003
1051.397705
1050.473755
1049.183838
1047.531494
1045.521118
1043.158325
1040.449585
1037.402344
1034.024902
1030.326416
1026.317261
1022.008301
1017.411316
1012.538940
1007.404541
1002.022156
996.406616
990.573181
984.537964
978.317444
971.928711
965.389221
958.716980
951.930176
945.047485
938.087708
931.070007
924.013550
916.937683
909.861816
902.805420
895.787659
888.827942
881.945190
875.158447
868.486145
861.946655
855.557922
849.337402
843.302185
837.468750
831.853210
826.470825
821.336426
816.464050
811.867065
807.558105
803.548889
799.850464
796.473022
793.425720
790.716980
788.354187
786.343872
784.691406
783.401489
782.477600
781.922241
781.736938
781.922180
782.477539
783.401428
784.691284
786.343689
788.354004
790.716797
793.425476
796.472778
799.850220
803.548584
807.557739
811.866699
816.463623
821.335999
826.470398
831.852722
837.468323
843.301697
849.336975
855.557495
861.946228
868.485718
875.158081
881.944885
888.827576
895.787354
902.805115
909.861633
916.937500
924.013367
931.069885
938.087646
945.047424
951.930115
958.716980
965.389282
971.928772
978.317566
984.538086
990.573303
996.406738
1002.022339
1007.404724
1012.539124
1017.411499
1022.008484
1026.317505
1030.326660
1034.025024
1037.402466
1040.449707
1043.158447
1045.521240
1047.531616
1049.183960
1050.473877
1051.397705
1051.953125
1069.010986
1068.808716
1068.202148
1067.192993
1065.784180
1063.979492
1061.783813
1059.203125
1056.244629
1052.916504
1049.227539
1045.188232
1040.809448
1036.103149
1031.082397
1025.760742
1020.153015
1014.274414
1008.141113
1001.769897
995.178223
988.384216
981.406433
974.264038
966.976624
959.564148
952.046875
944.445435
936.780701
929.073669
921.345459
913.617249
905.910217
898.245483
890.644104
883.126831
875.714355
868.426880
861.284485
854.306763
847.512695
840.921082
834.549866
828.416565
822.537964
816.930176
811.608582
806.587769
801.881531
797.502686
793.463318
789.774475
786.446228
783.487732
780.907104
778.711426
776.906677
775.497803
774.488708
773.882141
773.679749
773.882080
774.488647
775.497681
776.906494
778.711243
780.906921
783.487488
786.445923
789.774170
793.463013
797.502319
801.881104
806.587341
811.608154
816.929688
822.537415
828.416016
834.549316
840.920532
847.512207
854.306274
861.284058
868.426453
875.713928
883.126465
890.643738
898.245178
905.909912
913.617004
921.345276
929.073486
936.780579
944.445313
952.046753
959.564087
966.976624
974.264099
981.406494
988.384277
995.178345
1001.770020
1008.141235
1014.274536
1020.153198
1025.760986
1031.082520
1036.103394
1040.809570
1045.188477
1049.227783
1052.916626
1056.244873
1059.203369
1061.783936
1063.979614
1065.784302
1067.193115
1068.202148
1068.808716
1147.802002
1147.549561
1146.792725
1145.533691
1143.775879
1141.524170
1138.784546
1135.564697
1131.873413
1127.720825
1123.118164
1118.078247
1112.614868
1106.742798
1100.478394
1093.838623
1086.841797
1079.507080
1071.854492
1063.905151
1055.680664
1047.203857
1038.497681
1029.586060
1020.493530
1011.244934
1001.865662
992.381348
982.818054
973.201965
963.559509
953.916992
944.300903
934.737610
925.253296
915.874023
906.625427
897.532898
888.621338
879.915161
871.438232
863.213806
855.264465
847.611938
840.277161
833.280334
826.640564
820.376099
814.504150
809.040649
804.000732
799.398132
795.245483
791.554199
788.334290
785.594727
783.342957
781.585144
780.326050
779.569214
779.316711
779.569214
780.325989
781.584961
783.342773
785.594543
788.334045
791.553833
795.245117
799.397705
804.000305
809.040161
814.503601
820.375610
826.640015
833.279724
840.276550
847.611267
855.263794
863.213196
871.437622
879.914551
888.620728
897.532349
906.624939
915.873535
925.252869
934.737183
944.300537
953.916687
963.559204
973.201782
982.817871
992.381226
1001.865540
1011.244873
1020.493530
1029.586060
1038.497681
1047.203857
1055.680908
1063.905273
1071.854736
1079.507202
1086.842041
1093.838867
1100.478638
1106.743042
1112.615112
1118.078491
1123.118408
1127.721069
1131.873657
1135.564941
1138.784790
1141.524292
1143.776001
1145.533813
1146.792847
1147.549561
1158.863525
1158.602539
1157.820190
1156.518555
1154.701416
1152.373535
1149.541382
1146.212769
1142.396729
1138.103760
1133.345703
1128.135376
1122.487305
1116.416870
1109.940796
1103.076660
1095.843384
1088.260864
1080.349731
1072.131714
1063.629395
1054.865967
1045.865601
1036.652954
1027.253174
1017.692078
1007.995789
998.191040
988.304626
978.363586
968.395264
958.426880
948.485901
938.599426
928.794678
919.098450
909.537292
900.137512
890.924805
881.924438
873.161133
864.658813
856.440796
848.529663
840.947083
833.713806
826.849670
820.373535
814.303101
808.655029
803.444824
798.686646
794.393677
790.577637
787.249023
784.416870
782.088989
780.271729
778.970154
778.187744
777.926697
778.187744
778.970032
780.271606
782.088806
784.416626
787.248718
790.577332
794.393311
798.686279
803.444336
808.654541
814.302612
820.372986
826.849121
833.713196
840.946411
848.528992
856.440125
864.658142
873.160461
881.923828
890.924255
900.136963
909.536804
919.097961
928.794189
938.599060
948.485535
958.426575
968.394958
978.363342
988.304382
998.190918
1007.995728
1017.692017
1027.253174
1036.652954
1045.865723
1054.866089
1063.629517
1072.131836
1080.349854
1088.260986
1095.843628
1103.076904
1109.941040
1116.417236
1122.487549
1128.135742
1133.345947
1138.104004
1142.396973
1146.213013
1149.541626
1152.373657
1154.701538
1156.518677
1157.820313
1158.602539
1138.172241
1137.929321
1137.201294
1135.990234
1134.299316
1132.133301
1129.498047
1126.400757
1122.849976
1118.855469
1114.428101
1109.580078
1104.324585
1098.676147
1092.650146
1086.263184
1079.532715
1072.477173
1065.115967
1057.469238
1049.557983
1041.403809
1033.029053
1024.456665
1015.710327
1006.813843
997.791626
988.668396
979.469177
970.219177
960.943787
951.668335
942.418335
933.219116
924.095886
915.073669
906.177185
897.430786
888.858459
880.483765
872.329590
864.418274
856.771545
849.410278
842.354797
835.624329
829.237366
823.211426
817.562927
812.307495
807.459412
803.032043
799.037476
795.486694
792.389404
789.754150
787.588074
785.897156
784.686035
783.958008
783.715088
783.958008
784.685913
785.897034
787.587891
789.753906
792.389160
795.486389
799.037109
803.031616
807.458984
812.307007
817.562439
823.210876
829.236816
835.623779
842.354187
849.409668
856.770874
864.417664
872.328979
880.483154
888.857910
897.430298
906.176697
915.073242
924.095459
933.218750
942.418030
951.668030
960.943481
970.218933
979.468994
988.668274
997.791504
1006.813782
1015.710327
1024.456787
1033.029053
1041.403809
1049.558105
1057.469360
1065.116211
1072.477417
1079.532959
1086.263428
1092.650391
1098.676392
1104.324829
1109.580322
1114.428345
1118.855713
1122.850220
1126.401001
1129.498169
1132.133423
1134.299438
1135.990356
1137.201416
1137.929321
1160.410400
1160.157471
1159.399658
1158.138794
1156.378540
1154.123535
1151.380005
1148.155640
1144.458984
1140.300537
1135.691406
1130.644287
1125.172974
1119.292603
1113.019287
1106.369995
1099.363159
1092.018066
1084.354614
1076.393799
1068.157715
1059.668701
1050.950195
1042.025879
1032.920410
1023.658630
1014.265930
1004.768127
995.191223
985.561462
975.905212
966.248962
956.619141
947.042236
937.544434
928.151733
918.889954
909.784485
900.860229
892.141602
883.652649
875.416504
867.455811
859.792358
852.447144
845.440308
838.791138
832.517761
826.637329
821.166138
816.119019
811.509827
807.351257
803.654663
800.430237
797.686768
795.431763
793.671448
792.410583
791.652710
791.399780
791.652649
792.410522
793.671326
795.431580
797.686523
800.429993
803.654419
807.350952
811.509460
816.118591
821.165649
826.636841
832.517212
838.790527
845.439758
852.446533
859.791687
867.455139
875.415833
883.651978
892.140991
900.859619
909.783936
918.889465
928.151306
937.544006
947.041809
956.618774
966.248596
975.904907
985.561218
995.191040
1004.768005
1014.265869
1023.658569
1032.920410
1042.025879
1050.950195
1059.668823
1068.157837
1076.394043
1084.354736
1092.018188
1099.363403
1106.370239
1113.019531
1119.292847
1125.173218
1130.644531
1135.691650
1140.300781
1144.459229
1148.155762
1151.380249
1154.123657
1156.378662
1158.138916
1159.399658
1160.157593
1107.237305
1107.025635
1106.390869
1105.335083
1103.860962
1101.972534
1099.675171
1096.974854
1093.879272
1090.396851
1086.536987
1082.310425
1077.728638
1072.804321
1067.550781
1061.982544
1056.114868
1049.963867
1043.546265
1036.879761
1029.982544
1022.873718
1015.572510
1008.099121
1000.473938
992.717896
984.852234
976.898499
968.878540
960.814331
952.727905
944.641541
936.577332
928.557373
920.603638
912.737976
904.981934
897.356750
889.883301
882.582153
875.473267
868.576111
861.909607
855.492004
849.340942
843.473267
837.905029
832.651550
827.727173
823.145386
818.918823
815.058960
811.576538
808.480896
805.780640
803.483215
801.594849
800.120667
799.064819
798.430115
798.218323
798.430054
799.064697
800.120544
801.594666
803.483032
805.780457
808.480652
811.576233
815.058655
818.918457
823.145020
827.726746
832.651123
837.904602
843.472778
849.340454
855.491455
861.909058
868.575562
875.472717
882.581665
889.882813
897.356262
904.981506
912.737549
920.603271
928.557007
936.577026
944.641296
952.727722
960.814148
968.878418
976.898376
984.852173
992.717834
1000.473938
1008.099121
1015.572571
1022.873779
1029.982666
1036.879883
1043.546387
1049.963989
1056.115112
1061.982788
1067.551025
1072.804443
1077.728882
1082.310669
1086.537231
1090.396973
1093.879517
1096.975098
1099.675293
1101.972656
1103.861084
1105.335205
1106.390991
1107.025635
1051.151855
1050.972046
1050.433228
1049.536865
1048.285278
1046.682007
1044.731323
1042.438843
1039.810547
1036.853882
1033.576782
1029.988403
1026.098389
1021.917480
1017.457153
1012.729614
1007.747803
1002.525452
997.076782
991.416748
985.560913
979.525330
973.326477
966.981445
960.507446
953.922424
947.244324
940.491455
933.682312
926.835632
919.970093
913.104614
906.257874
899.448792
892.695923
886.017761
879.432739
872.958801
866.613708
860.414856
854.379272
848.523438
842.863403
837.414734
832.192383
827.210571
822.483032
818.022705
813.841797
809.951782
806.363342
803.086243
800.129578
797.501343
795.208740
793.258179
791.654907
790.403320
789.506836
788.968018
788.788208
788.967957
789.506775
790.403198
791.654785
793.257996
795.208618
797.501099
800.129333
803.085999
806.363037
809.951477
813.841492
818.022339
822.482666
827.210144
832.191956
837.414307
842.862976
848.522949
854.378784
860.414429
866.613281
872.958374
879.432373
886.017456
892.695557
899.448486
906.257629
913.104370
919.969910
926.835449
933.682190
940.491333
947.244263
953.922363
960.507446
966.981445
973.326538
979.525391
985.561035
991.416870
997.076904
1002.525574
1007.747986
1012.729736
1017.457275
1021.917664
1026.098511
1029.988525
1033.577026
1036.854126
1039.810791
1042.438965
1044.731567
1046.682129
1048.285400
1049.536865
1050.433350
1050.972168
1078.536255
1078.340454
1077.753418
1076.776855
1075.413452
1073.666748
1071.541870
1069.044434
1066.181274
1062.960205
1059.390259
1055.480957
1051.243286
1046.688599
1041.829590
1036.679443
1031.252441
1025.563232
1019.627502
1013.461548
1007.082275
1000.507141
993.754211
986.841919
979.789307
972.615601
965.340515
957.984009
950.566284
943.107544
935.628296
928.149109
920.690369
913.272583
905.916077
898.641052
891.467346
884.414673
877.502441
870.749451
864.174316
857.795044
851.629150
845.693420
840.004211
834.577148
829.427002
824.567993
820.013306
815.775574
811.866333
808.296326
805.075317
802.212158
799.714722
797.589722
795.843140
794.479675
793.503052
792.916077
792.720215
792.916016
793.502991
794.479553
795.843018
797.589600
799.714478
802.211914
805.075073
808.296021
811.866028
815.775208
820.012939
824.567566
829.426575
834.576660
840.003723
845.692932
851.628662
857.794556
864.173889
870.749023
877.501953
884.414307
891.466919
898.640625
905.915771
913.272278
920.690063
928.148865
935.628113
943.107361
950.566101
957.983948
965.340454
972.615540
979.789246
986.841919
993.754211
1000.507202
1007.082397
1013.461670
1019.627625
1025.563354
1031.252563
1036.679688
1041.829834
1046.688843
1051.243530
1055.481201
1059.390381
1062.960449
1066.181396
1069.044556
1071.541992
1073.666992
1075.413574
1076.776978
1077.753418
1078.340454
1063.692749
1063.507568
1062.952637
1062.029541
1060.740601
1059.089478
1057.080688
1054.719849
1052.013184
1048.968262
1045.593506
1041.897949
1037.891968
1033.586426
1028.993042
1024.124512
1018.994080
1013.615967
1008.004761
1002.175964
996.145447
989.929810
983.546143
977.011780
970.344727
963.563293
956.685974
949.731689
942.719482
935.668579
928.598267
921.528015
914.477051
907.464844
900.510559
893.633301
886.851807
880.184753
873.650452
867.266724
861.051086
855.020569
849.191772
843.580627
838.202454
833.072083
828.203552
823.610168
819.304565
815.298523
811.603027
808.228210
805.183289
802.476685
800.115723
798.106995
796.455872
795.166992
794.243774
793.688843
793.503662
793.688843
794.243713
795.166870
796.455750
798.106812
800.115601
802.476440
805.183044
808.227905
811.602722
815.298218
819.304199
823.609802
828.203125
833.071655
838.202026
843.580139
849.191284
855.020142
861.050598
867.266235
873.650024
880.184387
886.851440
893.632935
900.510254
907.464539
914.476807
921.527771
928.598083
935.668396
942.719360
949.731567
956.685913
963.563232
970.344727
977.011780
983.546143
989.929932
996.145569
1002.176086
1008.004883
1013.616089
1018.994263
1024.124634
1028.993164
1033.586548
1037.892212
1041.898193
1045.593628
1048.968506
1052.013428
1054.719971
1057.080811
1059.089600
1060.740723
1062.029541
1062.952759
1063.507568
1033.782227
1033.614502
1033.112061
1032.276001
1031.108887
1029.613647
1027.794556
1025.656616
1023.205566
1020.448242
1017.392090
1014.045593
1010.417847
1006.518860
1002.359253
997.950439
993.304565
988.434265
983.352966
978.074585
972.613586
966.984924
961.203979
955.286743
949.249268
943.108215
936.880310
930.582764
924.232727
917.847656
911.445007
905.042358
898.657288
892.307251
886.009705
879.781860
873.640747
867.603271
861.686035
855.905090
850.276428
844.815430
839.537048
834.455750
829.585449
824.939575
820.530762
816.371155
812.472168
808.844421
805.497864
802.441772
799.684387
797.233337
795.095337
793.276306
791.781128
790.613892
789.777893
789.275391
789.107666
789.275330
789.777832
790.613831
791.781006
793.276123
795.095215
797.233154
799.684143
802.441528
805.497620
808.844116
812.471802
816.370789
820.530396
824.939148
829.585083
834.455322
839.536621
844.815002
850.276001
855.904724
861.685608
867.602966
873.640442
879.781494
886.009399
892.307007
898.657043
905.042175
911.444824
917.847473
924.232605
930.582642
936.880249
943.108154
949.249268
955.286743
961.204041
966.984985
972.613647
978.074707
983.353088
988.434387
993.304688
997.950623
1002.359375
1006.519043
1010.418030
1014.045776
1017.392273
1020.448425
1023.205750
1025.656738
1027.794678
1029.613770
1031.108887
1032.276123
1033.112061
1033.614624
1035.088013
1034.915771
1034.399536
1033.540649
1032.341553
1030.805420
1028.936646
1026.740112
1024.222046
1021.389282
1018.249512
1014.811462
1011.084473
1007.078796
1002.805420
998.276001
993.502991
988.499451
983.279175
977.856323
972.245911
966.463257
960.524231
954.445068
948.242432
941.933350
935.535095
929.065247
922.541504
915.981750
909.403931
902.826172
896.266357
889.742615
883.272766
876.874512
870.565430
864.362793
858.283630
852.344604
846.561890
840.951538
835.528687
830.308411
825.304871
820.531860
816.002441
811.729065
807.723389
803.996399
800.558350
797.418579
794.585815
792.067688
789.871216
788.002380
786.466309
785.267151
784.408264
783.891968
783.719727
783.891968
784.408203
785.267090
786.466187
788.002197
789.871033
792.067505
794.585571
797.418335
800.558044
803.996094
807.723022
811.728699
816.002075
820.531494
825.304443
830.307983
835.528259
840.951050
846.561523
852.344177
858.283264
864.362427
870.565063
876.874207
883.272461
889.742371
896.266113
902.825928
909.403748
915.981567
922.541382
929.065125
935.535034
941.933289
948.242432
954.445068
960.524292
966.463379
972.246033
977.856445
983.279297
988.499573
993.503113
998.276123
1002.805542
1007.078979
1011.084656
1014.811646
1018.249695
1021.389404
1024.222168
1026.740234
1028.936768
1030.805542
1032.341553
1033.540771
1034.399536
1034.915771
1066.427002
1066.238892
1065.675293
1064.737549
1063.428345
1061.751343
1059.710938
1057.312744
1054.563599
1051.470703
1048.042847
1044.289185
1040.220093
1035.846680
1031.180908
1026.235718
1021.024597
1015.561829
1009.862305
1003.941711
997.816284
991.502808
985.018555
978.381348
971.609375
964.721130
957.735535
950.671753
943.549194
936.387268
929.205627
922.024048
914.862122
907.739502
900.675720
893.690186
886.801941
880.029907
873.392700
866.908447
860.594971
854.469543
848.548950
842.849487
837.386658
832.175476
827.230286
822.564636
818.191223
814.122131
810.368408
806.940491
803.847656
801.098389
798.700317
796.659912
794.982788
793.673584
792.735840
792.172241
791.984131
792.172180
792.735840
793.673523
794.982666
796.659729
798.700134
801.098206
803.847412
806.940186
810.368103
814.121765
818.190857
822.564209
827.229858
832.175049
837.386169
842.848999
848.548462
854.469055
860.594543
866.908020
873.392273
880.029541
886.801575
893.689819
900.675415
907.739197
914.861816
922.023804
929.205444
936.387085
943.549011
950.671692
957.735474
964.721069
971.609314
978.381348
985.018616
991.502869
997.816406
1003.941833
1009.862427
1015.561951
1021.024780
1026.235962
1031.181152
1035.846802
1040.220215
1044.289307
1048.042969
1051.470947
1054.563721
1057.312988
1059.711060
1061.751465
1063.428467
1064.737671
1065.675293
1066.239014
1046.424072
1046.245361
1045.709839
1044.818848
1043.574829
1041.981201
1040.042480
1037.763794
1035.151489
1032.212646
1028.955444
1025.388672
1021.522217
1017.366577
1012.933289
1008.234375
1003.282715
998.091919
992.676270
987.050537
981.230103
975.231079
969.069702
962.763062
956.328308
949.783081
943.145386
936.433411
929.665466
922.860229
916.036255
909.212280
902.407043
895.639160
888.927124
882.289429
875.744263
869.309448
863.002808
856.841431
850.842407
845.021973
839.396240
833.980591
828.789795
823.838196
819.139221
814.705933
810.550293
806.683838
803.117065
799.859863
796.921021
794.308716
792.030029
790.091248
788.497681
787.253662
786.362610
785.827026
785.648315
785.827026
786.362549
787.253540
788.497559
790.091064
792.029846
794.308472
796.920776
799.859558
803.116821
806.683533
810.549927
814.705505
819.138855
823.837769
828.789368
833.980103
839.395813
845.021545
850.841919
856.841064
863.002380
869.309082
875.743896
882.289063
888.926819
895.638855
902.406799
909.212097
916.036072
922.860046
929.665344
936.433289
943.145325
949.783081
956.328308
962.763062
969.069763
975.231140
981.230225
987.050659
992.676392
998.092102
1003.282837
1008.234497
1012.933472
1017.366760
1021.522400
1025.388794
1028.955566
1032.212769
1035.151611
1037.763916
1040.042603
1041.981323
1043.574951
1044.818848
1045.709839
1046.245361
931.849792
931.747070
931.439331
930.927307
930.212463
929.296692
928.182617
926.873169
925.372070
923.683289
921.811523
919.761963
917.540100
915.152161
912.604553
909.904358
907.058960
904.076111
900.964050
897.731262
894.386597
890.939270
887.398743
883.774658
880.076965
876.315857
872.501526
868.644531
864.755432
860.844849
856.923523
853.002197
849.091553
845.202454
841.345459
837.531189
833.770020
830.072327
826.448242
822.907715
819.460388
816.115723
812.882935
809.770874
806.788025
803.942627
801.242432
798.694885
796.306885
794.085022
792.035461
790.163696
788.474915
786.973755
785.664368
784.550232
783.634521
782.919678
782.407593
782.099854
781.997131
782.099854
782.407593
782.919617
783.634460
784.550171
785.664246
786.973633
788.474792
790.163513
792.035278
794.084839
796.306702
798.694641
801.242188
803.942383
806.787781
809.770630
812.882690
816.115479
819.460144
822.907471
826.447998
830.072144
833.769836
837.530945
841.345276
845.202271
849.091431
853.002014
856.923401
860.844727
864.755371
868.644470
872.501526
876.315796
880.076965
883.774658
887.398743
890.939331
894.386658
897.731323
900.964111
904.076172
907.059021
909.904480
912.604675
915.152222
917.540222
919.762024
921.811646
923.683411
925.372131
926.873291
928.182678
929.296814
930.212524
930.927368
931.439331
931.747070
957.135254
957.005798
956.617676
955.972046
955.070679
953.916016
952.511169
950.860107
948.967224
946.837769
944.477600
941.893188
939.091614
936.080505
932.868103
929.463318
925.875427
922.114258
918.190063
914.113708
909.896301
905.549438
901.085022
896.515259
891.852661
887.110107
882.300476
877.437012
872.533081
867.602051
862.657471
857.712891
852.781860
847.877869
843.014404
838.204834
833.462219
828.799683
824.229919
819.765442
815.418579
811.201172
807.124817
803.200684
799.439514
795.851563
792.446777
789.234436
786.223328
783.421692
780.837280
778.477112
776.347656
774.454834
772.803711
771.398865
770.244202
769.342773
768.697144
768.309082
768.179565
768.309021
768.697083
769.342712
770.244080
771.398743
772.803589
774.454651
776.347534
778.476929
780.837036
783.421448
786.223083
789.234131
792.446472
795.851257
799.439148
803.200317
807.124512
811.200867
815.418274
819.765137
824.229614
828.799377
833.461975
838.204590
843.014221
847.877686
852.781677
857.712708
862.657349
867.601929
872.532959
877.436951
882.300415
887.110046
891.852661
896.515259
901.085083
905.549500
909.896423
914.113831
918.190186
922.114319
925.875549
929.463440
932.868286
936.080627
939.091736
941.893311
944.477783
946.837891
948.967346
950.860168
952.511292
953.916077
955.070740
955.972107
956.617737
957.005798
953.273254
953.146240
952.765625
952.132385
951.248291
950.115784
948.737915
947.118469
945.261963
943.173401
940.858521
938.323669
935.575867
932.622498
929.471802
926.132324
922.613281
918.924316
915.075439
911.077332
906.940857
902.677368
898.298645
893.816528
889.243469
884.591919
879.874573
875.104431
870.294617
865.458191
860.608521
855.758789
850.922424
846.112549
841.342468
836.625122
831.973572
827.400452
822.918396
818.539612
814.276184
810.139709
806.141541
802.292725
798.603699
795.084656
791.745178
788.594482
785.641174
782.893311
780.358459
778.043579
775.955017
774.098511
772.479065
771.101196
769.968689
769.084595
768.451294
768.070679
767.943665
768.070679
768.451294
769.084473
769.968567
771.101074
772.478943
774.098328
775.954895
778.043396
780.358276
782.893066
785.640930
788.594238
791.744934
795.084351
798.603394
802.292358
806.141235
810.139404
814.275879
818.539307
822.918091
827.400208
831.973267
836.624878
841.342224
846.112366
850.922241
855.758667
860.608398
865.458069
870.294495
875.104370
879.874512
884.591858
889.243469
893.816589
898.298645
902.677429
906.940918
911.077393
915.075562
918.924377
922.613403
926.132446
929.471924
932.622620
935.575989
938.323792
940.858643
943.173523
945.262085
947.118591
948.737976
950.115845
951.248352
952.132446
952.765625
953.146240
902.425842
902.350403
902.124329
901.748169
901.222961
900.550232
899.731750
898.769714
897.666870
896.426208
895.051086
893.545349
891.913025
890.158630
888.287048
886.303284
884.212830
882.021423
879.735107
877.360046
874.902893
872.370239
869.769104
867.106628
864.390015
861.626831
858.824585
855.990967
853.133789
850.260803
847.379883
844.499023
841.626038
838.768860
835.935242
833.132996
830.369812
827.653198
824.990723
822.389587
819.856934
817.399719
815.024719
812.738403
810.546997
808.456543
806.472778
804.601196
802.846802
801.214478
799.708679
798.333618
797.092896
795.990051
795.028076
794.209595
793.536804
793.011597
792.635437
792.409363
792.333923
792.409302
792.635437
793.011597
793.536743
794.209534
795.028015
795.989990
797.092834
798.333496
799.708557
801.214355
802.846680
804.601013
806.472656
808.456360
810.546814
812.738159
815.024536
817.399536
819.856750
822.389404
824.990540
827.653076
830.369629
833.132813
835.935059
838.768738
841.625916
844.498962
847.379822
850.260742
853.133728
855.990967
858.824585
861.626831
864.390015
867.106628
869.769104
872.370300
874.902893
877.360107
879.735168
882.021484
884.212891
886.303345
888.287109
890.158691
891.913086
893.545410
895.051147
896.426270
897.666992
898.769775
899.731812
900.550293
901.223022
901.748169
902.124329
902.350464
924.619690
924.536682
924.287842
923.873901
923.295898
922.555542
921.654846
920.596191
919.382507
918.017212
916.503906
914.846802
913.050476
911.119873
909.060181
906.877075
904.576599
902.165039
899.648926
897.035278
894.331177
891.544067
888.681580
885.751526
882.762024
879.721191
876.637329
873.519043
870.374695
867.213074
864.042725
860.872314
857.710693
854.566345
851.448059
848.364197
845.323364
842.333862
839.403809
836.541321
833.754211
831.050110
828.436462
825.920349
823.508789
821.208313
819.025208
816.965515
815.034912
813.238525
811.581482
810.068176
808.702820
807.489197
806.430542
805.529785
804.789429
804.211487
803.797485
803.548645
803.465637
803.548645
803.797485
804.211426
804.789368
805.529724
806.430420
807.489075
808.702759
810.068054
811.581360
813.238403
815.034729
816.965332
819.025024
821.208130
823.508606
825.920166
828.436218
831.049927
833.754028
836.541138
839.403625
842.333679
845.323242
848.364075
851.447876
854.566223
857.710571
860.872253
864.042603
867.212952
870.374634
873.518982
876.637329
879.721130
882.762024
885.751526
888.681580
891.544067
894.331238
897.035339
899.648987
902.165100
904.576660
906.877136
909.060242
911.119934
913.050598
914.846924
916.503967
918.017273
919.382568
920.596252
921.654907
922.555603
923.295959
923.873901
924.287842
924.536682
944.091919
944.012878
943.776001
943.381958
942.831787
942.127075
941.269653
940.261841
939.106567
937.806885
936.366333
934.788940
933.078979
931.241211
929.280518
927.202454
925.012573
922.716919
920.321838
917.833862
915.259766
912.606628
909.881775
907.092651
904.246887
901.352234
898.416687
895.448303
892.455200
889.445557
886.427673
883.409729
880.400085
877.406982
874.438599
871.503052
868.608398
865.762634
862.973511
860.248596
857.595520
855.021423
852.533447
850.138367
847.842712
845.652832
843.574768
841.614075
839.776245
838.066284
836.488892
835.048401
833.748718
832.593384
831.585632
830.728210
830.023438
829.473267
829.079224
828.842346
828.763306
828.842346
829.079163
829.473267
830.023376
830.728149
831.585571
832.593323
833.748596
835.048279
836.488770
838.066162
839.776123
841.613953
843.574585
845.652649
847.842529
850.138123
852.533264
855.021240
857.595337
860.248413
862.973328
865.762451
868.608276
871.502869
874.438416
877.406860
880.399963
883.409607
886.427551
889.445496
892.455139
895.448303
898.416687
901.352234
904.246887
907.092651
909.881836
912.606689
915.259827
917.833862
920.321899
922.716980
925.012634
927.202515
929.280640
931.241272
933.079102
934.789063
936.366455
937.806946
939.106628
940.261963
941.269653
942.127075
942.831848
943.382019
943.776062
944.012878
