20.061247
23.796118
27.520750
31.224937
34.898529
38.531448
42.113743
45.635593
49.087345
52.459541
55.742935
58.928528
62.007584
64.971672
67.812668
70.522774
73.094574
75.521004
77.795425
79.911613
81.863747
83.646477
85.254929
86.684692
87.931847
88.992966
89.865150
90.546021
91.033684
91.326820
91.424622
91.326820
91.033691
90.546028
89.865173
88.992989
87.931870
86.684723
85.254959
83.646515
81.863785
79.911652
77.795479
75.521057
73.094635
70.522842
67.812744
64.971756
62.007675
58.928627
55.743042
52.459656
49.087463
45.635719
42.113876
38.531586
34.898670
31.225086
27.520905
23.796276
20.061411
16.326544
12.601914
8.897731
5.224144
1.591225
-1.991068
-5.512918
-8.964670
-12.336866
-15.620260
-18.805853
-21.884916
-24.849009
-27.690004
-30.400118
-32.971924
-35.398361
-37.672806
-39.789001
-41.741150
-43.523903
-45.132370
-46.562141
-47.809303
-48.870438
-49.742638
-50.423508
-50.911179
-51.204315
-51.302124
-51.204323
-50.911194
-50.423531
-49.742668
-48.870476
-47.809349
-46.562195
-45.132423
-43.523964
-41.741219
-39.789078
-37.672882
-35.398445
-32.972000
-30.400187
-27.690069
-24.849058
-21.884958
-18.805883
-15.620275
-12.336866
-8.964653
-5.512886
-1.991018
1.591291
5.224228
8.897833
12.602035
16.326683
11.291403
15.698769
20.094053
24.465212
28.800261
33.087318
37.314636
41.470627
45.543900
49.523285
53.397881
57.157066
60.790535
64.288330
67.640869
70.838951
73.873825
76.737160
79.421112
81.918335
84.221962
86.325691
88.223763
89.910965
91.382675
92.634865
93.664093
94.467552
95.043022
95.388947
95.504356
95.388947
95.043037
94.467567
93.664116
92.634888
91.382706
89.910995
88.223801
86.325737
84.222008
81.918381
79.421173
76.737228
73.873901
70.839035
67.640961
64.288429
60.790642
57.157181
53.398003
49.523415
45.544037
41.470772
37.314793
33.087482
28.800430
24.465387
20.094236
15.698956
11.291596
6.884235
2.488955
-1.882199
-6.217245
-10.504301
-14.731617
-18.887608
-22.960878
-26.940264
-30.814863
-34.574051
-38.207520
-41.705322
-45.057869
-48.255959
-51.290833
-54.154175
-56.838150
-59.335388
-61.639030
-63.742783
-65.640869
-67.328094
-68.799820
-70.052017
-71.081261
-71.884727
-72.460205
-72.806129
-72.921547
-72.806137
-72.460228
-71.884750
-71.081291
-70.052055
-68.799866
-67.328148
-65.640938
-63.742859
-61.639114
-59.335472
-56.838242
-54.154274
-51.290924
-48.256042
-45.057945
-41.705383
-38.207573
-34.574081
-30.814878
-26.940264
-22.960855
-18.887569
-14.731560
-10.504225
-6.217146
-1.882079
2.489096
6.884398
17.735970
24.258694
30.763536
37.232674
43.648373
49.993046
56.249306
62.400002
68.428276
74.317612
80.051849
85.615295
90.992683
96.169281
101.130905
105.863937
110.355431
114.593048
118.565186
122.260971
125.670250
128.783691
131.592743
134.089752
136.267822
138.121002
139.644226
140.833313
141.684982
142.196930
142.367737
142.196930
141.684998
140.833328
139.644257
138.121033
136.267853
134.089783
131.592804
128.783752
125.670319
122.261047
118.565277
114.593140
110.355537
105.864059
101.131035
96.169426
90.992844
85.615471
80.052040
74.317802
68.428482
62.400219
56.249535
49.993286
43.648621
37.232933
30.763807
24.258970
17.736256
11.213540
4.708701
-1.760429
-8.176123
-14.520794
-20.777050
-26.927746
-32.956020
-38.845356
-44.579601
-50.143044
-55.520439
-60.697044
-65.658676
-70.391724
-74.883217
-79.120850
-83.093018
-86.788834
-90.198135
-93.311600
-96.120689
-98.617706
-100.795807
-102.649010
-104.172256
-105.361343
-106.213036
-106.724983
-106.895798
-106.724998
-106.213058
-105.361382
-104.172295
-102.649071
-100.795883
-98.617798
-96.120789
-93.311714
-90.198250
-86.788956
-83.093163
-79.120995
-74.883347
-70.391838
-65.658783
-60.697136
-55.520515
-50.143097
-44.579628
-38.845352
-32.955990
-26.927689
-20.776966
-14.520679
-8.175976
-1.760250
4.708911
11.213780
15.367899
22.754665
30.121183
37.447266
44.712830
51.897957
58.982964
65.948418
72.775246
79.444717
85.938553
92.238968
98.328674
104.191002
109.809868
115.169876
120.256340
125.055298
129.553619
133.738968
137.599869
141.125732
144.306900
147.134674
149.601257
151.699936
153.424927
154.771530
155.736023
156.315781
156.509216
156.315796
155.736038
154.771545
153.424957
151.699982
149.601303
147.134720
144.306961
141.125793
137.599945
133.739059
129.553726
125.055412
120.256462
115.170013
109.810020
104.191170
98.328865
92.239159
85.938766
79.444931
72.775475
65.948669
58.983223
51.898232
44.713112
37.447563
30.121490
22.754980
15.368223
7.981465
0.614953
-6.711121
-13.976681
-21.161806
-28.246809
-35.212265
-42.039085
-48.708565
-55.202408
-61.502823
-67.592537
-73.454872
-79.073746
-84.433769
-89.520233
-94.319214
-98.817566
-103.002945
-106.863869
-110.389763
-113.570961
-116.398750
-118.865379
-120.964073
-122.689095
-124.035698
-125.000206
-125.579979
-125.773415
-125.579994
-125.000237
-124.035744
-122.689140
-120.964134
-118.865456
-116.398857
-113.571083
-110.389893
-106.864006
-103.003090
-98.817726
-94.319382
-89.520386
-84.433907
-79.073875
-73.454971
-67.592621
-61.502876
-55.202438
-48.708557
-42.039055
-35.212204
-28.246714
-21.161676
-13.976513
-6.710918
0.615191
7.981738
16.372765
24.604074
32.812820
40.976509
49.072762
57.079380
64.974426
72.736267
80.343613
87.775620
95.011909
102.032661
108.818619
115.351196
121.612488
127.585304
133.253326
138.600952
143.613586
148.277435
152.579773
156.508759
160.053619
163.204681
165.953308
168.291901
170.214142
171.714691
172.789459
173.435516
173.651062
173.435516
172.789490
171.714722
170.214172
168.291962
165.953339
163.204742
160.053680
156.508820
152.579865
148.277527
143.613678
138.601074
133.253448
127.585464
121.612656
115.351387
108.818832
102.032875
95.012146
87.775864
80.343872
72.736542
64.974716
57.079685
49.073078
40.976837
32.813164
24.604425
16.373125
8.141825
-0.066916
-8.230597
-16.326839
-24.333458
-32.228504
-39.990334
-47.597679
-55.029686
-62.265984
-69.286743
-76.072708
-82.605293
-88.866592
-94.839432
-100.507446
-105.855095
-110.867752
-115.531654
-119.834007
-123.763039
-127.307945
-130.459045
-133.207672
-135.546326
-137.468567
-138.969147
-140.043915
-140.689972
-140.905518
-140.689972
-140.043945
-138.969177
-137.468628
-135.546387
-133.207764
-130.459167
-127.308067
-123.763176
-119.834160
-115.531822
-110.867935
-105.855286
-100.507614
-94.839584
-88.866730
-82.605408
-76.072800
-69.286804
-62.266022
-55.029686
-47.597645
-39.990265
-32.228394
-24.333313
-16.326656
-8.230371
-0.066652
8.142128
13.626159
21.702532
29.756767
37.766792
45.710648
53.566559
61.313000
68.928734
76.392883
83.685005
90.785088
97.673691
104.331917
110.741531
116.884964
122.745361
128.306671
133.553650
138.471924
143.048004
147.269348
151.124374
154.602539
157.694290
160.391159
162.685745
164.571793
166.044098
167.098633
167.732529
167.944016
167.732529
167.098663
166.044128
164.571823
162.685791
160.391205
157.694336
154.602600
151.124451
147.269440
143.048096
138.472031
133.553772
128.306824
122.745514
116.885132
110.741714
104.332123
97.673904
90.785316
83.685242
76.393143
68.929001
61.313286
53.566860
45.710957
37.767113
29.757103
21.702877
13.626513
5.550149
-2.504079
-10.514094
-18.457943
-26.313854
-34.060291
-41.676022
-49.140175
-56.432289
-63.532379
-70.420982
-77.079224
-83.488846
-89.632286
-95.492699
-101.054024
-106.301018
-111.219322
-115.795441
-120.016815
-123.871872
-127.350067
-130.441849
-133.138748
-135.433365
-137.319427
-138.791748
-139.846298
-140.480194
-140.691696
-140.480209
-139.846344
-138.791794
-137.319489
-135.433441
-133.138840
-130.441956
-127.350189
-123.872009
-120.016953
-115.795593
-111.219498
-106.301201
-101.054192
-95.492851
-89.632423
-83.488953
-77.079315
-70.421051
-63.532417
-56.432289
-49.140141
-41.675953
-34.060184
-26.313713
-18.457764
-10.513875
-2.503819
5.550447
10.106785
18.773439
27.416338
36.011795
44.536247
52.966328
61.278938
69.451279
77.460968
85.286057
92.905060
100.297134
107.442001
114.320068
120.912506
127.201233
133.169022
138.799484
144.077209
148.987747
153.517609
157.654388
161.386765
164.704483
167.598465
170.060760
172.084641
173.664566
174.796173
175.476395
175.703339
175.476395
174.796204
173.664597
172.084686
170.060806
167.598511
164.704544
161.386826
157.654480
153.517700
148.987839
144.077332
138.799606
133.169159
127.201401
120.912689
114.320267
107.442215
100.297363
92.905304
85.286316
77.461243
69.451576
61.279243
52.966648
44.536579
36.012138
27.416698
18.773809
10.107165
1.440520
-7.202372
-15.797819
-24.322266
-32.752342
-41.064949
-49.237293
-57.246983
-65.072067
-72.691086
-80.083145
-87.228027
-94.106110
-100.698563
-106.987289
-112.955078
-118.585571
-123.863342
-128.773926
-133.303818
-137.440628
-141.173035
-144.490784
-147.384796
-149.847122
-151.871033
-153.450974
-154.582596
-155.262817
-155.489777
-155.262833
-154.582642
-153.451019
-151.871094
-149.847214
-147.384903
-144.490906
-141.173172
-137.440781
-133.303970
-128.774094
-123.863525
-118.585770
-112.955261
-106.987457
-100.698700
-94.106232
-87.228119
-80.083221
-72.691116
-65.072052
-57.246944
-49.237221
-41.064835
-32.752190
-24.322071
-15.797583
-7.202093
1.440840
11.871578
18.518200
25.146603
31.738623
38.276184
44.741375
51.116470
57.383999
63.526783
69.527985
75.371147
81.040268
86.519791
91.794724
96.850586
101.673523
106.250336
110.568451
114.616043
118.382019
121.856064
125.028641
127.891068
130.435486
132.654938
134.543320
136.095474
137.307144
138.175003
138.696671
138.870712
138.696671
138.175018
137.307159
136.095505
134.543350
132.654968
130.435532
127.891113
125.028702
121.856125
118.382095
114.616135
110.568542
106.250443
101.673660
96.850723
91.794876
86.519958
81.040436
75.371338
69.528183
63.526993
57.384224
51.116707
44.741619
38.276440
31.738886
25.146877
18.518482
11.871870
5.225255
-1.403142
-7.995153
-14.532713
-20.997898
-27.372993
-33.640522
-39.783302
-45.784504
-51.627674
-57.296795
-62.776333
-68.051270
-73.107132
-77.930084
-82.506897
-86.825027
-90.872650
-94.638657
-98.112732
-101.285324
-104.147781
-106.692230
-108.911697
-110.800110
-112.352280
-113.563965
-114.431824
-114.953506
-115.127563
-114.953522
-114.431854
-113.563995
-112.352325
-110.800171
-108.911774
-106.692322
-104.147888
-101.285446
-98.112854
-94.638794
-90.872787
-86.825180
-82.507034
-77.930206
-73.107254
-68.051361
-62.776409
-57.296848
-51.627701
-45.784500
-39.783272
-33.640465
-27.372906
-20.997784
-14.532562
-7.994972
-1.402928
5.225501
12.437567
19.495975
26.535038
33.535461
40.478058
47.343788
54.113853
60.769684
67.293037
73.666039
79.871216
85.891563
91.710571
97.312309
102.681404
107.803146
112.663506
117.249146
121.547501
125.546806
129.236069
132.605209
135.644958
138.347031
140.703979
142.709351
144.357666
145.644409
146.566040
147.120026
147.304855
147.120026
146.566055
145.644440
144.357697
142.709396
140.704010
138.347076
135.645020
132.605270
129.236145
125.546883
121.547600
117.249252
112.663628
107.803284
102.681549
97.312469
91.710754
85.891747
79.871414
73.666252
67.293259
60.769920
54.114105
47.344055
40.478325
33.535744
26.535332
19.496277
12.437877
5.379475
-1.659581
-8.659996
-15.602587
-22.468321
-29.238379
-35.894211
-42.417564
-48.790565
-54.995743
-61.016090
-66.835106
-72.436844
-77.805954
-82.927711
-87.788071
-92.373726
-96.672119
-100.671448
-104.360748
-107.729912
-110.769707
-113.471786
-115.828758
-117.834175
-119.482506
-120.769249
-121.690880
-122.244881
-122.429726
-122.244896
-121.690926
-120.769295
-119.482552
-117.834236
-115.828850
-113.471886
-110.769806
-107.730034
-104.360878
-100.671585
-96.672272
-92.373886
-87.788216
-82.927841
-77.806076
-72.436943
-66.835190
-61.016144
-54.995766
-48.790558
-42.417526
-35.894150
-29.238287
-22.468195
-15.602427
-8.659803
-1.659354
5.379735
5.252235
13.312931
21.351532
29.346006
37.274441
45.115105
52.846508
60.447456
67.897118
75.175079
82.261383
89.136612
95.781914
102.179085
108.310593
114.159615
119.710144
124.946938
129.855652
134.422852
138.635986
142.483536
145.954941
149.040695
151.732330
154.022461
155.904846
157.374298
158.426788
159.059448
159.270523
159.059448
158.426804
157.374329
155.904877
154.022507
151.732376
149.040741
145.955002
142.483612
138.636078
134.422943
129.855759
124.947052
119.710281
114.159767
108.310760
102.179268
95.782120
89.136826
82.261612
75.175323
67.897377
60.447727
52.846790
45.115402
37.274750
29.346329
21.351866
13.313274
5.252589
-2.808097
-10.846691
-18.841158
-26.769588
-34.610249
-42.341648
-49.942596
-57.392258
-64.670219
-71.756523
-78.631760
-85.277069
-91.674248
-97.805763
-103.654800
-109.205330
-114.442146
-119.350899
-123.918129
-128.131317
-131.978897
-135.450333
-138.536118
-141.227783
-143.517944
-145.400345
-146.869812
-147.922318
-148.554977
-148.766068
-148.554993
-147.922348
-146.869858
-145.400406
-143.518021
-141.227875
-138.536224
-135.450455
-131.979034
-128.131454
-123.918297
-119.351074
-114.442329
-109.205498
-103.654953
-97.805901
-91.674362
-85.277161
-78.631821
-71.756561
-64.670219
-57.392223
-49.942528
-42.341541
-34.610104
-26.769405
-18.840937
-10.846432
-2.807801
18.698544
26.361965
34.004379
41.604847
49.142525
56.596760
63.947117
71.173447
78.255959
85.175217
91.912277
98.448654
104.766449
110.848328
116.677643
122.238388
127.515366
132.494049
137.160843
141.502945
145.508453
149.166367
152.466690
155.400360
157.959335
160.136597
161.926208
163.323242
164.323853
164.925323
165.126007
164.925339
164.323868
163.323257
161.926239
160.136642
157.959381
155.400406
152.466751
149.166443
145.508530
141.503036
137.160950
132.494171
127.515488
122.238541
116.677795
110.848511
104.766632
98.448853
91.912491
85.175446
78.256203
71.173706
63.947388
56.597042
49.142822
41.605152
34.004700
26.362291
18.698879
11.035467
3.393057
-4.207399
-11.745073
-19.199306
-26.549660
-33.775993
-40.858498
-47.777767
-54.514820
-61.051205
-67.369003
-73.450897
-79.280212
-84.840988
-90.117950
-95.096664
-99.763489
-104.105621
-108.111160
-111.769104
-115.069443
-118.003143
-120.562149
-122.739441
-124.529068
-125.926117
-126.926743
-127.528229
-127.728912
-127.528244
-126.926773
-125.926163
-124.529129
-122.739517
-120.562241
-118.003250
-115.069565
-111.769226
-108.111298
-104.105774
-99.763657
-95.096832
-90.118103
-84.841125
-79.280350
-73.451004
-67.369080
-61.051266
-54.514851
-47.777760
-40.858463
-33.775928
-26.549561
-19.199169
-11.744902
-4.207190
3.393304
11.035749
32.573967
41.108242
49.619125
58.083286
66.477531
74.778839
82.964478
91.011993
98.899338
106.604897
114.107529
121.386688
128.422424
135.195435
141.687164
147.879837
153.756470
159.300934
164.498047
169.333557
173.794250
177.867828
181.543182
184.810242
187.660004
190.084686
192.077667
193.633453
194.747772
195.417603
195.641083
195.417633
194.747803
193.633484
192.077698
190.084747
187.660065
184.810303
181.543274
177.867920
173.794342
169.333679
164.498169
159.301056
153.756607
147.880005
141.687347
135.195618
128.422638
121.386917
114.107773
106.605148
98.899612
91.012283
82.964783
74.779160
66.477859
58.083626
49.619476
41.108604
32.574341
24.040077
15.529202
7.065048
-1.329189
-9.630501
-17.816135
-25.863651
-33.750992
-41.456551
-48.959183
-56.238350
-63.274086
-70.047112
-76.538857
-82.731537
-88.608170
-94.152649
-99.349800
-104.185371
-108.646080
-112.719704
-116.395103
-119.662178
-122.511986
-124.936699
-126.929695
-128.485504
-129.599823
-130.269653
-130.493164
-130.269684
-129.599884
-128.485535
-126.929756
-124.936775
-122.512077
-119.662300
-116.395226
-112.719856
-108.646233
-104.185539
-99.349998
-94.152847
-88.608345
-82.731697
-76.539009
-70.047226
-63.274178
-56.238419
-48.959221
-41.456543
-33.750954
-25.863579
-17.816021
-9.630352
-1.328999
7.065281
15.529476
24.040390
29.261604
38.462814
47.638805
56.764427
65.814667
74.764709
83.590042
92.266449
100.770180
109.077904
117.166855
125.014870
132.600433
139.902740
146.901794
153.578400
159.914276
165.892029
171.495300
176.708710
181.517975
185.909912
189.872498
193.394836
196.467316
199.081482
201.230194
202.907593
204.108978
204.831146
205.072113
204.831177
204.109009
202.907623
201.230255
199.081543
196.467377
193.394897
189.872559
185.910004
181.518066
176.708801
171.495422
165.892151
159.914429
153.578583
146.901978
139.902954
132.600647
125.015106
117.167114
109.078178
100.770470
92.266762
83.590363
74.765045
65.815018
56.764793
47.639187
38.463207
29.262009
20.060806
10.884825
1.759212
-7.291019
-16.241062
-25.066383
-33.742798
-42.246521
-50.554253
-58.643204
-66.491219
-74.076782
-81.379105
-88.378174
-95.054802
-101.390678
-107.368446
-112.971748
-118.185219
-122.994514
-127.386497
-131.349121
-134.871490
-137.944000
-140.558228
-142.706970
-144.384338
-145.585754
-146.307953
-146.548889
-146.307953
-145.585815
-144.384399
-142.707031
-140.558289
-137.944122
-134.871613
-131.349243
-127.386650
-122.994682
-118.185387
-112.971962
-107.368660
-101.390862
-95.054970
-88.378334
-81.379234
-74.076889
-66.491295
-58.643242
-50.554245
-42.246483
-33.742722
-25.066265
-16.240898
-7.290810
1.759464
10.885120
20.061146
35.221451
43.936787
52.628231
61.271969
69.844299
78.321732
86.681030
94.899284
102.953964
110.822998
118.484802
125.918396
133.103394
140.020096
146.649567
152.973602
158.974915
164.637009
169.944382
174.882507
179.437820
183.597824
187.351166
190.687515
193.597748
196.073883
198.109131
199.697922
200.835892
201.519928
201.748154
201.519943
200.835922
199.697952
198.109177
196.073929
193.597794
190.687576
187.351227
183.597916
179.437897
174.882599
169.944504
164.637131
158.975067
152.973785
146.649750
140.020294
133.103607
125.918625
118.485054
110.823250
102.954239
94.899582
86.681335
78.322052
69.844635
61.272316
52.628593
43.937157
35.221832
26.506508
17.815069
9.171343
0.599014
-7.878414
-16.237709
-24.455959
-32.510643
-40.379669
-48.041481
-55.475075
-62.660080
-69.576797
-76.206276
-82.530342
-88.531647
-94.193756
-99.501175
-104.439331
-108.994675
-113.154724
-116.908096
-120.244492
-123.154755
-125.630905
-127.666183
-129.254990
-130.392975
-131.077026
-131.305252
-131.077042
-130.393021
-129.255051
-127.666245
-125.630997
-123.154846
-120.244598
-116.908234
-113.154877
-108.994827
-104.439499
-99.501358
-94.193954
-88.531822
-82.530502
-76.206429
-69.576920
-62.660179
-55.475143
-48.041519
-40.379669
-32.510597
-24.455887
-16.237595
-7.878262
0.599213
9.171581
17.815350
26.506828
17.388126
25.237743
33.065845
40.850975
48.571800
56.207146
63.736095
71.138000
78.392593
85.479965
92.380707
99.075912
105.547195
111.776855
117.747803
123.443649
128.848831
133.948502
138.728683
143.176285
147.279099
151.025894
154.406387
157.411331
160.032486
162.262665
164.095734
165.526718
166.551651
167.167740
167.373291
167.167740
166.551666
165.526749
164.095779
162.262711
160.032532
157.411392
154.406448
151.025955
147.279175
143.176361
138.728790
133.948608
128.848969
123.443802
117.747955
111.777023
105.547394
99.076111
92.380936
85.480209
78.392838
71.138268
63.736370
56.207436
48.572098
40.851288
33.066170
25.238079
17.388472
9.538862
1.710767
-6.074356
-13.795172
-21.430515
-28.959461
-36.361370
-43.615959
-50.703335
-57.604084
-64.299271
-70.770569
-77.000244
-82.971191
-88.667068
-94.072250
-99.171936
-103.952148
-108.399780
-112.502640
-116.249466
-119.630005
-122.634979
-125.256149
-127.486359
-129.319458
-130.750443
-131.775391
-132.391479
-132.597046
-132.391495
-131.775421
-130.750488
-129.319519
-127.486420
-125.256241
-122.635086
-119.630112
-116.249603
-112.502777
-108.399933
-103.952316
-99.172104
-94.072418
-88.667221
-82.971329
-77.000351
-70.770660
-64.299347
-57.604115
-50.703335
-43.615921
-36.361305
-28.959358
-21.430378
-13.794994
-6.074142
1.711020
9.539151
8.022950
14.778463
21.515461
28.215477
34.860146
41.431252
47.910793
54.281002
60.524422
66.623947
72.562836
78.324837
83.894135
89.255478
94.394180
99.296127
103.947922
108.336777
112.450684
116.278358
119.809319
123.033867
125.943184
128.529297
130.785110
132.704437
134.282013
135.513535
136.395599
136.925827
137.102722
136.925827
136.395615
135.513565
134.282043
132.704468
130.785141
128.529343
125.943237
123.033928
119.809387
116.278435
112.450775
108.336876
103.948036
99.296265
94.394318
89.255638
83.894302
78.325012
72.563026
66.624146
60.524639
54.281231
47.911034
41.431503
34.860405
28.215748
21.515739
14.778751
8.023247
1.267740
-5.469251
-12.169259
-18.813923
-25.385033
-31.864567
-38.234776
-44.478199
-50.577717
-56.516617
-62.278610
-67.847923
-73.209274
-78.347977
-83.249947
-87.901733
-92.290611
-96.404541
-100.232254
-103.763237
-106.987816
-109.897163
-112.483299
-114.739128
-116.658470
-118.236076
-119.467613
-120.349686
-120.879913
-121.056824
-120.879929
-120.349716
-119.467651
-118.236122
-116.658539
-114.739204
-112.483391
-109.897263
-106.987930
-103.763359
-100.232384
-96.404686
-92.290764
-87.901878
-83.250069
-78.348099
-73.209366
-67.848000
-62.278664
-56.516640
-50.577713
-44.478165
-38.234718
-31.864479
-25.384911
-18.813770
-12.169074
-5.469033
1.267990
15.343993
21.669151
27.976971
34.250164
40.471539
46.624039
52.690804
58.655201
64.500885
70.211838
75.772400
81.167336
86.381844
91.401649
96.212990
100.802666
105.158112
109.267380
113.119209
116.703049
120.009071
123.028206
125.752182
128.173538
130.285645
132.082703
133.559784
134.712845
135.538727
136.035172
136.200806
136.035172
135.538742
134.712875
133.559814
132.082733
130.285675
128.173584
125.752235
123.028259
120.009132
116.703125
113.119293
109.267471
105.158218
100.802788
96.213120
91.401794
86.382004
81.167496
75.772575
70.212029
64.501091
58.655415
52.691029
46.624271
40.471783
34.250416
27.977232
21.669420
15.344271
9.019121
2.711307
-3.561881
-9.783252
-15.935748
-22.002510
-27.966908
-33.812592
-39.523548
-45.084110
-50.479042
-55.693558
-60.713371
-65.524719
-70.114410
-74.469856
-78.579140
-82.431000
-86.014870
-89.320908
-92.340073
-95.064079
-97.485466
-99.597588
-101.394661
-102.871765
-104.024841
-104.850731
-105.347176
-105.512817
-105.347191
-104.850761
-104.024879
-102.871811
-101.394722
-99.597656
-97.485550
-95.064171
-92.340179
-89.321022
-86.014992
-82.431137
-78.579285
-74.469986
-70.114525
-65.524826
-60.713463
-55.693634
-50.479095
-45.084133
-39.523544
-33.812565
-27.966854
-22.002426
-15.935637
-9.783109
-3.561709
2.711510
9.019354
2.603843
9.048771
15.476032
21.868015
28.207193
34.476192
40.657837
46.735172
52.691551
58.510643
64.176491
69.673584
74.986832
80.101692
85.004135
89.680717
94.118645
98.305717
102.230484
105.882187
109.250809
112.327110
115.102669
117.569885
119.721977
121.553062
123.058113
124.233017
125.074539
125.580376
125.749146
125.580383
125.074554
124.233040
123.058144
121.553101
119.722015
117.569931
115.102722
112.327171
109.250877
105.882263
102.230576
98.305817
94.118752
89.680847
85.004265
80.101837
74.987000
69.673752
64.176674
58.510834
52.691757
46.735390
40.658062
34.476429
28.207441
21.868271
15.476299
9.049046
2.604126
-3.840794
-10.268051
-16.660025
-22.999199
-29.268198
-35.449837
-41.527172
-47.483551
-53.302643
-58.968498
-64.465591
-69.778847
-74.893715
-79.796165
-84.472763
-88.910683
-93.097778
-97.022575
-100.674301
-104.042946
-107.119278
-109.894867
-112.362099
-114.514221
-116.345322
-117.850395
-119.025307
-119.866837
-120.372681
-120.541458
-120.372696
-119.866867
-119.025345
-117.850441
-116.345383
-114.514290
-112.362190
-109.894958
-107.119385
-104.043060
-100.674431
-97.022713
-93.097923
-88.910812
-84.472878
-79.796272
-74.893799
-69.778923
-64.465637
-58.968525
-53.302639
-47.483521
-41.527119
-35.449753
-29.268084
-22.999054
-16.659847
-10.267844
-3.840557
6.022146
12.924215
19.807367
26.652735
33.441555
40.155216
46.775326
53.283733
59.662598
65.894447
71.962181
77.849182
83.539307
89.016960
94.267136
99.275436
104.028145
108.512215
112.715363
116.626083
120.233643
123.528145
126.500580
129.142792
131.447540
133.408493
135.020294
136.278534
137.179749
137.721466
137.902206
137.721481
137.179764
136.278564
135.020325
133.408539
131.447571
129.142838
126.500633
123.528214
120.233711
116.626160
112.715462
108.512314
104.028259
99.275566
94.267281
89.017120
83.539474
77.849365
71.962379
65.894653
59.662819
53.283966
46.775570
40.155472
33.441818
26.653011
19.807652
12.924509
6.022449
-0.879613
-7.762759
-14.608118
-21.396935
-28.110598
-34.730705
-41.239109
-47.617977
-53.849823
-59.917561
-65.804558
-71.494690
-76.972351
-82.222534
-87.230850
-91.983559
-96.467644
-100.670822
-104.581573
-108.189156
-111.483696
-114.456154
-117.098396
-119.403168
-121.364151
-122.975975
-124.234230
-125.135445
-125.677162
-125.857918
-125.677193
-125.135475
-124.234261
-122.976021
-121.364212
-119.403244
-117.098488
-114.456261
-111.483810
-108.189285
-104.581711
-100.670975
-96.467796
-91.983696
-87.230972
-82.222656
-76.972443
-71.494766
-65.804611
-59.917583
-53.849815
-47.617947
-41.239052
-34.730614
-28.110476
-21.396778
-14.607929
-7.762537
-0.879359
3.941564
10.642854
17.325775
23.972013
30.563349
37.081711
43.509243
49.828320
56.021629
62.072189
67.963417
73.679169
79.203766
84.522079
89.619530
94.482132
99.096588
103.450211
107.531097
111.328056
114.830673
118.029343
120.915306
123.480659
125.718361
127.622276
129.187195
130.408829
131.283829
131.809784
131.985260
131.809784
131.283844
130.408844
129.187225
127.622314
125.718399
123.480705
120.915359
118.029404
114.830742
111.328133
107.531189
103.450310
99.096703
94.482262
89.619667
84.522232
79.203934
73.679344
67.963608
62.072388
56.021843
49.828545
43.509480
37.081959
30.563606
23.972281
17.326054
10.643140
3.941858
-2.759424
-9.442340
-16.088570
-22.679901
-29.198263
-35.625793
-41.944870
-48.138180
-54.188740
-60.079967
-65.795715
-71.320320
-76.638641
-81.736099
-86.598717
-91.213173
-95.566811
-99.647728
-103.444717
-106.947357
-110.146057
-113.032051
-115.597427
-117.835152
-119.739090
-121.304031
-122.525673
-123.400681
-123.926643
-124.102135
-123.926659
-123.400711
-122.525711
-121.304077
-119.739151
-117.835228
-115.597519
-113.032150
-110.146172
-106.947479
-103.444847
-99.647873
-95.566963
-91.213310
-86.598839
-81.736214
-76.638733
-71.320396
-65.795769
-60.079990
-54.188736
-48.138149
-41.944813
-35.625706
-29.198145
-22.679750
-16.088387
-9.442124
-2.759177
5.978952
12.767507
19.537453
26.270239
32.947403
39.550652
46.061882
52.463249
58.737206
64.866554
70.834496
76.624672
82.221214
87.608780
92.772614
97.698540
102.373085
106.783401
110.917427
114.763832
118.312057
121.552376
124.475922
127.074684
129.341522
131.270233
132.855530
134.093079
134.979477
135.512283
135.690048
135.512283
134.979492
134.093109
132.855560
131.270279
129.341568
127.074730
124.475975
121.552437
118.312126
114.763908
110.917519
106.783501
102.373199
97.698669
92.772751
87.608940
82.221382
76.624855
70.834686
64.866760
58.737419
52.463478
46.062126
39.550903
32.947666
26.270510
19.537735
12.767796
5.979250
-0.809297
-7.579238
-14.312016
-20.989178
-27.592424
-34.103653
-40.505020
-46.778969
-52.908325
-58.876266
-64.666451
-70.263000
-75.650574
-80.814407
-85.740356
-90.414894
-94.825233
-98.959290
-102.805717
-106.353966
-109.594322
-112.517899
-115.116684
-117.383545
-119.312279
-120.897598
-122.135155
-123.021553
-123.554359
-123.732140
-123.554375
-123.021584
-122.135185
-120.897644
-119.312340
-117.383621
-115.116776
-112.517998
-109.594437
-106.354095
-102.805855
-98.959435
-94.825386
-90.415031
-85.740479
-80.814529
-75.650665
-70.263077
-64.666504
-58.876297
-52.908318
-46.778938
-40.504959
-34.103561
-27.592302
-20.989025
-14.311831
-7.579019
-0.809046
7.576771
12.979018
18.366457
23.724325
29.037931
34.292713
39.474270
44.568398
49.561134
54.438793
59.188007
63.795761
68.249420
72.536781
76.646095
80.566086
84.286026
87.795708
91.085510
94.146431
96.970062
99.548676
101.875191
103.943253
105.747177
107.282021
108.543579
109.528404
110.233780
110.657784
110.799248
110.657791
110.233795
109.528419
108.543602
107.282051
105.747208
103.943291
101.875237
99.548721
96.970116
94.146492
91.085587
87.795784
84.286118
80.566185
76.646202
72.536903
68.249557
63.795902
59.188160
54.438953
49.561306
44.568577
39.474461
34.292915
29.038137
23.724539
18.366682
12.979248
7.577008
2.174767
-3.212668
-8.570528
-13.884132
-19.138912
-24.320467
-29.414593
-34.407330
-39.284992
-44.034206
-48.641960
-53.095623
-57.382992
-61.492306
-65.412308
-69.132248
-72.641937
-75.931770
-78.992714
-81.816368
-84.394997
-86.721542
-88.789619
-90.593567
-92.128426
-93.390007
-94.374840
-95.080215
-95.504227
-95.645699
-95.504242
-95.080246
-94.374870
-93.390045
-92.128479
-90.593628
-88.789696
-86.721626
-84.395096
-81.816467
-78.992821
-75.931885
-72.642067
-69.132362
-65.412407
-61.492397
-57.383060
-53.095684
-48.642002
-44.034229
-39.284988
-34.407307
-29.414547
-24.320396
-19.138817
-13.884010
-8.570381
-3.212494
2.174966
6.468709
10.815175
15.149727
19.460487
23.735634
27.963455
32.132362
36.230927
40.247910
44.172314
47.993370
51.700615
55.283875
58.733341
62.039555
65.193451
68.186386
71.010162
73.657028
76.119736
78.391541
80.466202
82.338043
84.001930
85.453308
86.688194
87.703201
88.495560
89.063080
89.404221
89.518036
89.404221
89.063087
88.495575
87.703224
86.688217
85.453331
84.001961
82.338074
80.466240
78.391586
76.119789
73.657089
71.010223
68.186462
65.193535
62.039642
58.733440
55.283985
51.700726
47.993492
44.172443
40.248051
36.231071
32.132515
27.963615
23.735802
19.460659
15.149907
10.815361
6.468900
2.122438
-2.212111
-6.522864
-10.798011
-15.025830
-19.194733
-23.293297
-27.310284
-31.234688
-35.055744
-38.762989
-42.346256
-45.795727
-49.101944
-52.255848
-55.248787
-58.072567
-60.719456
-63.182186
-65.453995
-67.528679
-69.400536
-71.064445
-72.515839
-73.750732
-74.765755
-75.558121
-76.125648
-76.466789
-76.580612
-76.466797
-76.125664
-75.558144
-74.765785
-73.750771
-72.515884
-71.064507
-69.400604
-67.528755
-65.454079
-63.182270
-60.719547
-58.072666
-55.248878
-52.255928
-49.102020
-45.795784
-42.346306
-38.763023
-35.055763
-31.234684
-27.310265
-23.293259
-19.194675
-15.025752
-10.797914
-6.522745
-2.211970
2.122599
54.341877
57.558090
60.765488
63.955280
67.118721
70.247139
73.331970
76.364746
79.337158
82.241058
85.068489
87.811707
90.463181
93.015640
95.462112
97.795868
100.010529
102.100006
104.058578
105.880890
107.561935
109.097099
110.482193
111.713402
112.787369
113.701126
114.452194
115.038513
115.458450
115.710876
115.795105
115.710884
115.458458
115.038513
114.452209
113.701149
112.787384
111.713425
110.482216
109.097130
107.561966
105.880928
104.058624
102.100052
100.010582
97.795929
95.462173
93.015717
90.463257
87.811783
85.068581
82.241150
79.337257
76.364853
73.332077
70.247261
67.118843
63.955406
60.765621
57.558228
54.342018
51.125809
47.918411
44.728626
41.565186
38.436768
35.351944
32.319168
29.346754
26.442852
23.615419
20.872204
18.220730
15.668259
13.221786
10.888023
8.673363
6.583878
4.625286
2.802963
1.121910
-0.413273
-1.798378
-3.029602
-4.103573
-5.017349
-5.768425
-6.354744
-6.774689
-7.027122
-7.111347
-7.027130
-6.774704
-6.354759
-5.768448
-5.017380
-4.103611
-3.029644
-1.798424
-0.413330
1.121849
2.802902
4.625217
6.583805
8.673298
10.887962
13.221729
15.668213
18.220692
20.872181
23.615406
26.442854
29.346769
32.319195
35.351982
38.436821
41.565258
44.728714
47.918518
51.125927
9.214279
14.381948
19.535454
24.660669
29.743547
34.770153
39.726715
44.599644
49.375584
54.041447
58.584438
62.992111
67.252380
71.353577
75.284447
79.034225
82.592644
85.949921
89.096878
92.024879
94.725906
97.192551
99.418045
101.396301
103.121902
104.590096
105.796875
106.738937
107.413681
107.819275
107.954597
107.819283
107.413696
106.738953
105.796898
104.590126
103.121925
101.396339
99.418083
97.192596
94.725960
92.024940
89.096947
85.949997
82.592728
79.034325
75.284554
71.353691
67.252510
62.992249
58.584587
54.041599
49.375748
44.599819
39.726898
34.770348
29.743746
24.660875
19.535667
14.382169
9.214506
4.046843
-1.106658
-6.231868
-11.314743
-16.341349
-21.297909
-26.170837
-30.946777
-35.612640
-40.155632
-44.563309
-48.823582
-52.924782
-56.855659
-60.605453
-64.163864
-67.521156
-70.668137
-73.596169
-76.297211
-78.763870
-80.989395
-82.967667
-84.693283
-86.161499
-87.368294
-88.310364
-88.985115
-89.390709
-89.526039
-89.390724
-88.985138
-88.310387
-87.368332
-86.161545
-84.693344
-82.967743
-80.989471
-78.763962
-76.297302
-73.596268
-70.668243
-67.521271
-64.163971
-60.605545
-56.855751
-52.924850
-48.823639
-44.563347
-40.155655
-35.612637
-30.946754
-26.170792
-21.297840
-16.341257
-11.314627
-6.231727
-1.106491
4.047033
33.415001
35.807362
38.193165
40.565872
42.918976
45.246033
47.540661
49.796570
52.007584
54.167633
56.270798
58.311317
60.283600
62.182236
64.002029
65.737976
67.385338
68.939583
70.396454
71.751968
73.002403
74.144333
75.174622
76.090454
76.889313
77.569008
78.127686
78.563812
78.876175
79.063950
79.126595
79.063950
78.876190
78.563812
78.127693
77.569016
76.889320
76.090469
75.174637
74.144348
73.002426
71.751999
70.396484
68.939621
67.385376
65.738022
64.002075
62.182293
60.283661
58.311382
56.270866
54.167702
52.007660
49.796654
47.540745
45.246120
42.919067
40.565964
38.193264
35.807465
33.415108
31.022749
28.636948
26.264244
23.911140
21.584084
19.289457
17.033546
14.822536
12.662487
10.559319
8.518797
6.546513
4.647873
2.828079
1.092125
-0.555233
-2.109486
-3.566372
-4.921894
-6.172337
-7.314274
-8.344574
-9.260410
-10.059280
-10.738987
-11.297668
-11.733799
-12.046173
-12.233944
-12.296593
-12.233948
-12.046185
-11.733810
-11.297688
-10.739006
-10.059307
-9.260445
-8.344608
-7.314312
-6.172382
-4.921944
-3.566422
-2.109539
-0.555283
1.092079
2.828039
4.647840
6.546486
8.518778
10.559309
12.662487
14.822548
17.033567
19.289490
21.584126
23.911194
26.264309
28.637024
31.022837
13.856553
16.558998
19.254034
21.934277
24.592381
27.221056
29.813103
32.361412
34.859001
37.299023
39.674789
41.979794
44.207710
46.352440
48.408100
50.369053
52.229935
53.985630
55.631336
57.162544
58.575054
59.864986
61.028816
62.063354
62.965755
63.733551
64.364639
64.857300
65.210159
65.422264
65.493027
65.422264
65.210159
64.857307
64.364655
63.733566
62.965771
62.063370
61.028839
59.865013
58.575081
57.162575
55.631374
53.985672
52.229980
50.369106
48.408154
46.352501
44.207779
41.979866
39.674866
37.299103
34.859085
32.361500
29.813198
27.221157
24.592484
21.934385
19.254147
16.559113
13.856671
11.154230
8.459196
5.778955
3.120854
0.492179
-2.099865
-4.648173
-7.145762
-9.585786
-11.961555
-14.266559
-16.494480
-18.639210
-20.694874
-22.655834
-24.516716
-26.272419
-27.918137
-29.449360
-30.861874
-32.151821
-33.315662
-34.350208
-35.252621
-36.020428
-36.651524
-37.144180
-37.497044
-37.709152
-37.779922
-37.709160
-37.497055
-37.144196
-36.651543
-36.020451
-35.252651
-34.350246
-33.315704
-32.151867
-30.861923
-29.449409
-27.918198
-26.272480
-24.516769
-22.655884
-20.694920
-18.639248
-16.494511
-14.266580
-11.961566
-9.585784
-7.145751
-4.648150
-2.099830
0.492227
3.120915
5.779029
8.459282
11.154329
