959.371826
959.297607
959.075256
958.705322
958.188843
957.527222
956.722290
955.776184
954.691650
953.471497
952.119141
950.638306
949.033020
947.307678
945.467041
943.516113
941.460327
939.305176
937.056702
934.721008
932.304504
929.813782
927.255737
924.637329
921.965698
919.248291
916.492432
913.705750
910.895813
908.070374
905.237183
902.404053
899.578613
896.768677
893.981995
891.226135
888.508728
885.837097
883.218689
880.660645
878.169922
875.753418
873.417725
871.169189
869.014099
866.958252
865.007385
863.166748
861.441406
859.836121
858.355286
857.002930
855.782776
854.698181
853.752136
852.947144
852.285522
851.769043
851.399109
851.176758
851.102539
851.176758
851.399109
851.769043
852.285522
852.947144
853.752075
854.698120
855.782654
857.002808
858.355164
859.835999
861.441284
863.166565
865.007202
866.958130
869.013916
871.169006
873.417480
875.753235
878.169739
880.660461
883.218506
885.836975
888.508545
891.226013
893.981873
896.768555
899.578491
902.403931
905.237122
908.070313
910.895752
913.705688
916.492371
919.248230
921.965698
924.637329
927.255737
929.813843
932.304565
934.721069
937.056763
939.305298
941.460388
943.516235
945.467102
947.307739
949.033081
950.638367
952.119202
953.471558
954.691711
955.776245
956.722351
957.527283
958.188904
958.705383
959.075256
959.297607
1001.253174
1001.131958
1000.768494
1000.163879
999.319763
998.238403
996.922852
995.376587
993.603943
991.609802
989.399536
986.979248
984.355591
981.535767
978.527405
975.338867
971.978882
968.456543
964.781677
960.964233
957.014709
952.943909
948.763062
944.483521
940.117126
935.675720
931.171631
926.617065
922.024597
917.406738
912.776245
908.145691
903.527893
898.935364
894.380859
889.876709
885.435364
881.068909
876.789429
872.608521
868.537781
864.588257
860.770813
857.095886
853.573608
850.213562
847.025024
844.016724
841.196838
838.573181
836.152893
833.942688
831.948486
830.175842
828.629578
827.313965
826.232666
825.388489
824.783875
824.420410
824.299194
824.420410
824.783813
825.388428
826.232544
827.313904
828.629456
830.175659
831.948303
833.942505
836.152710
838.572998
841.196655
844.016479
847.024780
850.213257
853.573303
857.095581
860.770508
864.587952
868.537476
872.608276
876.789124
881.068665
885.435120
889.876465
894.380615
898.935181
903.527710
908.145569
912.776123
917.406616
922.024475
926.617004
931.171570
935.675720
940.117065
944.483521
948.763062
952.943970
957.014771
960.964294
964.781738
968.456665
971.978943
975.338989
978.527527
981.535889
984.355713
986.979370
989.399658
991.609863
993.604065
995.376709
996.922913
998.238525
999.319824
1000.163940
1000.768555
1001.131958
1022.075378
1021.919128
1021.450806
1020.671692
1019.583984
1018.190552
1016.495300
1014.502808
1012.218628
1009.648987
1006.800842
1003.682129
1000.301331
996.667664
992.791199
988.682495
984.352783
979.814026
975.078613
970.159485
965.070129
959.824585
954.437134
948.922607
943.296143
937.573059
931.769043
925.900146
919.982300
914.031860
908.065002
902.098145
896.147705
890.229858
884.360962
878.556946
872.833862
867.207336
861.692810
856.305420
851.059814
845.970520
841.051392
836.315979
831.777222
827.447510
823.338806
819.462341
815.828674
812.447876
809.329102
806.481018
803.911316
801.627136
799.634644
797.939392
796.545959
795.458252
794.679138
794.210815
794.054504
794.210754
794.679077
795.458130
796.545898
797.939270
799.634521
801.626953
803.911133
806.480774
809.328857
812.447571
815.828369
819.461975
823.338440
827.447144
831.776794
836.315552
841.051025
845.970154
851.059448
856.305054
861.692505
867.207031
872.833557
878.556641
884.360657
890.229614
896.147461
902.097961
908.064819
914.031677
919.982178
925.900024
931.769043
937.572998
943.296143
948.922668
954.437195
959.824646
965.070251
970.159546
975.078674
979.814148
984.352905
988.682617
992.791321
996.667847
1000.301453
1003.682251
1006.801025
1009.649109
1012.218750
1014.502991
1016.495422
1018.190674
1019.584045
1020.671753
1021.450867
1021.919128
1055.167480
1054.989990
1054.458008
1053.573120
1052.337646
1050.754883
1048.829468
1046.566284
1043.971924
1041.053223
1037.818237
1034.275879
1030.435791
1026.308594
1021.905640
1017.238831
1012.321045
1007.165771
1001.787109
996.199829
990.419250
984.461182
978.341980
972.078430
965.687683
959.187256
952.594910
945.928833
939.207214
932.448486
925.671143
918.893860
912.135132
905.413513
898.747375
892.155090
885.654602
879.263855
873.000305
866.881104
860.923035
855.142456
849.555176
844.176514
839.021240
834.103455
829.436646
825.033630
820.906494
817.066406
813.524048
810.289124
807.370361
804.775940
802.512817
800.587280
799.004639
797.769104
796.884155
796.352234
796.174744
796.352173
796.884094
797.769043
799.004517
800.587158
802.512634
804.775696
807.370117
810.288818
813.523804
817.066101
820.906128
825.033264
829.436279
834.103027
839.020813
844.176086
849.554688
855.142029
860.922607
866.880676
872.999878
879.263489
885.654236
892.154724
898.747070
905.413208
912.134888
918.893616
925.670959
932.448303
939.207031
945.928711
952.594849
959.187195
965.687683
972.078430
978.342041
984.461243
990.419373
996.199951
1001.787231
1007.165894
1012.321167
1017.239014
1021.905762
1026.308838
1030.436035
1034.276001
1037.818359
1041.053345
1043.972046
1046.566528
1048.829590
1050.755005
1052.337769
1053.573242
1054.458130
1054.989990
1081.632568
1081.427490
1080.812622
1079.789673
1078.361572
1076.532104
1074.306396
1071.690430
1068.691528
1065.317749
1061.578369
1057.483765
1053.045044
1048.274292
1043.184814
1037.790405
1032.105957
1026.146851
1019.929626
1013.471191
1006.789368
999.902344
992.829102
985.588989
978.201843
970.687866
963.067749
955.362305
947.592712
939.780212
931.946228
924.112305
916.299805
908.530151
900.824707
893.204590
885.690674
878.303467
871.063354
863.990112
857.103088
850.421265
843.962891
837.745605
831.786560
826.102051
820.707642
815.618164
810.847473
806.408691
802.314087
798.574707
795.200928
792.201965
789.586060
787.360291
785.530823
784.102722
783.079834
782.464905
782.259766
782.464905
783.079712
784.102600
785.530701
787.360107
789.585815
792.201721
795.200684
798.574402
802.313721
806.408325
810.847046
815.617676
820.707153
826.101563
831.786072
837.745056
843.962341
850.420715
857.102600
863.989624
871.062866
878.303040
885.690247
893.204224
900.824341
908.529846
916.299500
924.112000
931.946045
939.780029
947.592590
955.362244
963.067688
970.687866
978.201843
985.588989
992.829163
999.902466
1006.789490
1013.471375
1019.929810
1026.146973
1032.106079
1037.790649
1043.185059
1048.274536
1053.045166
1057.483887
1061.578613
1065.317871
1068.691650
1071.690674
1074.306519
1076.532227
1078.361694
1079.789795
1080.812622
1081.427490
1090.351074
1090.137329
1089.496582
1088.430786
1086.942749
1085.036621
1082.717529
1079.991821
1076.866943
1073.351685
1069.455444
1065.188965
1060.564087
1055.593262
1050.290161
1044.669434
1038.746460
1032.537354
1026.059326
1019.329895
1012.367676
1005.191772
997.821777
990.277832
982.580750
974.751587
966.811707
958.783020
950.687439
942.547119
934.384460
926.221802
918.081543
909.985962
901.957214
894.017395
886.188171
878.491089
870.947205
863.577148
856.401245
849.439026
842.709656
836.231567
830.022522
824.099487
818.478760
813.175720
808.204895
803.579956
799.313477
795.417236
791.901917
788.777100
786.051392
783.732300
781.826050
780.338013
779.272217
778.631531
778.417786
778.631470
779.272095
780.337891
781.825928
783.732117
786.051208
788.776855
791.901611
795.416931
799.313110
803.579529
808.204468
813.175293
818.478271
824.098999
830.021973
836.231018
842.709106
849.438477
856.400696
863.576660
870.946716
878.490662
886.187744
894.016968
901.956848
909.985596
918.081238
926.221558
934.384277
942.546936
950.687256
958.782898
966.811646
974.751526
982.580750
990.277893
997.821838
1005.191895
1012.367859
1019.330078
1026.059448
1032.537598
1038.746582
1044.669678
1050.290405
1055.593506
1060.564209
1065.189209
1069.455688
1073.351929
1076.867188
1079.991943
1082.717651
1085.036743
1086.942871
1088.430908
1089.496704
1090.137329
1088.434814
1088.222900
1087.588013
1086.531738
1085.057129
1083.167969
1080.869629
1078.168457
1075.071655
1071.587891
1067.726563
1063.498291
1058.914795
1053.988525
1048.733032
1043.162720
1037.292847
1031.139404
1024.719360
1018.050354
1011.150574
1004.038940
996.735046
989.258789
981.630676
973.871704
966.002991
958.046265
950.023254
941.955933
933.866455
925.776978
917.709717
909.686707
901.729919
893.861267
886.102295
878.474182
870.997925
863.693970
856.582336
849.682556
843.013550
836.593506
830.440125
824.570190
818.999878
813.744385
808.818115
804.234619
800.006409
796.145081
792.661255
789.564453
786.863220
784.564880
782.675781
781.201050
780.144775
779.509888
779.298035
779.509827
780.144714
781.200928
782.675659
784.564697
786.863037
789.564209
792.661011
796.144775
800.006042
804.234192
808.817688
813.743896
818.999390
824.569702
830.439575
836.592957
843.013000
849.682068
856.581848
863.693481
870.997437
878.473755
886.101868
893.860901
901.729553
909.686340
917.709412
925.776733
933.866272
941.955750
950.023071
958.046143
966.002930
973.871643
981.630676
989.258789
996.735107
1004.039063
1011.150696
1018.050476
1024.719604
1031.139648
1037.292969
1043.162964
1048.733276
1053.988770
1058.915039
1063.498535
1067.726807
1071.588013
1075.071777
1078.168579
1080.869873
1083.168091
1085.057251
1086.531860
1087.588135
1088.223022
1052.348389
1052.165283
1051.616333
1050.703125
1049.428101
1047.794800
1045.807739
1043.472290
1040.794800
1037.782837
1034.444336
1030.788818
1026.825928
1022.566772
1018.022949
1013.206909
1008.131897
1002.811768
997.261108
991.495178
985.529724
979.381165
973.066284
966.602478
960.007324
953.299011
946.495911
939.616638
932.680054
925.705200
918.711182
911.717163
904.742310
897.805725
890.926453
884.123352
877.415039
870.819946
864.356079
858.041199
851.892639
845.927185
840.161255
834.610596
829.290466
824.215454
819.399414
814.855591
810.596436
806.633606
802.977966
799.639526
796.627502
793.950073
791.614624
789.627502
787.994202
786.719177
785.805969
785.257019
785.073853
785.256958
785.805908
786.719116
787.994080
789.627319
791.614441
793.949829
796.627258
799.639282
802.977661
806.633240
810.596069
814.855225
819.398987
824.215027
829.290039
834.610107
840.160767
845.926697
851.892151
858.040771
864.355652
870.819519
877.414673
884.122986
890.926147
897.805420
904.742065
911.716919
918.710999
925.705078
932.679932
939.616516
946.495850
953.299011
960.007324
966.602478
973.066345
979.381226
985.529846
991.495300
997.261292
1002.811890
1008.132080
1013.207092
1018.023132
1022.566956
1026.826172
1030.788940
1034.444580
1037.782959
1040.795044
1043.472412
1045.807861
1047.794922
1049.428223
1050.703125
1051.616333
1052.165283
1054.791504
1054.606812
1054.053101
1053.131836
1051.845703
1050.198120
1048.193604
1045.837646
1043.136719
1040.098267
1036.730591
1033.042969
1029.045410
1024.748901
1020.165283
1015.307007
1010.187500
1004.820740
999.221436
993.404968
987.387207
981.184753
974.814514
968.294006
961.641113
954.874023
948.011230
941.071655
934.074341
927.038330
919.982971
912.927673
905.891663
898.894287
891.954712
885.091980
878.324829
871.671936
865.151428
858.781189
852.578735
846.560974
840.744507
835.145203
829.778442
824.658936
819.800659
815.217041
810.920532
806.922974
803.235291
799.867615
796.829163
794.128296
791.772339
789.767822
788.120239
786.833984
785.912781
785.359009
785.174255
785.359009
785.912720
786.833923
788.120117
789.767700
791.772156
794.128052
796.828918
799.867371
803.234985
806.922668
810.920166
815.216675
819.800293
824.658508
829.778015
835.144714
840.744019
846.560547
852.578247
858.780762
865.151001
871.671509
878.324463
885.091614
891.954407
898.893982
905.891418
912.927429
919.982788
927.038147
934.074158
941.071594
948.011169
954.873962
961.641113
968.294067
974.814575
981.184814
987.387329
993.405090
999.221558
1004.820923
1010.187683
1015.307190
1020.165405
1024.749146
1029.045532
1033.043091
1036.730835
1040.098511
1043.136963
1045.837769
1048.193726
1050.198242
1051.845825
1053.131958
1054.053101
1054.606812
1083.942871
1083.744141
1083.148560
1082.157715
1080.774170
1079.001953
1076.845825
1074.311646
1071.406494
1068.138184
1064.515747
1060.549072
1056.249146
1051.627686
1046.697266
1041.471558
1035.964722
1030.192017
1024.169067
1017.912598
1011.439697
1004.768005
997.915894
990.902161
983.745972
976.466919
969.085022
961.620544
954.093811
946.525574
938.936523
931.347473
923.779236
916.252563
908.788025
901.406128
894.127136
886.970947
879.957153
873.105042
866.433350
859.960449
853.703979
847.681091
841.908325
836.401550
831.175781
826.245422
821.623901
817.323975
813.357300
809.734863
806.466553
803.561401
801.027222
798.871033
797.098816
795.715332
794.724365
794.128784
793.929993
794.128723
794.724365
795.715210
797.098694
798.870911
801.026978
803.561157
806.466309
809.734619
813.356995
817.323608
821.623535
826.244995
831.175354
836.401062
841.907837
847.680542
853.703430
859.959961
866.432861
873.104553
879.956726
886.970520
894.126709
901.405762
908.787720
916.252258
923.778992
931.347229
938.936340
946.525391
954.093689
961.620422
969.084961
976.466919
983.745972
990.902161
997.915955
1004.768127
1011.439819
1017.912781
1024.169312
1030.192139
1035.964844
1041.471680
1046.697510
1051.627808
1056.249390
1060.549316
1064.515869
1068.138306
1071.406616
1074.311768
1076.845947
1079.002075
1080.774292
1082.157715
1083.148682
1083.744263
1085.563599
1085.358398
1084.743286
1083.719849
1082.291138
1080.460815
1078.234131
1075.616943
1072.616577
1069.241211
1065.500122
1061.403564
1056.962891
1052.189941
1047.098145
1041.701172
1036.014038
1030.052246
1023.832092
1017.370728
1010.685791
1003.795593
996.719055
989.475586
982.085022
974.567566
966.943909
959.234924
951.461731
943.645630
935.807983
927.970398
920.154297
912.381104
904.672058
897.048401
889.531006
882.140381
874.896912
867.820374
860.930237
854.245239
847.783875
841.563782
835.601929
829.914795
824.517883
819.426025
814.653137
810.212341
806.115784
802.374756
798.999390
795.999023
793.381836
791.155090
789.324829
787.895996
786.872620
786.257446
786.052246
786.257446
786.872559
787.895874
789.324646
791.154907
793.381653
795.998779
798.999146
802.374390
806.115479
810.211975
814.652771
819.425598
824.517456
829.914307
835.601440
841.563232
847.783325
854.244751
860.929688
867.819946
874.896484
882.139954
889.530579
897.048035
904.671692
912.380737
920.153992
927.970154
935.807800
943.645447
951.461548
959.234802
966.943848
974.567566
982.085022
989.475586
996.719116
1003.795654
1010.685913
1017.370850
1023.832275
1030.052368
1036.014160
1041.701416
1047.098267
1052.190186
1056.963013
1061.403809
1065.500366
1069.241455
1072.616699
1075.617065
1078.234253
1080.460938
1082.291260
1083.719971
1084.743286
1085.358398
1116.238281
1116.013184
1115.338745
1114.216797
1112.650146
1110.643433
1108.201904
1105.332397
1102.042725
1098.341919
1094.240234
1089.748657
1084.879639
1079.646484
1074.063721
1068.146362
1061.910767
1055.374146
1048.554199
1041.469849
1034.140259
1026.585693
1018.826782
1010.884888
1002.781616
994.539368
986.180542
977.728210
969.205444
960.635681
952.042297
943.448975
934.879211
926.356445
917.904114
909.545288
901.303040
893.199768
885.257813
877.498962
869.944397
862.614807
855.530396
848.710510
842.173828
835.938293
830.020996
824.438110
819.205017
814.335999
809.844421
805.742676
802.041809
798.752136
795.882629
793.441162
791.434326
789.867798
788.745728
788.071289
787.846191
788.071228
788.745667
789.867676
791.434204
793.440918
795.882385
798.751892
802.041504
805.742310
809.844055
814.335571
819.204590
824.437622
830.020447
835.937744
842.173279
848.709900
855.529846
862.614258
869.943848
877.498413
885.257324
893.199280
901.302551
909.544861
917.903687
926.356079
934.878845
943.448669
952.042053
960.635498
969.205322
977.728088
986.180481
994.539307
1002.781616
1010.884888
1018.826843
1026.585815
1034.140381
1041.469971
1048.554443
1055.374268
1061.911011
1068.146606
1074.063843
1079.646729
1084.879883
1089.748779
1094.240356
1098.342163
1102.042969
1105.332642
1108.202148
1110.643555
1112.650269
1114.216797
1115.338867
1116.013306
1187.286377
1187.020386
1186.223267
1184.897095
1183.045532
1180.673706
1177.788086
1174.396484
1170.508301
1166.134277
1161.286133
1155.977539
1150.222656
1144.037598
1137.438965
1130.445190
1123.075195
1115.349365
1107.288696
1098.915405
1090.252319
1081.323364
1072.152954
1062.766113
1053.188721
1043.446899
1033.567383
1023.577332
1013.504028
1003.375183
993.218445
983.061707
972.932800
962.859497
952.869446
942.989990
933.248169
923.670715
914.283936
905.113464
896.184448
887.521484
879.148193
871.087524
863.361633
855.991699
848.997803
842.399292
836.214111
830.459351
825.150635
820.302551
815.928467
812.040283
808.648743
805.763062
803.391174
801.539612
800.213440
799.416260
799.150269
799.416199
800.213318
801.539490
803.390991
805.762817
808.648438
812.039978
815.928101
820.302185
825.150146
830.458862
836.213623
842.398743
848.997253
855.991028
863.360962
871.086853
879.147461
887.520813
896.183838
905.112793
914.283325
923.670166
933.247620
942.989441
952.868958
962.859131
972.932434
983.061340
993.218140
1003.374939
1013.503845
1023.577209
1033.567261
1043.446777
1053.188721
1062.766113
1072.152954
1081.323486
1090.252563
1098.915527
1107.288818
1115.349487
1123.075439
1130.445435
1137.439209
1144.037842
1150.222900
1155.977783
1161.286499
1166.134521
1170.508545
1174.396729
1177.788208
1180.673828
1183.045654
1184.897217
1186.223389
1187.020508
1143.912598
1143.676270
1142.967896
1141.789551
1140.144287
1138.036865
1135.472778
1132.459229
1129.004395
1125.117798
1120.810059
1116.093018
1110.979614
1105.483765
1099.620728
1093.406372
1086.857788
1079.992920
1072.830688
1065.390503
1057.692993
1049.759277
1041.610840
1033.270142
1024.760132
1016.104126
1007.325684
998.449036
989.498413
980.498413
971.473694
962.448914
953.448914
944.498291
935.621643
926.843201
918.187134
909.677124
901.336487
893.188110
885.254272
877.556763
870.116699
862.954407
856.089539
849.541016
843.326599
837.463501
831.967651
826.854248
822.137207
817.829468
813.942871
810.488037
807.474487
804.910400
802.802856
801.157654
799.979248
799.270935
799.034607
799.270935
799.979187
801.157532
802.802734
804.910217
807.474243
810.487793
813.942566
817.829102
822.136841
826.853821
831.967224
837.463013
843.326111
849.540405
856.088989
862.953796
870.116089
877.556152
885.253662
893.187500
901.335938
909.676636
918.186646
926.842773
935.621216
944.497925
953.448547
962.448608
971.473389
980.498169
989.498230
998.448914
1007.325623
1016.104065
1024.760132
1033.270264
1041.610840
1049.759277
1057.693237
1065.390747
1072.830811
1079.993164
1086.857910
1093.406494
1099.620972
1105.484009
1110.979858
1116.093262
1120.810303
1125.118042
1129.004639
1132.459473
1135.472900
1138.036987
1140.144531
1141.789673
1142.968018
1143.676270
1117.016357
1116.798828
1116.146484
1115.061157
1113.546021
1111.604980
1109.243652
1106.468262
1103.286377
1099.707031
1095.739624
1091.395386
1086.686035
1081.624512
1076.224731
1070.501465
1064.470459
1058.148071
1051.551880
1044.699707
1037.610474
1030.303711
1022.799194
1015.117676
1007.280151
999.308167
991.223450
983.048279
974.804993
966.516235
958.204651
949.893127
941.604309
933.361084
925.185852
917.101196
909.129150
901.291687
893.610168
886.105713
878.798828
871.709595
864.857483
858.261230
851.938904
845.907837
840.184570
834.784790
829.723267
825.013916
820.669678
816.702332
813.122864
809.941101
807.165649
804.804199
802.863281
801.348022
800.262817
799.610413
799.392761
799.610413
800.262695
801.347900
802.863098
804.804077
807.165405
809.940796
813.122559
816.702026
820.669312
825.013550
829.722839
834.784302
840.184082
845.907288
851.938354
858.260681
864.856934
871.709106
878.798279
886.105164
893.609680
901.291199
909.128723
917.100769
925.185486
933.360718
941.604004
949.892822
958.204468
966.516052
974.804871
983.048157
991.223389
999.308105
1007.280151
1015.117676
1022.799255
1030.303711
1037.610596
1044.699829
1051.552002
1058.148315
1064.470581
1070.501709
1076.224976
1081.624756
1086.686279
1091.395630
1095.739868
1099.707153
1103.286621
1106.468384
1109.243774
1111.605225
1113.546143
1115.061279
1116.146484
1116.798828
1082.799316
1082.607666
1082.033081
1081.077271
1079.742676
1078.033203
1075.953247
1073.508789
1070.706299
1067.553711
1064.059448
1060.233154
1056.085205
1051.627197
1046.871338
1041.830444
1036.518433
1030.949951
1025.140137
1019.104980
1012.860962
1006.425354
999.815674
993.049988
986.146973
979.125427
972.004700
964.804260
957.543823
950.243286
942.922729
935.602173
928.301697
921.041260
913.840759
906.720032
899.698547
892.795471
886.029846
879.420105
872.984497
866.740540
860.705383
854.895569
849.327026
844.015076
838.974182
834.218201
829.760193
825.612366
821.786011
818.291748
815.139099
812.336670
809.892151
807.812256
806.102722
804.768188
803.812317
803.237732
803.046021
803.237671
803.812256
804.768066
806.102539
807.812134
809.891968
812.336426
815.138794
818.291504
821.785706
825.612000
829.759827
834.217834
838.973755
844.014648
849.326599
854.895081
860.704895
866.740051
872.984009
879.419678
886.029419
892.795044
899.698120
906.719666
913.840454
921.040955
928.301392
935.601929
942.922546
950.243164
957.543701
964.804138
972.004639
979.125427
986.146973
993.050049
999.815674
1006.425415
1012.861084
1019.105103
1025.140259
1030.950073
1036.518555
1041.830566
1046.871460
1051.627441
1056.085449
1060.233276
1064.059570
1067.553833
1070.706543
1073.508911
1075.953369
1078.033325
1079.742798
1081.077271
1082.033081
1082.607666
1060.146484
1059.967529
1059.431396
1058.539307
1057.293823
1055.698364
1053.757202
1051.475830
1048.860352
1045.918091
1042.656982
1039.085938
1035.214844
1031.054321
1026.615601
1021.911133
1016.953552
1011.756592
1006.334412
1000.701965
994.874573
988.868347
982.699646
976.385437
969.942993
963.389954
956.744324
950.024292
943.248291
936.434937
929.602783
922.770691
915.957275
909.181274
902.461243
895.815613
889.262573
882.820129
876.505920
870.337219
864.330994
858.503601
852.871155
847.448975
842.252014
837.294495
832.589905
828.151306
823.990723
820.119629
816.548645
813.287476
810.345154
807.729736
805.448303
803.507202
801.911743
800.666199
799.774109
799.237915
799.058960
799.237854
799.774048
800.666138
801.911621
803.507080
805.448120
807.729492
810.344910
813.287231
816.548340
820.119324
823.990356
828.150879
832.589539
837.294067
842.251587
847.448547
852.870728
858.503174
864.330505
870.336792
876.505493
882.819763
889.262207
895.815308
902.460938
909.180969
915.957031
922.770447
929.602600
936.434753
943.248169
950.024231
956.744263
963.389954
969.942993
976.385437
982.699707
988.868408
994.874695
1000.702087
1006.334534
1011.756714
1016.953674
1021.911255
1026.615845
1031.054443
1035.215088
1039.086060
1042.657104
1045.918213
1048.860596
1051.475952
1053.757324
1055.698486
1057.293945
1058.539307
1059.431396
1059.967651
1023.535583
1023.380310
1022.914795
1022.140381
1021.059143
1019.674072
1017.989014
1016.008484
1013.737976
1011.183716
1008.352661
1005.252625
1001.892090
998.280273
994.427002
990.342896
986.039185
981.527649
976.820618
971.930969
966.872192
961.658081
956.302917
950.821472
945.228699
939.539917
933.770752
927.937012
922.054688
916.139893
910.208801
904.277710
898.362915
892.480591
886.646851
880.877686
875.188904
869.596130
864.114685
858.759521
853.545410
848.486633
843.596985
838.889954
834.378357
830.074646
825.990601
822.137329
818.525513
815.164917
812.064880
809.233887
806.679565
804.409058
802.428589
800.743469
799.358398
798.277161
797.502747
797.037231
796.881897
797.037170
797.502686
798.277100
799.358276
800.743347
802.428406
804.408875
806.679382
809.233643
812.064636
815.164673
818.525208
822.137024
825.990234
830.074280
834.377991
838.889526
843.596619
848.486206
853.545044
858.759155
864.114319
869.595825
875.188599
880.877380
886.646606
892.480347
898.362732
904.277527
910.208618
916.139709
922.054565
927.936951
933.770691
939.539917
945.228699
950.821472
956.302979
961.658142
966.872253
971.931091
976.820679
981.527771
986.039307
990.343079
994.427124
998.280396
1001.892273
1005.252808
1008.352844
1011.183838
1013.738098
1016.008606
1017.989136
1019.674194
1021.059204
1022.140442
1022.914856
1023.380310
1061.343628
1061.165161
1060.630127
1059.740112
1058.497437
1056.905640
1054.968994
1052.692871
1050.083374
1047.147827
1043.894165
1040.331421
1036.469238
1032.318237
1027.889771
1023.195984
1018.249817
1013.064819
1007.655090
1002.035522
996.221558
990.229126
984.074585
977.774841
971.347229
964.809204
958.178833
951.474243
944.713806
937.916077
931.099609
924.283203
917.485413
910.724976
904.020386
897.390015
890.852051
884.424377
878.124634
871.970093
865.977661
860.163696
854.544128
849.134460
843.949402
839.003235
834.309448
829.881042
825.729980
821.867798
818.304993
815.051331
812.115784
809.506348
807.230164
805.293518
803.701660
802.459045
801.568970
801.033997
800.855469
801.033936
801.568970
802.458984
803.701538
805.293335
807.229980
809.506104
812.115540
815.051086
818.304688
821.867493
825.729675
829.880615
834.309082
839.002808
843.948975
849.133972
854.543701
860.163208
865.977173
871.969666
878.124207
884.423950
890.851685
897.389648
904.020081
910.724670
917.485168
924.282959
931.099426
937.915894
944.713684
951.474182
958.178772
964.809204
971.347168
977.774902
984.074646
990.229187
996.221680
1002.035645
1007.655212
1013.064941
1018.250000
1023.196167
1027.889893
1032.318359
1036.469360
1040.331543
1043.894409
1047.148071
1050.083618
1052.692993
1054.969116
1056.905762
1058.497559
1059.740234
1060.630127
1061.165161
1039.863892
1039.697998
1039.200806
1038.373535
1037.218628
1035.739136
1033.939087
1031.823486
1029.398193
1026.669800
1023.645752
1020.334351
1016.744629
1012.886536
1008.770569
1004.408020
999.810852
994.991638
989.963623
984.740601
979.336914
973.767273
968.046997
962.191772
956.217651
950.140991
943.978455
937.746948
931.463501
925.145386
918.809937
912.474487
906.156372
899.872925
893.641418
887.478882
881.402222
875.428101
869.572876
863.852600
858.282959
852.879272
847.656250
842.628235
837.809021
833.211853
828.849304
824.733337
820.875244
817.285522
813.974121
810.950073
808.221619
805.796265
803.680725
801.880737
800.401245
799.246277
798.419006
797.921753
797.755859
797.921753
798.418945
799.246155
800.401123
801.880615
803.680542
805.796082
808.221375
810.949768
813.973816
817.285217
820.874878
824.732971
828.848938
833.211487
837.808594
842.627808
847.655823
852.878845
858.282593
863.852234
869.572510
875.427734
881.401917
887.478577
893.641113
899.872681
906.156128
912.474243
918.809753
925.145264
931.463379
937.746826
943.978394
950.140991
956.217651
962.191772
968.047058
973.767334
979.336975
984.740723
989.963745
994.991760
999.810974
1004.408142
1008.770691
1012.886719
1016.744812
1020.334473
1023.645874
1026.669922
1029.398438
1031.823730
1033.939209
1035.739258
1037.218628
1038.373657
1039.200806
1039.697998
1055.871216
1055.699707
1055.185547
1054.330200
1053.135986
1051.606079
1049.744873
1047.557251
1045.049438
1042.228149
1039.101196
1035.677124
1031.965332
1027.975830
1023.719849
1019.208862
1014.455200
1009.472046
1004.272949
998.872192
993.284546
987.525391
981.610474
975.556030
969.378601
963.095154
956.722900
950.279358
943.782104
937.249023
930.697937
924.146912
917.613770
911.116516
904.672974
898.300720
892.017273
885.839844
879.785400
873.870483
868.111328
862.523682
857.122925
851.923828
846.940674
842.187073
837.676025
833.419983
829.430603
825.718750
822.294678
819.167664
816.346375
813.838501
811.651001
809.789734
808.259888
807.065613
806.210205
805.696045
805.524475
805.696045
806.210144
807.065552
808.259766
809.789551
811.650818
813.838318
816.346130
819.167419
822.294373
825.718445
829.430237
833.419617
837.675659
842.186646
846.940247
851.923401
857.122498
862.523254
868.110901
873.870056
879.784973
885.839478
892.016907
898.300415
904.672668
911.116272
917.613525
924.146667
930.697754
937.248840
943.781982
950.279236
956.722839
963.095154
969.378601
975.556030
981.610535
987.525513
993.284668
998.872314
1004.273071
1009.472168
1014.455383
1019.208984
1023.719971
1027.976074
1031.965454
1035.677246
1039.101440
1042.228394
1045.049561
1047.557495
1049.744995
1051.606201
1053.135986
1054.330200
1055.185547
1055.699707
1046.286255
1046.116821
1045.609131
1044.764648
1043.585449
1042.074951
1040.237183
1038.077271
1035.601196
1032.815552
1029.728027
1026.347168
1022.682251
1018.743286
1014.541016
1010.086975
1005.393433
1000.473206
995.339783
990.007263
984.490234
978.803833
972.963623
966.985657
960.886292
954.682190
948.390503
942.028320
935.613159
929.162598
922.694275
916.225952
909.775391
903.360229
896.998108
890.706360
884.502258
878.402893
872.424927
866.584717
860.898315
855.381287
850.048767
844.915344
839.995117
835.301575
830.847534
826.645264
822.706299
819.041321
815.660461
812.572998
809.787354
807.311218
805.151306
803.313538
801.803040
800.623840
799.779297
799.271606
799.102173
799.271545
799.779175
800.623779
801.802917
803.313416
805.151123
807.310974
809.787109
812.572754
815.660217
819.041016
822.705933
826.644958
830.847168
835.301147
839.994690
844.914917
850.048340
855.380859
860.897888
866.584351
872.424561
878.402527
884.501953
890.705994
896.997803
903.359985
909.775146
916.225769
922.694092
929.162415
935.613037
942.028198
948.390442
954.682190
960.886292
966.985657
972.963684
978.803894
984.490295
990.007385
995.339905
1000.473328
1005.393555
1010.087158
1014.541138
1018.743408
1022.682434
1026.347412
1029.728271
1032.815674
1035.601318
1038.077393
1040.237305
1042.075073
1043.585571
1044.764648
1045.609253
1046.116943
1012.326111
1012.177795
1011.733154
1010.993408
1009.960693
1008.637695
1007.028198
1005.136414
1002.967712
1000.527954
997.823853
994.862793
991.652893
988.202942
984.522461
980.621460
976.510620
972.201294
967.705261
963.034851
958.202820
953.222473
948.107422
942.871643
937.529602
932.095825
926.585327
921.013062
915.394409
909.744751
904.079590
898.414429
892.764771
887.146118
881.573853
876.063354
870.629578
865.287537
860.051758
854.936707
849.956360
845.124329
840.453857
835.957825
831.648499
827.537720
823.636719
819.956238
816.506287
813.296387
810.335327
807.631165
805.191406
803.022705
801.130981
799.521362
798.198425
797.165649
796.425903
795.981262
795.832947
795.981262
796.425903
797.165588
798.198303
799.521240
801.130798
803.022522
805.191223
807.630981
810.335083
813.296143
816.505981
819.955933
823.636414
827.537354
831.648132
835.957458
840.453491
845.123962
849.955994
854.936340
860.051453
865.287170
870.629272
876.063049
881.573608
887.145874
892.764526
898.414246
904.079407
909.744629
915.394287
921.013000
926.585266
932.095825
937.529602
942.871704
948.107422
953.222534
958.202942
963.034973
967.705383
972.201416
976.510742
980.621582
984.522583
988.203064
991.653015
994.862915
997.823975
1000.528076
1002.967834
1005.136597
1007.028259
1008.637817
1009.960754
1010.993530
1011.733215
1012.177795
978.047119
977.916504
977.525024
976.873657
975.964355
974.799500
973.382263
971.716614
969.807068
967.658875
965.277893
962.670715
959.844421
956.806763
953.566101
950.131287
946.511780
942.717407
938.758728
934.646423
930.391846
926.006653
921.502869
916.892822
912.189148
907.404785
902.552795
897.646484
892.699280
887.724792
882.736633
877.748474
872.773987
867.826782
862.920471
858.068481
853.284058
848.580444
843.970398
839.466553
835.081421
830.826843
826.714539
822.755798
818.961487
815.341919
811.907104
808.666443
805.628784
802.802490
800.195313
797.814331
795.666138
793.756592
792.090942
790.673706
789.508850
788.599487
787.948181
787.556641
787.426025
787.556641
787.948120
788.599426
789.508728
790.673584
792.090820
793.756409
795.665955
797.814148
800.195068
802.802246
805.628540
808.666199
811.906860
815.341614
818.961121
822.755493
826.714233
830.826477
835.081055
839.466248
843.970093
848.580139
853.283813
858.068237
862.920227
867.826599
872.773804
877.748291
882.736511
887.724670
892.699158
897.646362
902.552734
907.404724
912.189148
916.892822
921.502930
926.006714
930.391907
934.646484
938.758789
942.717529
946.511902
950.131409
953.566223
956.806885
959.844543
962.670837
965.278076
967.658997
969.807190
971.716736
973.382385
974.799561
975.964417
976.873718
977.525024
977.916504
992.095337
991.959534
991.552612
990.875610
989.930420
988.719543
987.246460
985.515076
983.530212
981.297241
978.822327
976.112244
973.174438
970.016968
966.648438
963.078125
959.315796
955.371765
951.256836
946.982300
942.559875
938.001648
933.320190
928.528259
923.639038
918.665894
913.622437
908.522583
903.380188
898.209412
893.024475
887.839478
882.668762
877.526367
872.426514
867.383057
862.409912
857.520691
852.728760
848.047241
843.489075
839.066650
834.792114
830.677185
826.733154
822.970825
819.400452
816.031982
812.874451
809.936646
807.226563
804.751648
802.518677
800.533813
798.802429
797.329346
796.118469
795.173279
794.496216
794.089294
793.953491
794.089294
794.496216
795.173218
796.118408
797.329224
798.802307
800.533630
802.518555
804.751465
807.226318
809.936401
812.874207
816.031677
819.400146
822.970459
826.732788
830.676819
834.791748
839.066284
843.488708
848.046936
852.728455
857.520386
862.409607
867.382813
872.426270
877.526184
882.668579
887.839355
893.024292
898.209290
903.380066
908.522461
913.622375
918.665833
923.639038
928.528259
933.320251
938.001709
942.559937
946.982361
951.256958
955.371887
959.315918
963.078247
966.648560
970.017090
973.174622
976.112427
978.822449
981.297363
983.530334
985.515198
987.246582
988.719666
989.930481
990.875671
991.552612
991.959595
1020.989868
1020.836243
1020.375793
1019.609802
1018.540344
1017.170410
1015.503662
1013.544678
1011.298950
1008.772461
1005.972290
1002.906006
999.582092
996.009583
992.198303
988.158691
983.901855
979.439392
974.783630
969.947266
964.943542
959.786255
954.489441
949.067688
943.535828
937.908997
932.202637
926.432434
920.614197
914.763794
908.897339
903.030884
897.180481
891.362244
885.591980
879.885681
874.258850
868.726990
863.305237
858.008423
852.851074
847.847412
843.011047
838.355225
833.892822
829.635986
825.596375
821.785095
818.212585
814.888672
811.822388
809.022156
806.495728
804.249939
802.290955
800.624207
799.254272
798.184814
797.418823
796.958374
796.804688
796.958313
797.418762
798.184692
799.254150
800.624084
802.290833
804.249756
806.495483
809.021912
811.822083
814.888367
818.212280
821.784790
825.596008
829.635620
833.892456
838.354858
843.010620
847.847046
852.850708
858.008057
863.304871
868.726685
874.258545
879.885376
885.591736
891.362000
897.180298
903.030701
908.897156
914.763672
920.614075
926.432373
932.202637
937.908936
943.535828
949.067688
954.489502
959.786316
964.943665
969.947388
974.783752
979.439514
983.901978
988.158813
992.198425
996.009705
999.582214
1002.906189
1005.972412
1008.772644
1011.299072
1013.544861
1015.503784
1017.170471
1018.540466
1019.609863
1020.375854
1020.836243
888.422485
888.363586
888.187012
887.893250
887.483154
886.957825
886.318665
885.567444
884.706238
883.737427
882.663635
881.487793
880.213135
878.843201
877.381653
875.832581
874.200195
872.488953
870.703613
868.848938
866.930176
864.952454
862.921265
860.842163
858.720825
856.563110
854.374878
852.162170
849.931030
847.687500
845.437866
843.188232
840.944763
838.713623
836.500916
834.312683
832.154907
830.033569
827.954468
825.923279
823.945618
822.026794
820.172180
818.386841
816.675598
815.043213
813.494141
812.032593
810.662598
809.388000
808.212158
807.138306
806.169495
805.308289
804.557068
803.917969
803.392578
802.982483
802.688721
802.512146
802.453247
802.512146
802.688721
802.982422
803.392578
803.917908
804.557007
805.308228
806.169434
807.138245
808.212036
809.387878
810.662476
812.032471
813.493958
815.043030
816.675415
818.386658
820.172058
822.026672
823.945435
825.923157
827.954346
830.033447
832.154785
834.312561
836.500793
838.713501
840.944702
843.188171
845.437805
847.687500
849.930969
852.162109
854.374878
856.563110
858.720825
860.842163
862.921326
864.952515
866.930176
868.848999
870.703613
872.489014
874.200256
875.832642
877.381714
878.843262
880.213196
881.487854
882.663696
883.737488
884.706299
885.567505
886.318726
886.957886
887.483215
887.893311
888.187012
888.363586
933.121948
933.058350
932.867920
932.551025
932.108643
931.541870
930.852356
930.041992
929.112976
928.067810
926.909424
925.640991
924.265930
922.788025
921.211365
919.540283
917.779297
915.933289
914.007263
912.006531
909.936584
907.803101
905.611938
903.369019
901.080627
898.752930
896.392273
894.005249
891.598328
889.178162
886.751282
884.324463
881.904236
879.497375
877.110291
874.749695
872.421997
870.133545
867.890686
865.699524
863.565979
861.496094
859.495361
857.569336
855.723328
853.962341
852.291199
850.714600
849.236694
847.861633
846.593140
845.434753
844.389648
843.460571
842.650208
841.960693
841.393982
840.951538
840.634644
840.444214
840.380615
840.444214
840.634644
840.951538
841.393921
841.960632
842.650146
843.460510
844.389526
845.434692
846.593079
847.861511
849.236572
850.714417
852.291077
853.962158
855.723145
857.569153
859.495178
861.495911
863.565857
865.699341
867.890564
870.133423
872.421875
874.749573
877.110229
879.497253
881.904175
884.324402
886.751221
889.178101
891.598328
894.005249
896.392273
898.752869
901.080627
903.369019
905.611938
907.803162
909.936646
912.006592
914.007324
915.933350
917.779358
919.540344
921.211426
922.788086
924.265991
925.641052
926.909485
928.067871
929.113037
930.042053
930.852417
931.541931
932.108643
932.551025
932.867920
933.058411
