-300 63.857704 1097.121948
-300 67.694427 1097.021484
-300 71.520630 1096.720459
-300 75.325836 1096.219482
-300 79.099609 1095.520020
-300 82.831596 1094.624023
-300 86.511581 1093.533936
-300 90.129478 1092.252808
-300 93.675362 1090.784058
-300 97.139519 1089.131714
-300 100.512451 1087.300415
-300 103.784912 1085.295044
-300 106.947945 1083.121094
-300 109.992859 1080.784668
-300 112.911331 1078.292114
-300 115.695343 1075.650146
-300 118.337280 1072.866089
-300 120.829880 1069.947632
-300 123.166336 1066.902710
-300 125.340225 1063.739746
-300 127.345596 1060.467285
-300 129.176941 1057.094360
-300 130.829254 1053.630127
-300 132.298004 1050.084229
-300 133.579163 1046.466431
-300 134.669235 1042.786377
-300 135.565201 1039.054443
-300 136.264633 1035.280640
-300 136.765594 1031.475464
-300 137.066727 1027.649292
-300 137.167206 1023.812561
-300 137.066742 1019.975830
-300 136.765610 1016.149597
-300 136.264648 1012.344421
-300 135.565216 1008.570679
-300 134.669250 1004.838684
-300 133.579193 1001.158691
-300 132.298035 997.540771
-300 130.829285 993.994934
-300 129.176971 990.530762
-300 127.345627 987.157837
-300 125.340271 983.885376
-300 123.166382 980.722351
-300 120.829941 977.677429
-300 118.337341 974.758972
-300 115.695419 971.974915
-300 112.911407 969.333008
-300 109.992950 966.840393
-300 106.948044 964.503967
-300 103.785019 962.330078
-300 100.512558 960.324707
-300 97.139633 958.493347
-300 93.675484 956.841003
-300 90.129608 955.372253
-300 86.511719 954.091064
-300 82.831741 953.000977
-300 79.099754 952.105042
-300 75.325989 951.405579
-300 71.520790 950.904602
-300 67.694588 950.603516
-300 63.857872 950.502991
-300 60.021152 950.603455
-300 56.194950 950.904602
-300 52.389751 951.405518
-300 48.615986 952.104980
-300 44.883995 953.000916
-300 41.204010 954.090942
-300 37.586117 955.372131
-300 34.040230 956.840881
-300 30.576077 958.493164
-300 27.203140 960.324524
-300 23.930676 962.329895
-300 20.767643 964.503723
-300 17.722721 966.840210
-300 14.804249 969.332764
-300 12.020226 971.974670
-300 9.378292 974.758667
-300 6.885677 977.677124
-300 4.549213 980.722046
-300 2.375305 983.885132
-300 0.369923 987.157593
-300 -1.461449 990.530518
-300 -3.113777 993.994690
-300 -4.582542 997.540588
-300 -5.863724 1001.158508
-300 -6.953796 1004.838501
-300 -7.849777 1008.570496
-300 -8.549210 1012.344238
-300 -9.050179 1016.149475
-300 -9.351318 1019.975708
-300 -9.451790 1023.812439
-300 -9.351326 1027.649170
-300 -9.050201 1031.475342
-300 -8.549232 1035.280640
-300 -7.849800 1039.054443
-300 -6.953827 1042.786377
-300 -5.863762 1046.466431
-300 -4.582596 1050.084351
-300 -3.113838 1053.630249
-300 -1.461510 1057.094360
-300 0.369850 1060.467285
-300 2.375229 1063.739746
-300 4.549129 1066.902832
-300 6.885590 1069.947754
-300 9.378212 1072.866211
-300 12.020157 1075.650269
-300 14.804180 1078.292114
-300 17.722668 1080.784790
-300 20.767601 1083.121216
-300 23.930645 1085.295166
-300 27.203125 1087.300537
-300 30.576077 1089.131836
-300 34.040253 1090.784180
-300 37.586151 1092.252930
-300 41.204060 1093.534058
-300 44.884064 1094.624146
-300 48.616074 1095.520020
-300 52.389858 1096.219482
-300 56.195076 1096.720459
-300 60.021294 1097.021484
-270 68.397987 1066.494385
-270 72.359993 1066.390625
-270 76.311134 1066.079712
-270 80.240593 1065.562378
-270 84.137589 1064.840088
-270 87.991440 1063.914917
-270 91.791595 1062.789307
-270 95.527626 1061.466309
-270 99.189293 1059.949585
-270 102.766571 1058.243286
-270 106.249634 1056.352173
-270 109.628960 1054.281250
-270 112.895271 1052.036377
-270 116.039612 1049.623657
-270 119.053383 1047.049683
-270 121.928299 1044.321411
-270 124.656509 1041.446533
-270 127.230499 1038.432739
-270 129.643250 1035.288452
-270 131.888123 1032.022095
-270 133.958969 1028.642822
-270 135.850128 1025.159668
-270 137.556396 1021.582458
-270 139.073105 1017.920776
-270 140.396103 1014.184753
-270 141.521759 1010.384644
-270 142.446991 1006.530762
-270 143.169250 1002.633789
-270 143.686584 998.704346
-270 143.997528 994.753174
-270 144.101288 990.791199
-270 143.997543 986.829163
-270 143.686584 982.878052
-270 143.169266 978.948608
-270 142.446991 975.051575
-270 141.521774 971.197754
-270 140.396118 967.397583
-270 139.073135 963.661560
-270 137.556427 959.999878
-270 135.850159 956.422607
-270 133.959015 952.939575
-270 131.888168 949.560242
-270 129.643295 946.293945
-270 127.230560 943.149597
-270 124.656570 940.135803
-270 121.928375 937.260925
-270 119.053467 934.532715
-270 116.039703 931.958679
-270 112.895370 929.545959
-270 109.629066 927.301086
-270 106.249756 925.230225
-270 102.766685 923.339050
-270 99.189423 921.632813
-270 95.527756 920.116089
-270 91.791733 918.793091
-270 87.991592 917.667419
-270 84.137741 916.742188
-270 80.240753 916.019897
-270 76.311302 915.502563
-270 72.360161 915.191589
-270 68.398163 915.087830
-270 64.436157 915.191589
-270 60.485020 915.502502
-270 56.555569 916.019836
-270 52.658573 916.742065
-270 48.804722 917.667297
-270 45.004570 918.792969
-270 41.268543 920.115967
-270 37.606873 921.632629
-270 34.029598 923.338928
-270 30.546528 925.230042
-270 27.167202 927.300903
-270 23.900890 929.545776
-270 20.756538 931.958496
-270 17.742767 934.532471
-270 14.867840 937.260620
-270 12.139633 940.135559
-270 9.565628 943.149292
-270 7.152870 946.293640
-270 4.907974 949.559998
-270 2.837112 952.939331
-270 0.945946 956.422363
-270 -0.760345 959.999695
-270 -2.277069 963.661316
-270 -3.600082 967.397400
-270 -4.725746 971.197571
-270 -5.650986 975.051392
-270 -6.373260 978.948425
-270 -6.890587 982.877869
-270 -7.201561 986.829041
-270 -7.305313 990.791077
-270 -7.201569 994.753113
-270 -6.890610 998.704224
-270 -6.373283 1002.633728
-270 -5.651016 1006.530701
-270 -4.725784 1010.384583
-270 -3.600128 1014.184753
-270 -2.277122 1017.920776
-270 -0.760406 1021.582458
-270 0.945877 1025.159790
-270 2.837036 1028.642822
-270 4.907898 1032.022217
-270 7.152782 1035.288452
-270 9.565540 1038.432861
-270 12.139553 1041.446655
-270 14.867767 1044.321533
-270 17.742699 1047.049805
-270 20.756485 1049.623779
-270 23.900845 1052.036499
-270 27.167171 1054.281372
-270 30.546513 1056.352173
-270 34.029602 1058.243408
-270 37.606892 1059.949585
-270 41.268578 1061.466309
-270 45.004623 1062.789307
-270 48.804790 1063.915039
-270 52.658661 1064.840210
-270 56.555676 1065.562500
-270 60.485146 1066.079712
-270 64.436310 1066.390747
-240 72.243256 1091.179077
-240 77.848801 1091.032349
-240 83.438972 1090.592407
-240 88.998466 1089.860474
-240 94.512032 1088.838623
-240 99.964561 1087.529541
-240 105.341110 1085.936890
-240 110.626938 1084.065063
-240 115.807556 1081.919189
-240 120.868774 1079.505127
-240 125.796707 1076.829468
-240 130.577850 1073.899658
-240 135.199112 1070.723511
-240 139.647812 1067.309937
-240 143.911758 1063.668091
-240 147.979263 1059.808228
-240 151.839203 1055.740723
-240 155.480957 1051.476807
-240 158.894562 1047.028076
-240 162.070663 1042.406738
-240 165.000549 1037.625610
-240 167.676208 1032.697754
-240 170.090271 1027.636475
-240 172.236145 1022.455872
-240 174.107971 1017.170044
-240 175.700562 1011.793518
-240 177.009598 1006.341003
-240 178.031494 1000.827454
-240 178.763397 995.267944
-240 179.203369 989.677795
-240 179.350159 984.072266
-240 179.203369 978.466736
-240 178.763428 972.876587
-240 178.031494 967.317078
-240 177.009613 961.803528
-240 175.700592 956.351013
-240 174.108002 950.974426
-240 172.236191 945.688599
-240 170.090317 940.507996
-240 167.676239 935.446777
-240 165.000610 930.518860
-240 162.070724 925.737732
-240 158.894623 921.116455
-240 155.481033 916.667786
-240 151.839294 912.403809
-240 147.979370 908.336304
-240 143.911865 904.476379
-240 139.647934 900.834595
-240 135.199249 897.421021
-240 130.578003 894.244873
-240 125.796860 891.315002
-240 120.868942 888.639343
-240 115.807732 886.225281
-240 110.627121 884.079346
-240 105.341309 882.207581
-240 99.964767 880.614929
-240 94.512245 879.305908
-240 88.998688 878.283997
-240 83.439209 877.552063
-240 77.849037 877.112122
-240 72.243500 876.965332
-240 66.637962 877.112061
-240 61.047794 877.552002
-240 55.488308 878.283936
-240 49.974747 879.305786
-240 44.522217 880.614807
-240 39.145676 882.207397
-240 33.859848 884.079224
-240 28.679230 886.225098
-240 23.618011 888.639160
-240 18.690075 891.314758
-240 13.908924 894.244629
-240 9.287666 897.420715
-240 4.838959 900.834290
-240 0.575005 904.476074
-240 -3.492516 908.335938
-240 -7.352448 912.403442
-240 -10.994217 916.667358
-240 -14.407845 921.116089
-240 -17.583977 925.737366
-240 -20.513885 930.518494
-240 -23.189560 935.446472
-240 -25.603661 940.507690
-240 -27.749557 945.688293
-240 -29.621391 950.974121
-240 -31.214012 956.350708
-240 -32.523064 961.803223
-240 -33.544952 967.316833
-240 -34.276878 972.876343
-240 -34.716843 978.466553
-240 -34.863640 984.072083
-240 -34.716858 989.677673
-240 -34.276909 995.267883
-240 -33.544983 1000.827393
-240 -32.523102 1006.340942
-240 -31.214058 1011.793518
-240 -29.621452 1017.170044
-240 -27.749634 1022.455933
-240 -25.603737 1027.636597
-240 -23.189659 1032.697754
-240 -20.513992 1037.625732
-240 -17.584084 1042.406860
-240 -14.407967 1047.028198
-240 -10.994339 1051.476929
-240 -7.352562 1055.740845
-240 -3.492622 1059.808350
-240 0.574905 1063.668335
-240 4.838882 1067.310059
-240 9.287601 1070.723633
-240 13.908882 1073.899780
-240 18.690052 1076.829590
-240 23.618015 1079.505249
-240 28.679253 1081.919312
-240 33.859898 1084.065186
-240 39.145748 1085.937012
-240 44.522316 1087.529663
-240 49.974869 1088.838623
-240 55.488461 1089.860474
-240 61.047974 1090.592407
-240 66.638176 1091.032349
-210 69.259430 1112.402466
-210 75.354134 1112.242920
-210 81.432129 1111.764526
-210 87.476761 1110.968750
-210 93.471458 1109.857788
-210 99.399796 1108.434448
-210 105.245514 1106.702881
-210 110.992599 1104.667725
-210 116.625305 1102.334595
-210 122.128181 1099.709839
-210 127.486145 1096.800781
-210 132.684509 1093.615112
-210 137.709030 1090.161865
-210 142.545944 1086.450439
-210 147.181976 1082.490845
-210 151.604431 1078.294067
-210 155.801193 1073.871582
-210 159.760742 1069.235596
-210 163.472229 1064.398682
-210 166.925491 1059.374146
-210 170.111053 1054.175781
-210 173.020187 1048.817871
-210 175.644928 1043.314941
-210 177.978058 1037.682251
-210 180.013214 1031.935181
-210 181.744781 1026.089478
-210 183.168060 1020.161133
-210 184.279114 1014.166443
-210 185.074905 1008.121826
-210 185.553253 1002.043884
-210 185.712860 995.949158
-210 185.553253 989.854492
-210 185.074921 983.776489
-210 184.279144 977.731873
-210 183.168091 971.737183
-210 181.744827 965.808838
-210 180.013245 959.963135
-210 177.978104 954.216003
-210 175.644974 948.583313
-210 173.020248 943.080444
-210 170.111115 937.722473
-210 166.925568 932.524109
-210 163.472321 927.499634
-210 159.760834 922.662720
-210 155.801300 918.026672
-210 151.604553 913.604187
-210 147.182098 909.407471
-210 142.546082 905.447876
-210 137.709183 901.736389
-210 132.684662 898.283142
-210 127.486313 895.097595
-210 122.128357 892.188416
-210 116.625504 889.563721
-210 110.992813 887.230530
-210 105.245728 885.195374
-210 99.400017 883.463806
-210 93.471695 882.040527
-210 87.477005 880.929443
-210 81.432381 880.133667
-210 75.354393 879.655273
-210 69.259697 879.495667
-210 63.165001 879.655273
-210 57.087013 880.133606
-210 51.042389 880.929382
-210 45.047691 882.040405
-210 39.119358 883.463623
-210 33.273636 885.195190
-210 27.526550 887.230347
-210 21.893852 889.563477
-210 16.390976 892.188171
-210 11.033009 895.097290
-210 5.834641 898.282837
-210 0.810112 901.736084
-210 -4.026802 905.447571
-210 -8.662849 909.407104
-210 -13.085320 913.603821
-210 -17.282074 918.026245
-210 -21.241638 922.662292
-210 -24.953156 927.499207
-210 -28.406448 932.523743
-210 -31.592033 937.722107
-210 -34.501190 943.080078
-210 -37.125954 948.582947
-210 -39.459114 954.215698
-210 -41.494286 959.962769
-210 -43.225883 965.808533
-210 -44.649170 971.736877
-210 -45.760231 977.731567
-210 -46.556030 983.776245
-210 -47.034386 989.854248
-210 -47.193993 995.948975
-210 -47.034401 1002.043701
-210 -46.556061 1008.121704
-210 -45.760269 1014.166382
-210 -44.649208 1020.161072
-210 -43.225937 1026.089478
-210 -41.494354 1031.935181
-210 -39.459198 1037.682251
-210 -37.126038 1043.315063
-210 -34.501297 1048.817871
-210 -31.592140 1054.175903
-210 -28.406563 1059.374268
-210 -24.953285 1064.398804
-210 -21.241776 1069.235718
-210 -17.282204 1073.871826
-210 -13.085426 1078.294189
-210 -8.662956 1082.490967
-210 -4.026886 1086.450562
-210 0.810043 1090.162109
-210 5.834591 1093.615356
-210 11.032986 1096.800903
-210 16.390980 1099.709961
-210 21.893879 1102.334717
-210 27.526604 1104.667847
-210 33.273716 1106.703003
-210 39.119465 1108.434570
-210 45.047829 1109.857788
-210 51.042553 1110.968872
-210 57.087208 1111.764648
-210 63.165226 1112.242920
-180 64.417839 1146.730591
-180 71.775024 1146.537842
-180 79.112038 1145.960449
-180 86.408783 1144.999878
-180 93.645248 1143.658691
-180 100.801605 1141.940552
-180 107.858238 1139.850342
-180 114.795799 1137.393555
-180 121.595284 1134.577148
-180 128.238052 1131.408691
-180 134.705872 1127.896973
-180 140.981064 1124.051514
-180 147.046387 1119.882935
-180 152.885223 1115.402588
-180 158.481598 1110.622803
-180 163.820129 1105.556763
-180 168.886230 1100.218262
-180 173.665985 1094.621826
-180 178.146271 1088.783081
-180 182.314865 1082.717651
-180 186.160309 1076.442505
-180 189.672043 1069.974731
-180 192.840485 1063.331909
-180 195.656921 1056.532471
-180 198.113617 1049.594849
-180 200.203888 1042.538330
-180 201.921967 1035.381958
-180 203.263184 1028.145508
-180 204.223816 1020.848755
-180 204.801270 1013.511719
-180 204.993927 1006.154541
-180 204.801270 998.797363
-180 204.223846 991.460388
-180 203.263214 984.163635
-180 201.922028 976.927185
-180 200.203949 969.770813
-180 198.113678 962.714233
-180 195.656952 955.776672
-180 192.840546 948.977173
-180 189.672119 942.334412
-180 186.160370 935.866577
-180 182.314941 929.591431
-180 178.146378 923.526062
-180 173.666077 917.687256
-180 168.886353 912.090881
-180 163.820282 906.752319
-180 158.481750 901.686218
-180 152.885406 896.906494
-180 147.046570 892.426147
-180 140.981262 888.257568
-180 134.706085 884.412109
-180 128.238266 880.900391
-180 121.595520 877.731934
-180 114.796051 874.915527
-180 107.858498 872.458740
-180 100.801880 870.368469
-180 93.645538 868.650391
-180 86.409081 867.309204
-180 79.112343 866.348511
-180 71.775337 865.771057
-180 64.418159 865.578369
-180 57.060986 865.771057
-180 49.723976 866.348450
-180 42.427238 867.309082
-180 35.190777 868.650269
-180 28.034424 870.368286
-180 20.977795 872.458557
-180 14.040234 874.915283
-180 7.240753 877.731689
-180 0.597988 880.900085
-180 -5.869850 884.411804
-180 -12.145035 888.257202
-180 -18.210365 892.425781
-180 -24.049217 896.906067
-180 -29.645592 901.685791
-180 -34.984146 906.751831
-180 -40.050247 912.090393
-180 -44.830002 917.686707
-180 -49.310341 923.525574
-180 -53.478966 929.590942
-180 -57.324425 935.866089
-180 -60.836197 942.333984
-180 -64.004662 948.976746
-180 -66.821129 955.776245
-180 -69.277870 962.713806
-180 -71.368156 969.770447
-180 -73.086266 976.926819
-180 -74.427483 984.163330
-180 -75.388130 991.460083
-180 -75.965569 998.797119
-180 -76.158241 1006.154358
-180 -75.965599 1013.511536
-180 -75.388161 1020.848572
-180 -74.427528 1028.145386
-180 -73.086327 1035.381836
-180 -71.368233 1042.538208
-180 -69.277946 1049.594849
-180 -66.821220 1056.532471
-180 -64.004768 1063.332031
-180 -60.836327 1069.974731
-180 -57.324554 1076.442627
-180 -53.479103 1082.717773
-180 -49.310501 1088.783203
-180 -44.830170 1094.622070
-180 -40.050392 1100.218384
-180 -34.984283 1105.557007
-180 -29.645721 1110.623047
-180 -24.049316 1115.402832
-180 -18.210449 1119.883057
-180 -12.145088 1124.051636
-180 -5.869881 1127.897095
-180 0.597992 1131.408813
-180 7.240788 1134.577271
-180 14.040295 1137.393677
-180 20.977894 1139.850464
-180 28.034554 1141.940674
-180 35.190941 1143.658691
-180 42.427441 1144.999878
-180 49.724213 1145.960571
-180 57.061256 1146.537964
-150 63.610008 1156.271851
-150 71.422821 1156.067261
-150 79.214226 1155.453979
-150 86.962860 1154.433838
-150 94.647484 1153.009644
-150 102.247032 1151.185181
-150 109.740685 1148.965454
-150 117.107895 1146.356567
-150 124.328468 1143.365723
-150 131.382629 1140.000977
-150 138.251007 1136.271851
-150 144.914810 1132.188232
-150 151.355774 1127.761475
-150 157.556213 1123.003662
-150 163.499161 1117.927979
-150 169.168320 1112.548096
-150 174.548157 1106.878906
-150 179.623917 1100.936035
-150 184.381683 1094.735596
-150 188.808441 1088.294556
-150 192.892029 1081.630859
-150 196.621246 1074.762451
-150 199.985901 1067.708252
-150 202.976746 1060.487671
-150 205.585632 1053.120483
-150 207.805328 1045.626831
-150 209.629822 1038.027344
-150 211.054077 1030.342773
-150 212.074219 1022.594116
-150 212.687408 1014.802673
-150 212.891998 1006.989868
-150 212.687439 999.177063
-150 212.074249 991.385681
-150 211.054108 983.637085
-150 209.629852 975.952454
-150 207.805389 968.352905
-150 205.585663 960.859253
-150 202.976807 953.492065
-150 199.985962 946.271484
-150 196.621307 939.217346
-150 192.892090 932.348938
-150 188.808533 925.685181
-150 184.381790 919.244202
-150 179.624023 913.043762
-150 174.548294 907.100830
-150 169.168472 901.431641
-150 163.499329 896.051819
-150 157.556396 890.976074
-150 151.355957 886.218262
-150 144.915009 881.791504
-150 138.251221 877.707947
-150 131.382843 873.978699
-150 124.328720 870.614014
-150 117.108154 867.623169
-150 109.740959 865.014282
-150 102.247322 862.794556
-150 94.647781 860.970032
-150 86.963173 859.545776
-150 79.214554 858.525635
-150 71.423157 857.912415
-150 63.610352 857.707825
-150 55.797543 857.912354
-150 48.006149 858.525574
-150 40.257523 859.545654
-150 32.572906 860.969910
-150 24.973358 862.794373
-150 17.479710 865.014038
-150 10.112503 867.622925
-150 2.891930 870.613770
-150 -4.162224 873.978394
-150 -11.030617 877.707581
-150 -17.694420 881.791138
-150 -24.135384 886.217896
-150 -30.335838 890.975586
-150 -36.278801 896.051331
-150 -41.947975 901.431152
-150 -47.327812 907.100281
-150 -52.403587 913.043213
-150 -57.161392 919.243652
-150 -61.588173 925.684631
-150 -65.671791 932.348450
-150 -69.401054 939.216858
-150 -72.765739 946.270996
-150 -75.756630 953.491638
-150 -78.365517 960.858826
-150 -80.585258 968.352539
-150 -82.409767 975.952087
-150 -83.834053 983.636719
-150 -84.854179 991.385376
-150 -85.467384 999.176819
-150 -85.671989 1006.989685
-150 -85.467415 1014.802490
-150 -84.854225 1022.593933
-150 -83.834099 1030.342651
-150 -82.409828 1038.027222
-150 -80.585320 1045.626831
-150 -78.365608 1053.120483
-150 -75.756737 1060.487793
-150 -72.765846 1067.708374
-150 -69.401176 1074.762451
-150 -65.671928 1081.630859
-150 -61.588326 1088.294678
-150 -57.161560 1094.735718
-150 -52.403763 1100.936157
-150 -47.327972 1106.879150
-150 -41.948112 1112.548340
-150 -36.278931 1117.928101
-150 -30.335945 1123.003906
-150 -24.135475 1127.761719
-150 -17.694489 1132.188477
-150 -11.030647 1136.271973
-150 -4.162224 1140.001221
-150 2.891964 1143.365845
-150 10.112568 1146.356689
-150 17.479813 1148.965576
-150 24.973495 1151.185303
-150 32.573082 1153.009766
-150 40.257736 1154.433960
-150 48.006401 1155.454102
-150 55.797832 1156.067261
-120 67.459572 1158.281128
-120 75.285843 1158.076172
-120 83.090668 1157.461914
-120 90.852654 1156.440063
-120 98.550514 1155.013306
-120 106.163147 1153.185669
-120 113.669708 1150.962158
-120 121.049606 1148.348755
-120 128.282623 1145.352783
-120 135.348938 1141.982300
-120 142.229156 1138.246582
-120 148.904434 1134.156006
-120 155.356476 1129.721680
-120 161.567612 1124.955688
-120 167.520798 1119.871216
-120 173.199722 1114.482056
-120 178.588837 1108.803223
-120 183.673325 1102.849976
-120 188.439301 1096.638916
-120 192.873657 1090.186768
-120 196.964294 1083.511475
-120 200.699921 1076.631348
-120 204.070374 1069.565063
-120 207.066406 1062.332031
-120 209.679749 1054.952148
-120 211.903290 1047.445557
-120 213.730927 1039.832886
-120 215.157654 1032.135132
-120 216.179535 1024.373047
-120 216.793793 1016.568298
-120 216.998718 1008.742004
-120 216.793793 1000.915771
-120 216.179535 993.110962
-120 215.157684 985.348999
-120 213.730957 977.651123
-120 211.903351 970.038452
-120 209.679810 962.531921
-120 207.066437 955.152039
-120 204.070435 947.919006
-120 200.700012 940.852722
-120 196.964355 933.972534
-120 192.873749 927.297241
-120 188.439392 920.845215
-120 183.673431 914.634033
-120 178.588959 908.680847
-120 173.199875 903.001953
-120 167.520966 897.612854
-120 161.567780 892.528320
-120 155.356674 887.762390
-120 148.904633 883.328003
-120 142.229370 879.237366
-120 135.349152 875.501709
-120 128.282867 872.131226
-120 121.049873 869.135254
-120 113.669991 866.521851
-120 106.163437 864.298279
-120 98.550812 862.470642
-120 90.852966 861.043945
-120 83.090996 860.022034
-120 75.286179 859.407715
-120 67.459915 859.202759
-120 59.633648 859.407715
-120 51.828835 860.021973
-120 44.066860 861.043823
-120 36.369003 862.470520
-120 28.756367 864.298096
-120 21.249809 866.521606
-120 13.869911 869.134949
-120 6.636898 872.130981
-120 -0.429405 875.501404
-120 -7.309631 879.237061
-120 -13.984917 883.327637
-120 -20.436974 887.761963
-120 -26.648109 892.527893
-120 -32.601311 897.612366
-120 -38.280243 903.001465
-120 -43.669357 908.680359
-120 -48.753868 914.633545
-120 -53.519867 920.844666
-120 -57.954285 927.296692
-120 -62.044930 933.971985
-120 -65.780617 940.852234
-120 -69.151100 947.918579
-120 -72.147133 955.151611
-120 -74.760521 962.531494
-120 -76.984093 970.038086
-120 -78.811745 977.650757
-120 -80.238472 985.348633
-120 -81.260368 993.110657
-120 -81.874626 1000.915527
-120 -82.079582 1008.741821
-120 -81.874657 1016.568115
-120 -81.260399 1024.372925
-120 -80.238518 1032.135010
-120 -78.811790 1039.832886
-120 -76.984154 1047.445557
-120 -74.760612 1054.952148
-120 -72.147240 1062.332031
-120 -69.151207 1069.565063
-120 -65.780739 1076.631348
-120 -62.045067 1083.511597
-120 -57.954430 1090.186890
-120 -53.520042 1096.639038
-120 -48.754044 1102.850098
-120 -43.669518 1108.803345
-120 -38.280388 1114.482300
-120 -32.601440 1119.871338
-120 -26.648216 1124.955933
-120 -20.437057 1129.721924
-120 -13.984978 1134.156250
-120 -7.309662 1138.246826
-120 -0.429405 1141.982544
-120 6.636932 1145.352905
-120 13.869976 1148.348877
-120 21.249912 1150.962280
-120 28.756504 1153.185791
-120 36.369179 1155.013428
-120 44.067074 1156.440063
-120 51.829086 1157.461914
-120 59.633938 1158.076172
-90 57.785007 1091.730225
-90 63.932739 1091.569214
-90 70.063622 1091.086792
-90 76.160843 1090.284058
-90 82.207703 1089.163330
-90 88.187622 1087.727661
-90 94.084213 1085.980957
-90 99.881302 1083.928101
-90 105.563011 1081.574707
-90 111.113770 1078.927124
-90 116.518349 1075.992676
-90 121.761948 1072.779419
-90 126.830185 1069.296143
-90 131.709183 1065.552246
-90 136.385559 1061.558350
-90 140.846497 1057.325073
-90 145.079773 1052.864136
-90 149.073761 1048.187744
-90 152.817551 1043.308716
-90 156.300858 1038.240479
-90 159.514145 1032.996826
-90 162.448593 1027.592285
-90 165.096161 1022.041565
-90 167.449600 1016.359863
-90 169.502457 1010.562744
-90 171.249100 1004.666199
-90 172.684753 998.686279
-90 173.805481 992.639404
-90 174.608185 986.542236
-90 175.090698 980.411316
-90 175.251694 974.263611
-90 175.090714 968.115906
-90 174.608200 961.984985
-90 173.805496 955.887817
-90 172.684784 949.840942
-90 171.249130 943.861023
-90 169.502487 937.964478
-90 167.449646 932.167358
-90 165.096207 926.485657
-90 162.448639 920.934937
-90 159.514206 915.530334
-90 156.300934 910.286743
-90 152.817642 905.218506
-90 149.073853 900.339478
-90 145.079880 895.663086
-90 140.846619 891.202148
-90 136.385681 886.968933
-90 131.709320 882.974915
-90 126.830338 879.231140
-90 121.762115 875.747803
-90 116.518524 872.534546
-90 111.113953 869.600098
-90 105.563202 866.952515
-90 99.881508 864.599060
-90 94.084427 862.546143
-90 88.187851 860.799500
-90 82.207939 859.363831
-90 76.161087 858.243103
-90 70.063873 857.440369
-90 63.933002 856.957886
-90 57.785278 856.796875
-90 51.637554 856.957825
-90 45.506676 857.440308
-90 39.409458 858.243042
-90 33.362602 859.363770
-90 27.382687 860.799377
-90 21.486103 862.546021
-90 15.689011 864.598816
-90 10.007301 866.952271
-90 4.456547 869.599854
-90 -0.948040 872.534241
-90 -6.191643 875.747498
-90 -11.259892 879.230835
-90 -16.138889 882.974548
-90 -20.815273 886.968567
-90 -25.276218 891.201782
-90 -29.509495 895.662720
-90 -33.503506 900.339050
-90 -37.247318 905.218079
-90 -40.730656 910.286316
-90 -43.943958 915.529907
-90 -46.878437 920.934509
-90 -49.526028 926.485291
-90 -51.879490 932.166992
-90 -53.932369 937.964111
-90 -55.679035 943.860718
-90 -57.114704 949.840637
-90 -58.235439 955.887512
-90 -59.038158 961.984802
-90 -59.520679 968.115662
-90 -59.681675 974.263428
-90 -59.520695 980.411194
-90 -59.038189 986.542114
-90 -58.235477 992.639343
-90 -57.114750 998.686218
-90 -55.679096 1004.666138
-90 -53.932446 1010.562744
-90 -51.879581 1016.359863
-90 -49.526119 1022.041626
-90 -46.878536 1027.592407
-90 -43.944073 1032.996948
-90 -40.730778 1038.240601
-90 -37.247456 1043.308838
-90 -33.503651 1048.187866
-90 -29.509624 1052.864258
-90 -25.276333 1057.325195
-90 -20.815380 1061.558472
-90 -16.138973 1065.552490
-90 -11.259960 1069.296265
-90 -6.191689 1072.779541
-90 -0.948063 1075.992798
-90 4.456547 1078.927246
-90 10.007328 1081.574829
-90 15.689064 1083.928223
-90 21.486183 1085.981079
-90 27.382795 1087.727783
-90 33.362740 1089.163452
-90 39.409626 1090.284058
-90 45.506874 1091.086792
-90 51.637779 1091.569336
-60 59.641781 1105.953491
-60 66.180641 1105.782227
-60 72.701576 1105.269043
-60 79.186722 1104.415283
-60 85.618294 1103.223267
-60 91.978661 1101.696289
-60 98.250397 1099.838501
-60 104.416313 1097.655029
-60 110.459503 1095.151855
-60 116.363403 1092.335815
-60 122.111832 1089.214722
-60 127.689041 1085.796997
-60 133.079727 1082.092041
-60 138.269135 1078.110107
-60 143.243027 1073.861938
-60 147.987778 1069.359375
-60 152.490387 1064.614624
-60 156.738480 1059.640747
-60 160.720459 1054.451294
-60 164.425385 1049.060669
-60 167.843094 1043.483398
-60 170.964233 1037.734985
-60 173.780243 1031.831055
-60 176.283417 1025.787964
-60 178.466888 1019.622009
-60 180.324646 1013.350281
-60 181.851639 1006.989929
-60 183.043671 1000.558350
-60 183.897446 994.073242
-60 184.410660 987.552307
-60 184.581894 981.013428
-60 184.410675 974.474609
-60 183.897461 967.953674
-60 183.043686 961.468506
-60 181.851669 955.036926
-60 180.324692 948.676575
-60 178.466919 942.404846
-60 176.283463 936.238953
-60 173.780304 930.195740
-60 170.964294 924.291870
-60 167.843155 918.543457
-60 164.425446 912.966248
-60 160.720535 907.575562
-60 156.738586 902.386108
-60 152.490494 897.412231
-60 147.987900 892.667480
-60 143.243164 888.164917
-60 138.269287 883.916809
-60 133.079895 879.934814
-60 127.689209 876.229858
-60 122.112022 872.812134
-60 116.363602 869.691040
-60 110.459709 866.875000
-60 104.416534 864.371826
-60 98.250626 862.188354
-60 91.978897 860.330566
-60 85.618546 858.803589
-60 79.186981 857.611511
-60 72.701851 856.757690
-60 66.180923 856.244507
-60 59.642067 856.073242
-60 53.103214 856.244446
-60 46.582283 856.757690
-60 40.097145 857.611450
-60 33.665581 858.803467
-60 27.305214 860.330383
-60 21.033478 862.188171
-60 14.867565 864.371582
-60 8.824375 866.874756
-60 2.920471 869.690735
-60 -2.827961 872.811890
-60 -8.405170 876.229553
-60 -13.795864 879.934448
-60 -18.985279 883.916443
-60 -23.959179 888.164490
-60 -28.703938 892.667114
-60 -33.206547 897.411804
-60 -37.454662 902.385681
-60 -41.436665 907.575073
-60 -45.141613 912.965820
-60 -48.559353 918.543030
-60 -51.680523 924.291443
-60 -54.496563 930.195374
-60 -56.999760 936.238586
-60 -59.183247 942.404541
-60 -61.041035 948.676270
-60 -62.568043 955.036682
-60 -63.760082 961.468262
-60 -64.613876 967.953430
-60 -65.127090 974.474365
-60 -65.298325 981.013245
-60 -65.127106 987.552124
-60 -64.613907 994.073120
-60 -63.760120 1000.558228
-60 -62.568089 1006.989868
-60 -61.041096 1013.350220
-60 -59.183323 1019.622009
-60 -56.999851 1025.787964
-60 -54.496662 1031.831177
-60 -51.680637 1037.735107
-60 -48.559475 1043.483521
-60 -45.141743 1049.060791
-60 -41.436802 1054.451416
-60 -37.454815 1059.640869
-60 -33.206676 1064.614746
-60 -28.704060 1069.359497
-60 -23.959293 1073.862061
-60 -18.985371 1078.110229
-60 -13.795940 1082.092163
-60 -8.405224 1085.797119
-60 -2.827988 1089.214844
-60 2.920475 1092.335938
-60 8.824406 1095.151978
-60 14.867622 1097.655151
-60 21.033566 1099.838623
-60 27.305328 1101.696411
-60 33.665726 1103.223389
-60 40.097328 1104.415283
-60 46.582493 1105.269043
-60 53.103455 1105.782227
-30 68.943001 1134.650391
-30 75.975655 1134.466187
-30 82.989029 1133.914185
-30 89.963905 1132.995972
-30 96.881165 1131.713867
-30 103.721840 1130.071655
-30 110.467194 1128.073486
-30 117.098740 1125.725220
-30 123.598282 1123.032959
-30 129.948029 1120.004272
-30 136.130554 1116.647461
-30 142.128937 1112.971680
-30 147.926712 1108.986938
-30 153.507996 1104.704346
-30 158.857513 1100.135376
-30 163.960556 1095.292725
-30 168.803192 1090.189697
-30 173.372086 1084.840210
-30 177.654755 1079.258911
-30 181.639465 1073.461182
-30 185.315277 1067.462769
-30 188.672119 1061.280273
-30 191.700775 1054.930542
-30 194.392975 1048.430908
-30 196.741333 1041.799438
-30 198.739380 1035.054077
-30 200.381683 1028.213379
-30 201.663727 1021.296143
-30 202.582001 1014.321289
-30 203.133972 1007.307922
-30 203.318115 1000.275269
-30 203.133972 993.242615
-30 202.582001 986.229248
-30 201.663757 979.254395
-30 200.381714 972.337158
-30 198.739441 965.496460
-30 196.741364 958.751099
-30 194.393036 952.119568
-30 191.700836 945.620056
-30 188.672180 939.270325
-30 185.315338 933.087769
-30 181.639557 927.089417
-30 177.654846 921.291626
-30 173.372192 915.710327
-30 168.803314 910.360840
-30 163.960693 905.257813
-30 158.857651 900.415161
-30 153.508163 895.846252
-30 147.926880 891.563599
-30 142.129120 887.578857
-30 136.130768 883.903076
-30 129.948242 880.546204
-30 123.598511 877.517517
-30 117.098969 874.825317
-30 110.467445 872.476929
-30 103.722107 870.478882
-30 96.881432 868.836548
-30 89.964188 867.554504
-30 82.989319 866.636230
-30 75.975952 866.084229
-30 68.943306 865.900085
-30 61.910667 866.084229
-30 54.897297 866.636169
-30 47.922432 867.554443
-30 41.005173 868.836426
-30 34.164497 870.478699
-30 27.419144 872.476746
-30 20.787605 874.825073
-30 14.288055 877.517273
-30 7.938309 880.545898
-30 1.755775 883.902771
-30 -4.242599 887.578552
-30 -10.040382 891.563232
-30 -15.621681 895.845886
-30 -20.971199 900.414734
-30 -26.074265 905.257324
-30 -30.916885 910.360352
-30 -35.485802 915.709839
-30 -39.768509 921.291138
-30 -43.753250 927.088928
-30 -47.429085 933.087341
-30 -50.785950 939.269897
-30 -53.814651 945.619629
-30 -56.506874 952.119202
-30 -58.855247 958.750732
-30 -60.853340 965.496155
-30 -62.495659 972.336853
-30 -63.777718 979.254089
-30 -64.695976 986.229004
-30 -65.247948 993.242432
-30 -65.432121 1000.275085
-30 -65.247963 1007.307739
-30 -64.696007 1014.321167
-30 -63.777748 1021.296082
-30 -62.495705 1028.213379
-30 -60.853401 1035.054077
-30 -58.855331 1041.799438
-30 -56.506973 1048.431030
-30 -53.814751 1054.930542
-30 -50.786072 1061.280273
-30 -47.429207 1067.462891
-30 -43.753387 1073.461304
-30 -39.768661 1079.259033
-30 -35.485962 1084.840332
-30 -30.917030 1090.189819
-30 -26.074387 1095.292969
-30 -20.971313 1100.135498
-30 -15.621780 1104.704468
-30 -10.040466 1108.987183
-30 -4.242661 1112.971802
-30 1.755745 1116.647705
-30 7.938313 1120.004517
-30 14.288086 1123.033203
-30 20.787663 1125.725342
-30 27.419235 1128.073730
-30 34.164619 1130.071777
-30 41.005333 1131.713989
-30 47.922623 1132.996094
-30 54.897522 1133.914307
-30 61.910927 1134.466187
0 75.179878 1145.858643
0 82.547905 1145.665649
0 89.895737 1145.087402
0 97.203232 1144.125366
0 104.450363 1142.782227
0 111.617264 1141.061523
0 118.684296 1138.968262
0 125.632088 1136.507813
0 132.441589 1133.687256
0 139.094147 1130.514160
0 145.571503 1126.997314
0 151.855942 1123.146118
0 157.930206 1118.971436
0 163.777649 1114.484497
0 169.382263 1109.697754
0 174.728668 1104.624146
0 179.802246 1099.277710
0 184.589020 1093.673096
0 189.075928 1087.825684
0 193.250671 1081.751465
0 197.101776 1075.467041
0 200.618683 1068.989624
0 203.791779 1062.337158
0 206.612366 1055.527588
0 209.072723 1048.579834
0 211.166046 1041.512817
0 212.886688 1034.345947
0 214.229858 1027.098755
0 215.191925 1019.791321
0 215.770203 1012.443481
0 215.963135 1005.075439
0 215.770203 997.707458
0 215.191925 990.359619
0 214.229889 983.052124
0 212.886719 975.804993
0 211.166107 968.638123
0 209.072754 961.571106
0 206.612427 954.623291
0 203.791840 947.813782
0 200.618744 941.161255
0 197.101837 934.683899
0 193.250748 928.399475
0 189.076035 922.325195
0 184.589142 916.477722
0 179.802368 910.873108
0 174.728821 905.526733
0 169.382416 900.453186
0 163.777832 895.666382
0 157.930389 891.179443
0 151.856140 887.004761
0 145.571716 883.153625
0 139.094360 879.636719
0 132.441833 876.463562
0 125.632339 873.642944
0 118.684555 871.182617
0 111.617538 869.089233
0 104.450653 867.368652
0 97.203529 866.025452
0 89.896042 865.063354
0 82.548218 864.485107
0 75.180199 864.292114
0 67.812180 864.485046
0 60.464355 865.063293
0 53.156868 866.025330
0 45.909740 867.368530
0 38.742840 869.089111
0 31.675812 871.182434
0 24.728024 873.642761
0 17.918522 876.463318
0 11.265968 879.636414
0 4.788597 883.153320
0 -1.495834 887.004395
0 -7.570107 891.179077
0 -13.417564 895.665955
0 -19.022186 900.452759
0 -24.368607 905.526245
0 -29.442169 910.872681
0 -34.228973 916.477234
0 -38.715919 922.324707
0 -42.890678 928.398987
0 -46.741806 934.683411
0 -50.258759 941.160767
0 -53.431892 947.813354
0 -56.252510 954.622864
0 -58.712868 961.570679
0 -60.806236 968.637756
0 -62.526894 975.804688
0 -63.870079 983.051819
0 -64.832146 990.359314
0 -65.410439 997.707214
0 -65.603386 1005.075256
0 -65.410454 1012.443298
0 -64.832176 1019.791138
0 -63.870125 1027.098633
0 -62.526939 1034.345825
0 -60.806313 1041.512817
0 -58.712959 1048.579834
0 -56.252602 1055.527588
0 -53.431999 1062.337158
0 -50.258888 1068.989746
0 -46.741943 1075.467163
0 -42.890823 1081.751587
0 -38.716072 1087.825806
0 -34.229141 1093.673340
0 -29.442322 1099.277954
0 -24.368744 1104.624390
0 -19.022316 1109.697876
0 -13.417664 1114.484741
0 -7.570190 1118.971680
0 -1.495888 1123.146362
0 4.788567 1126.997437
0 11.265972 1130.514404
0 17.918556 1133.687500
0 24.728088 1136.508057
0 31.675911 1138.968384
0 38.742970 1141.061768
0 45.909904 1142.782349
0 53.157070 1144.125488
0 60.464596 1145.087524
0 67.812454 1145.665771
30 75.141136 1157.889404
30 82.855400 1157.687378
30 90.548523 1157.081909
30 98.199417 1156.074707
30 105.787109 1154.668335
30 113.290802 1152.866943
30 120.689926 1150.675171
30 127.964203 1148.099243
30 135.093704 1145.146118
30 142.058868 1141.823853
30 148.840622 1138.141724
30 155.420380 1134.109619
30 161.780075 1129.738647
30 167.902313 1125.040894
30 173.770294 1120.029175
30 179.367950 1114.717285
30 184.679932 1109.119629
30 189.691650 1103.251587
30 194.389404 1097.129395
30 198.760315 1090.769653
30 202.792389 1084.189941
30 206.474579 1077.408203
30 209.796783 1070.442993
30 212.749939 1063.313477
30 215.325897 1056.039185
30 217.517609 1048.640137
30 219.319061 1041.136475
30 220.725372 1033.548706
30 221.732635 1025.897827
30 222.338104 1018.204773
30 222.540100 1010.490479
30 222.338104 1002.776245
30 221.732666 995.083130
30 220.725403 987.432251
30 219.319122 979.844543
30 217.517639 972.340881
30 215.325928 964.941772
30 212.749969 957.667480
30 209.796844 950.537964
30 206.474640 943.572815
30 202.792480 936.791077
30 198.760406 930.211304
30 194.389526 923.851624
30 189.691772 917.729370
30 184.680054 911.861389
30 179.368103 906.263733
30 173.770462 900.951782
30 167.902496 895.940063
30 161.780273 891.242310
30 155.420578 886.871399
30 148.840851 882.839294
30 142.059097 879.157104
30 135.093948 875.834839
30 127.964462 872.881714
30 120.690201 870.305786
30 113.291084 868.114014
30 105.787399 866.312500
30 98.199722 864.906250
30 90.548843 863.898926
30 82.855728 863.293457
30 75.141472 863.091431
30 67.427216 863.293457
30 59.734100 863.898865
30 52.083218 864.906128
30 44.495533 866.312378
30 36.991844 868.113831
30 29.592720 870.305542
30 22.318443 872.881470
30 15.188946 875.834595
30 8.223770 879.156799
30 1.442017 882.838989
30 -5.137733 886.870972
30 -11.497444 891.241882
30 -17.619690 895.939636
30 -23.487686 900.951355
30 -29.085350 906.263306
30 -34.397331 911.860901
30 -39.409073 917.728882
30 -44.106865 923.851074
30 -48.477814 930.210815
30 -52.509911 936.790588
30 -56.192131 943.572327
30 -59.514381 950.537537
30 -62.467537 957.667053
30 -65.043526 964.941345
30 -67.235268 972.340515
30 -69.036766 979.844238
30 -70.443077 987.431946
30 -71.450340 995.082825
30 -72.055824 1002.776001
30 -72.257835 1010.490295
30 -72.055840 1018.204590
30 -71.450386 1025.897705
30 -70.443123 1033.548584
30 -69.036812 1041.136353
30 -67.235329 1048.640137
30 -65.043617 1056.039185
30 -62.467644 1063.313477
30 -59.514488 1070.442993
30 -56.192268 1077.408203
30 -52.510056 1084.190063
30 -48.477959 1090.769775
30 -44.107033 1097.129517
30 -39.409248 1103.251709
30 -34.397484 1109.119751
30 -29.085487 1114.717407
30 -23.487816 1120.029419
30 -17.619797 1125.041138
30 -11.497536 1129.738892
30 -5.137794 1134.109741
30 1.441986 1138.141846
30 8.223778 1141.824097
30 15.188980 1145.146240
30 22.318508 1148.099365
30 29.592823 1150.675293
30 36.991982 1152.867065
30 44.495705 1154.668457
30 52.083427 1156.074707
30 59.734352 1157.082031
30 67.427498 1157.687378
60 81.668953 1149.880859
60 89.042664 1149.687866
60 96.396156 1149.109131
60 103.709290 1148.146362
60 110.962006 1146.802124
60 118.134430 1145.080200
60 125.206909 1142.985229
60 132.160049 1140.522949
60 138.974808 1137.700195
60 145.632492 1134.524658
60 152.114838 1131.005005
60 158.404114 1127.150879
60 164.483063 1122.973022
60 170.335022 1118.482666
60 175.943970 1113.692139
60 181.294495 1108.614624
60 186.371964 1103.264160
60 191.162445 1097.655151
60 195.652802 1091.803223
60 199.830750 1085.724243
60 203.684814 1079.435059
60 207.204453 1072.952637
60 210.380005 1066.295044
60 213.202759 1059.480225
60 215.665009 1052.527100
60 217.759949 1045.454590
60 219.481903 1038.282227
60 220.826111 1031.029541
60 221.788910 1023.716370
60 222.367645 1016.362915
60 222.560730 1008.989197
60 222.367645 1001.615540
60 221.788940 994.262024
60 220.826141 986.948914
60 219.481934 979.696167
60 217.760010 972.523804
60 215.665039 965.451294
60 213.202820 958.498169
60 210.380066 951.683411
60 207.204529 945.025757
60 203.684906 938.543396
60 199.830841 932.254089
60 195.652893 926.175171
60 191.162537 920.323181
60 186.372086 914.714294
60 181.294632 909.363770
60 175.944122 904.286255
60 170.335190 899.495789
60 164.483246 895.005432
60 158.404312 890.827454
60 152.115051 886.973389
60 145.632706 883.453735
60 138.975037 880.278198
60 132.160309 877.455444
60 125.207169 874.993164
60 118.134705 872.898193
60 110.962288 871.176270
60 103.709579 869.832031
60 96.396461 868.869202
60 89.042976 868.290466
60 81.669273 868.097351
60 74.295578 868.290405
60 66.942093 868.869141
60 59.628967 869.831909
60 52.376251 871.176086
60 45.203827 872.898010
60 38.131351 874.992981
60 31.178211 877.455200
60 24.363457 880.277954
60 17.705776 883.453491
60 11.223412 886.973083
60 4.934135 890.827148
60 -1.144814 895.005066
60 -6.996780 899.495361
60 -12.605728 904.285828
60 -17.956268 909.363281
60 -23.033745 914.713806
60 -27.824234 920.322693
60 -32.314636 926.174683
60 -36.492622 932.253601
60 -40.346718 938.542908
60 -43.866379 945.025269
60 -47.041954 951.682983
60 -49.864754 958.497742
60 -52.327003 965.450928
60 -54.421989 972.523438
60 -56.143959 979.695862
60 -57.488182 986.948608
60 -58.450996 994.261780
60 -59.029732 1001.615295
60 -59.222832 1008.989014
60 -59.029747 1016.362732
60 -58.451027 1023.716248
60 -57.488228 1031.029419
60 -56.144005 1038.282104
60 -54.422066 1045.454590
60 -52.327095 1052.527100
60 -49.864845 1059.480225
60 -47.042061 1066.295044
60 -43.866508 1072.952759
60 -40.346848 1079.435181
60 -36.492760 1085.724365
60 -32.314796 1091.803345
60 -27.824402 1097.655396
60 -23.033897 1103.264282
60 -17.956406 1108.614868
60 -12.605850 1113.692383
60 -6.996887 1118.482788
60 -1.144897 1122.973145
60 4.934082 1127.151123
60 11.223381 1131.005127
60 17.705780 1134.524780
60 24.363491 1137.700317
60 31.178272 1140.523071
60 38.131451 1142.985352
60 45.203960 1145.080322
60 52.376419 1146.802246
60 59.629166 1148.146362
60 66.942329 1149.109131
60 74.295853 1149.687866
90 83.713074 1147.905029
90 91.096741 1147.711670
90 98.460167 1147.132202
90 105.783180 1146.168091
90 113.045692 1144.822021
90 120.227814 1143.097778
90 127.309845 1141.000000
90 134.272385 1138.534424
90 141.096344 1135.707886
90 147.763016 1132.528076
90 154.254120 1129.003662
90 160.551895 1125.144287
90 166.639053 1120.960815
90 172.498917 1116.464355
90 178.115433 1111.667358
90 183.473190 1106.583008
90 188.557526 1101.225342
90 193.354462 1095.608765
90 197.850891 1089.748901
90 202.034485 1083.661743
90 205.893768 1077.364014
90 209.418152 1070.872925
90 212.597992 1064.206177
90 215.424561 1057.382324
90 217.890121 1050.419678
90 219.987915 1043.337769
90 221.712189 1036.155640
90 223.058228 1028.893066
90 224.022308 1021.570068
90 224.601837 1014.206665
90 224.795181 1006.822998
90 224.601837 999.439331
90 224.022324 992.075928
90 223.058243 984.752930
90 221.712219 977.490417
90 219.987961 970.308289
90 217.890167 963.226318
90 215.424622 956.263733
90 212.598053 949.439819
90 209.418213 942.773132
90 205.893845 936.282043
90 202.034576 929.984253
90 197.850998 923.897095
90 193.354584 918.037231
90 188.557648 912.420715
90 183.473328 907.062988
90 178.115585 901.978638
90 172.499084 897.181702
90 166.639236 892.685242
90 160.552094 888.501648
90 154.254333 884.642334
90 147.763229 881.117981
90 141.096573 877.938110
90 134.272629 875.111572
90 127.310104 872.645996
90 120.228088 870.548157
90 113.045975 868.823853
90 105.783478 867.477844
90 98.460480 866.513733
90 91.097054 865.934204
90 83.713394 865.740845
90 76.329742 865.934143
90 68.966316 866.513672
90 61.643314 867.477722
90 54.380806 868.823730
90 47.198692 870.547974
90 40.116661 872.645752
90 33.154125 875.111328
90 26.330170 877.937866
90 19.663490 881.117676
90 13.172371 884.642029
90 6.874603 888.501282
90 0.787437 892.684875
90 -5.072433 897.181274
90 -10.688957 901.978210
90 -16.046730 907.062500
90 -21.131058 912.420227
90 -25.928024 918.036743
90 -30.424492 923.896606
90 -34.608116 929.983765
90 -38.467422 936.281555
90 -41.991837 942.772705
90 -45.171707 949.439392
90 -47.998306 956.263367
90 -50.463898 963.225891
90 -52.561707 970.307922
90 -54.286011 977.490112
90 -55.632050 984.752625
90 -56.596146 992.075684
90 -57.175674 999.439087
90 -57.369034 1006.822815
90 -57.175690 1014.206482
90 -56.596176 1021.569946
90 -55.632095 1028.892944
90 -54.286057 1036.155518
90 -52.561783 1043.337646
90 -50.463974 1050.419678
90 -47.998413 1057.382324
90 -45.171814 1064.206299
90 -41.991966 1070.872925
90 -38.467552 1077.364136
90 -34.608261 1083.661865
90 -30.424652 1089.749023
90 -25.928192 1095.608887
90 -21.131210 1101.225464
90 -16.046860 1106.583252
90 -10.689079 1111.667603
90 -5.072540 1116.464478
90 0.787354 1120.960938
90 6.874542 1125.144531
90 13.172340 1129.003784
90 19.663498 1132.528198
90 26.330200 1135.708008
90 33.154190 1138.534546
90 40.116756 1141.000122
90 47.198822 1143.097900
90 54.380970 1144.822144
90 61.643517 1146.168213
90 68.966553 1147.132202
90 76.330009 1147.711670
120 81.042770 1147.689331
120 88.358925 1147.497803
120 95.655022 1146.923584
120 102.911072 1145.968262
120 110.107185 1144.634521
120 117.223633 1142.926025
120 124.240906 1140.847412
120 131.139771 1138.404419
120 137.901337 1135.603760
120 144.507050 1132.453003
120 150.938812 1128.960815
120 157.179016 1125.136841
120 163.210510 1120.991455
120 169.016785 1116.536133
120 174.581940 1111.783081
120 179.890717 1106.745239
120 184.928558 1101.436401
120 189.681641 1095.871338
120 194.136963 1090.065063
120 198.282288 1084.033447
120 202.106293 1077.793335
120 205.598450 1071.361572
120 208.749207 1064.755859
120 211.549927 1057.994263
120 213.992950 1051.095459
120 216.071564 1044.078125
120 217.780060 1036.961792
120 219.113785 1029.765625
120 220.069061 1022.509583
120 220.643280 1015.213501
120 220.834869 1007.897339
120 220.643295 1000.581238
120 220.069092 993.285095
120 219.113815 986.029053
120 217.780090 978.832947
120 216.071594 971.716553
120 213.992996 964.699280
120 211.549988 957.800415
120 208.749268 951.038818
120 205.598511 944.433105
120 202.106354 938.001343
120 198.282379 931.761169
120 194.137054 925.729675
120 189.681747 919.923401
120 184.928680 914.358276
120 179.890854 909.049500
120 174.582092 904.011658
120 169.016953 899.258545
120 163.210693 894.803223
120 157.179199 890.657898
120 150.939026 886.833862
120 144.507278 883.341736
120 137.901581 880.190918
120 131.140015 877.390198
120 124.241165 874.947144
120 117.223900 872.868530
120 110.107468 871.160034
120 102.911362 869.826294
120 95.655327 868.870972
120 88.359238 868.296753
120 81.043091 868.105164
120 73.726944 868.296753
120 66.430855 868.870972
120 59.174812 869.826172
120 51.978706 871.159912
120 44.862263 872.868408
120 37.844990 874.946960
120 30.946117 877.389954
120 24.184555 880.190674
120 17.578838 883.341431
120 11.147072 886.833557
120 4.906883 890.657532
120 -1.124619 894.802856
120 -6.930916 899.258118
120 -12.496078 904.011230
120 -17.804863 909.049011
120 -22.842705 914.357788
120 -27.595802 919.922913
120 -32.051155 925.729187
120 -36.196533 931.760681
120 -40.020546 938.000916
120 -43.512733 944.432678
120 -46.663528 951.038391
120 -49.464279 957.799988
120 -51.907333 964.698853
120 -53.985962 971.716187
120 -55.694489 978.832642
120 -57.028229 986.028748
120 -57.983505 993.284851
120 -58.557739 1000.580994
120 -58.749329 1007.897156
120 -58.557755 1015.213318
120 -57.983551 1022.509460
120 -57.028275 1029.765503
120 -55.694534 1036.961670
120 -53.986023 1044.078125
120 -51.907410 1051.095459
120 -49.464386 1057.994385
120 -46.663635 1064.755859
120 -43.512863 1071.361694
120 -40.020676 1077.793457
120 -36.196671 1084.033691
120 -32.051315 1090.065186
120 -27.595970 1095.871460
120 -22.842850 1101.436646
120 -17.804993 1106.745361
120 -12.496201 1111.783203
120 -6.931015 1116.536377
120 -1.124702 1120.991699
120 4.906822 1125.136963
120 11.147041 1128.960938
120 17.578842 1132.453125
120 24.184589 1135.603882
120 30.946178 1138.404541
120 37.845085 1140.847656
120 44.862392 1142.926270
120 51.978870 1144.634644
120 59.175011 1145.968384
120 66.431091 1146.923584
120 73.727219 1147.497803
150 69.203300 1148.682495
150 76.194405 1148.499512
150 83.166351 1147.950806
150 90.100021 1147.037964
150 96.976425 1145.763428
150 103.776688 1144.130859
150 110.482201 1142.144531
150 117.074570 1139.810059
150 123.535721 1137.133789
150 129.847961 1134.123047
150 135.993958 1130.786011
150 141.956909 1127.131958
150 147.720428 1123.170776
150 153.268753 1118.913330
150 158.586670 1114.371460
150 163.659561 1109.557495
150 168.473572 1104.484497
150 173.015503 1099.166626
150 177.272858 1093.618286
150 181.234039 1087.854736
150 184.888123 1081.891846
150 188.225128 1075.745850
150 191.235916 1069.433594
150 193.912201 1062.972534
150 196.246689 1056.380127
150 198.232941 1049.674683
150 199.865540 1042.874390
150 201.140015 1035.997925
150 202.052856 1029.064331
150 202.601563 1022.092346
150 202.784637 1015.101257
150 202.601563 1008.110168
150 202.052856 1001.138245
150 201.140045 994.204590
150 199.865570 987.328186
150 198.232971 980.527893
150 196.246735 973.822388
150 193.912262 967.230042
150 191.235962 960.768921
150 188.225204 954.456665
150 184.888214 948.310669
150 181.234116 942.347717
150 177.272964 936.584229
150 173.015594 931.035889
150 168.473694 925.717957
150 163.659698 920.645081
150 158.586792 915.831055
150 153.268921 911.289124
150 147.720612 907.031738
150 141.957092 903.070557
150 135.994171 899.416504
150 129.848160 896.079468
150 123.535950 893.068665
150 117.074799 890.392395
150 110.482452 888.057861
150 103.776947 886.071594
150 96.976692 884.438965
150 90.100304 883.164551
150 83.166641 882.251648
150 76.194702 881.702942
150 69.203606 881.519897
150 62.212509 881.702942
150 55.240570 882.251587
150 48.306904 883.164429
150 41.430511 884.438843
150 34.630241 886.071472
150 27.924736 888.057678
150 21.332371 890.392151
150 14.871216 893.068420
150 8.558983 896.079224
150 2.412971 899.416199
150 -3.549973 903.070251
150 -9.313507 907.031372
150 -14.861832 911.288757
150 -20.179749 915.830627
150 -25.252670 920.644653
150 -30.066681 925.717529
150 -34.608612 931.035400
150 -38.866020 936.583740
150 -42.827217 942.347290
150 -46.481339 948.310181
150 -49.818375 954.456238
150 -52.829185 960.768494
150 -55.505508 967.229675
150 -57.840012 973.822021
150 -59.826286 980.527588
150 -61.458916 987.327881
150 -62.733391 994.204285
150 -63.646233 1001.138000
150 -64.194954 1008.109924
150 -64.378029 1015.101074
150 -64.194969 1022.092224
150 -63.646263 1029.064209
150 -62.733437 1035.997925
150 -61.458961 1042.874268
150 -59.826347 1049.674561
150 -57.840088 1056.380127
150 -55.505600 1062.972534
150 -52.829292 1069.433716
150 -49.818497 1075.745972
150 -46.481468 1081.891968
150 -42.827354 1087.854980
150 -38.866173 1093.618408
150 -34.608772 1099.166748
150 -30.066826 1104.484741
150 -25.252792 1109.557617
150 -20.179863 1114.371582
150 -14.861931 1118.913574
150 -9.313583 1123.170898
150 -3.550026 1127.132080
150 2.412941 1130.786255
150 8.558987 1134.123169
150 14.871250 1137.134033
150 21.332432 1139.810303
150 27.924828 1142.144775
150 34.630367 1144.130981
150 41.430672 1145.763550
150 48.307095 1147.037964
150 55.240795 1147.950806
150 62.212765 1148.499512
180 71.796158 1119.932129
180 78.415825 1119.758789
180 85.017349 1119.239258
180 91.582634 1118.374878
180 98.093681 1117.168213
180 104.532654 1115.622314
180 110.881897 1113.741577
180 117.124008 1111.531128
180 123.241875 1108.997070
180 129.218735 1106.146240
180 135.038208 1102.986450
180 140.684341 1099.526611
180 146.141647 1095.775879
180 151.395172 1091.744629
180 156.430542 1087.444092
180 161.233917 1082.885864
180 165.792175 1078.082397
180 170.092773 1073.047119
180 174.123947 1067.793579
180 177.874664 1062.336182
180 181.334610 1056.690063
180 184.494324 1050.870605
180 187.345123 1044.893799
180 189.879242 1038.775879
180 192.089691 1032.533813
180 193.970398 1026.184570
180 195.516266 1019.745605
180 196.723022 1013.234558
180 197.587357 1006.669312
180 198.106903 1000.067810
180 198.280258 993.448120
180 198.106918 986.828491
180 197.587372 980.226929
180 196.723053 973.661682
180 195.516296 967.150635
180 193.970444 960.711670
180 192.089722 954.362427
180 189.879272 948.120300
180 187.345184 942.002441
180 184.494385 936.025574
180 181.334686 930.206116
180 177.874725 924.559998
180 174.124039 919.102722
180 170.092865 913.849182
180 165.792282 908.813782
180 161.234039 904.010437
180 156.430679 899.452148
180 151.395325 895.151550
180 146.141815 891.120361
180 140.684509 887.369690
180 135.038391 883.909729
180 129.218933 880.750000
180 123.242088 877.899170
180 117.124229 875.365051
180 110.882126 873.154602
180 104.532898 871.273865
180 98.093933 869.728027
180 91.582893 868.521240
180 85.017624 867.656860
180 78.416107 867.137329
180 71.796448 866.963989
180 65.176788 867.137268
180 58.575272 867.656799
180 52.009995 868.521118
180 45.498947 869.727905
180 39.059982 871.273743
180 32.710739 873.154419
180 26.468632 875.364868
180 20.350761 877.898926
180 14.373898 880.749756
180 8.554424 883.909424
180 2.908295 887.369385
180 -2.549019 891.120056
180 -7.802567 895.151184
180 -12.837936 899.451782
180 -17.641327 904.010010
180 -22.199570 908.813354
180 -26.500191 913.848694
180 -30.531395 919.102234
180 -34.282135 924.559570
180 -37.742111 930.205688
180 -40.901848 936.025208
180 -43.752693 942.002075
180 -46.286819 948.119934
180 -48.497292 954.362061
180 -50.378036 960.711365
180 -51.923920 967.150330
180 -53.130684 973.661377
180 -53.995026 980.226685
180 -54.514587 986.828247
180 -54.687943 993.447937
180 -54.514603 1000.067627
180 -53.995056 1006.669189
180 -53.130722 1013.234497
180 -51.923965 1019.745544
180 -50.378098 1026.184570
180 -48.497368 1032.533813
180 -46.286911 1038.776001
180 -43.752792 1044.893799
180 -40.901962 1050.870728
180 -37.742233 1056.690186
180 -34.282265 1062.336304
180 -30.531540 1067.793701
180 -26.500336 1073.047241
180 -22.199707 1078.082642
180 -17.641449 1082.885986
180 -12.838043 1087.444214
180 -7.802650 1091.744873
180 -2.549095 1095.776001
180 2.908241 1099.526733
180 8.554398 1102.986694
180 14.373901 1106.146362
180 20.350792 1108.997192
180 26.468689 1111.531250
180 32.710827 1113.741699
180 39.060097 1115.622437
180 45.499100 1117.168335
180 52.010178 1118.375000
180 58.575485 1119.239258
180 65.177032 1119.758789
210 74.879021 1104.192749
210 80.995316 1104.032593
210 87.094841 1103.552490
210 93.160889 1102.753906
210 99.176826 1101.638916
210 105.126160 1100.210693
210 110.992599 1098.472900
210 116.760040 1096.430542
210 122.412689 1094.089111
210 127.935066 1091.455078
210 133.312012 1088.535645
210 138.528793 1085.338867
210 143.571106 1081.873291
210 148.425171 1078.148682
210 153.077621 1074.175171
210 157.515747 1069.963501
210 161.727371 1065.525391
210 165.700943 1060.872925
210 169.425583 1056.018921
210 172.891083 1050.976563
210 176.087921 1045.759766
210 179.007370 1040.382813
210 181.641388 1034.860474
210 183.982803 1029.207764
210 186.025162 1023.440369
210 187.762878 1017.573975
210 189.191193 1011.624634
210 190.306183 1005.608704
210 191.104797 999.542664
210 191.584839 993.443115
210 191.744995 987.326843
210 191.584839 981.210571
210 191.104797 975.111023
210 190.306198 969.044983
210 189.191208 963.029053
210 187.762909 957.079712
210 186.025208 951.213318
210 183.982849 945.445862
210 181.641449 939.793213
210 179.007416 934.270874
210 176.087982 928.893921
210 172.891144 923.677124
210 169.425659 918.634827
210 165.701035 913.780762
210 161.727478 909.128296
210 157.515869 904.690186
210 153.077759 900.478577
210 148.425293 896.505005
210 143.571259 892.780334
210 138.528961 889.314819
210 133.312180 886.117981
210 127.935242 883.198547
210 122.412888 880.564514
210 116.760246 878.223083
210 110.992813 876.180725
210 105.126389 874.442993
210 99.177063 873.014648
210 93.161133 871.899658
210 87.095093 871.101013
210 80.995575 870.620972
210 74.879288 870.460815
210 68.763000 870.620972
210 62.663479 871.100952
210 56.597443 871.899597
210 50.581509 873.014526
210 44.632172 874.442871
210 38.765743 876.180542
210 32.998299 878.222900
210 27.345642 880.564270
210 21.823273 883.198303
210 16.446327 886.117737
210 11.229538 889.314575
210 6.187210 892.780029
210 1.333160 896.504639
210 -3.319313 900.478210
210 -7.757446 904.689819
210 -11.969070 909.127930
210 -15.942657 913.780334
210 -19.667320 918.634399
210 -23.132851 923.676697
210 -26.329720 928.893494
210 -29.249184 934.270447
210 -31.883247 939.792847
210 -34.224670 945.445496
210 -36.267052 951.213013
210 -38.004784 957.079407
210 -39.433113 963.028809
210 -40.548111 969.044739
210 -41.346733 975.110840
210 -41.826782 981.210388
210 -41.986954 987.326660
210 -41.826797 993.442993
210 -41.346756 999.542542
210 -40.548149 1005.608582
210 -39.433151 1011.624573
210 -38.004837 1017.573914
210 -36.267120 1023.440369
210 -34.224754 1029.207886
210 -31.883339 1034.860474
210 -29.249290 1040.382935
210 -26.329834 1045.759888
210 -23.132965 1050.976685
210 -19.667458 1056.019043
210 -15.942795 1060.873047
210 -11.969193 1065.525513
210 -7.757553 1069.963623
210 -3.319412 1074.175293
210 1.333076 1078.148804
210 6.187141 1081.873535
210 11.229492 1085.338989
210 16.446301 1088.535889
210 21.823277 1091.455322
210 27.345669 1094.089355
210 32.998348 1096.430664
210 38.765823 1098.473022
210 44.632282 1100.210693
210 50.581646 1101.639038
210 56.597610 1102.754028
210 62.663677 1103.552612
210 68.763229 1104.032593
240 73.395332 1117.607056
240 79.886238 1117.437134
240 86.359352 1116.927612
240 92.796936 1116.080078
240 99.181335 1114.896851
240 105.495056 1113.381104
240 111.720802 1111.536865
240 117.841492 1109.369507
240 123.840363 1106.884644
240 129.700974 1104.089355
240 135.407242 1100.991089
240 140.943542 1097.598389
240 146.294708 1093.920654
240 151.446045 1089.967896
240 156.383484 1085.750977
240 161.093414 1081.281372
240 165.563004 1076.571411
240 169.779953 1071.634033
240 173.732727 1066.482666
240 177.410461 1061.131470
240 180.803131 1055.595215
240 183.901367 1049.888916
240 186.696732 1044.028320
240 189.181549 1038.029419
240 191.348999 1031.908691
240 193.193146 1025.682983
240 194.708923 1019.369263
240 195.892212 1012.984924
240 196.739746 1006.547302
240 197.249176 1000.074219
240 197.419159 993.583313
240 197.249191 987.092407
240 196.739746 980.619324
240 195.892242 974.181763
240 194.708954 967.797363
240 193.193176 961.483643
240 191.349030 955.257874
240 189.181580 949.137207
240 186.696777 943.138306
240 183.901428 937.277710
240 180.803192 931.571472
240 177.410553 926.035156
240 173.732803 920.684021
240 169.780045 915.532654
240 165.563110 910.595215
240 161.093536 905.885315
240 156.383606 901.415710
240 151.446198 897.198730
240 146.294861 893.245972
240 140.943726 889.568237
240 135.407425 886.175598
240 129.701172 883.077332
240 123.840576 880.281921
240 117.841721 877.797119
240 111.721031 875.629639
240 105.495300 873.785522
240 99.181587 872.269714
240 92.797195 871.086426
240 86.359619 870.238892
240 79.886513 869.729431
240 73.395615 869.559448
240 66.904716 869.729370
240 60.431610 870.238831
240 53.994034 871.086304
240 47.609634 872.269592
240 41.295914 873.785339
240 35.070175 875.629517
240 28.949482 877.796936
240 22.950611 880.281738
240 17.090004 883.077026
240 11.383728 886.175293
240 5.847427 889.567932
240 0.496262 893.245667
240 -4.655090 897.198364
240 -9.592522 901.415344
240 -14.302483 905.884888
240 -18.772064 910.594849
240 -22.989029 915.532227
240 -26.941826 920.683594
240 -30.619606 926.034729
240 -34.012283 931.571045
240 -37.110558 937.277344
240 -39.905952 943.137939
240 -42.390785 949.136841
240 -44.558258 955.257568
240 -46.402428 961.483276
240 -47.918236 967.797058
240 -49.101532 974.181458
240 -49.949059 980.619080
240 -50.458511 987.092224
240 -50.628494 993.583130
240 -50.458527 1000.074036
240 -49.949089 1006.547180
240 -49.101563 1012.984802
240 -47.918282 1019.369202
240 -46.402481 1025.682983
240 -44.558334 1031.908691
240 -42.390877 1038.029419
240 -39.906044 1044.028320
240 -37.110672 1049.888916
240 -34.012398 1055.595215
240 -30.619736 1061.131592
240 -26.941963 1066.482788
240 -22.989174 1071.634155
240 -18.772194 1076.571533
240 -14.302597 1081.281494
240 -9.592628 1085.751099
240 -4.655182 1089.968018
240 0.496185 1093.920776
240 5.847374 1097.598511
240 11.383705 1100.991211
240 17.090008 1104.089478
240 22.950642 1106.884766
240 28.949539 1109.369629
240 35.070259 1111.537109
240 41.296028 1113.381226
240 47.609783 1114.896973
240 53.994213 1116.080200
240 60.431820 1116.927734
240 66.904961 1117.437134
270 61.847549 1111.677246
270 67.938026 1111.517700
270 74.011803 1111.039795
270 80.052246 1110.244507
270 86.042786 1109.134155
270 91.967010 1107.711914
270 97.808685 1105.981567
270 103.551788 1103.947754
270 109.180573 1101.616333
270 114.679642 1098.993408
270 120.033882 1096.086304
270 125.228653 1092.902832
270 130.249695 1089.452026
270 135.083237 1085.743164
270 139.716064 1081.786255
270 144.135452 1077.592529
270 148.329300 1073.173096
270 152.286102 1068.540283
270 155.995026 1063.706665
270 159.445892 1058.685669
270 162.629242 1053.490845
270 165.536346 1048.136597
270 168.159271 1042.637573
270 170.490784 1037.008789
270 172.524536 1031.265747
270 174.254913 1025.424072
270 175.677185 1019.499817
270 176.787476 1013.509277
270 177.582703 1007.468872
270 178.060730 1001.395081
270 178.220215 995.304626
270 178.060730 989.214172
270 177.582733 983.140381
270 176.787491 977.099976
270 175.677216 971.109436
270 174.254944 965.185181
270 172.524567 959.343506
270 170.490829 953.600464
270 168.159317 947.971619
270 165.536407 942.472595
270 162.629303 937.118347
270 159.445953 931.923584
270 155.995087 926.902527
270 152.286194 922.068970
270 148.329407 917.436157
270 144.135559 913.016785
270 139.716187 908.822937
270 135.083374 904.866150
270 130.249847 901.157227
270 125.228806 897.706360
270 120.034058 894.522949
270 114.679817 891.615845
270 109.180771 888.992920
270 103.551987 886.661377
270 97.808899 884.627625
270 91.967239 882.897278
270 86.043022 881.474976
270 80.052490 880.364685
270 74.012054 879.569458
270 67.938286 879.091431
270 61.847816 878.931885
270 55.757347 879.091370
270 49.683571 879.569397
270 43.643139 880.364624
270 37.652603 881.474854
270 31.728378 882.897095
270 25.886711 884.627502
270 20.143612 886.661194
270 14.514816 888.992737
270 9.015759 891.615601
270 3.661507 894.522705
270 -1.533257 897.706055
270 -6.554298 901.156921
270 -11.387863 904.865784
270 -16.020691 908.822571
270 -20.440094 913.016418
270 -24.633942 917.435791
270 -28.590759 922.068604
270 -32.299698 926.902161
270 -35.750595 931.923157
270 -38.933975 937.117981
270 -41.841118 942.472229
270 -44.464058 947.971313
270 -46.795601 953.600098
270 -48.829361 959.343201
270 -50.559753 965.184875
270 -51.982056 971.109131
270 -53.092354 977.099670
270 -53.887596 983.140137
270 -54.365623 989.213989
270 -54.525116 995.304443
270 -54.365639 1001.394958
270 -53.887627 1007.468750
270 -53.092384 1013.509216
270 -51.982094 1019.499756
270 -50.559814 1025.424072
270 -48.829430 1031.265747
270 -46.795685 1037.008789
270 -44.464149 1042.637695
270 -41.841217 1048.136719
270 -38.934082 1053.490967
270 -35.750717 1058.685791
270 -32.299835 1063.706787
270 -28.590897 1068.540405
270 -24.634071 1073.173218
270 -20.440201 1077.592651
270 -16.020798 1081.786499
270 -11.387947 1085.743286
270 -6.554375 1089.452148
270 -1.533306 1092.903076
270 3.661484 1096.086426
270 9.015762 1098.993530
270 14.514843 1101.616455
270 20.143661 1103.947998
270 25.886791 1105.981689
270 31.728487 1107.712036
270 37.652737 1109.134277
270 43.643303 1110.244507
270 49.683769 1111.039795
270 55.757572 1111.517822
300 65.379684 1101.390137
300 71.383705 1101.232910
300 77.371262 1100.761719
300 83.325958 1099.977783
300 89.231461 1098.883301
300 95.071587 1097.481201
300 100.830338 1095.775391
300 106.491913 1093.770508
300 112.040802 1091.472046
300 117.461792 1088.886353
300 122.740036 1086.020508
300 127.861061 1082.882324
300 132.810822 1079.480469
300 137.575760 1075.824219
300 142.142822 1071.923584
300 146.499481 1067.789307
300 150.633789 1063.432617
300 154.534424 1058.865601
300 158.190674 1054.100586
300 161.592560 1049.150879
300 164.730743 1044.029785
300 167.596588 1038.751587
300 170.182251 1033.330566
300 172.480682 1027.781738
300 174.485550 1022.120178
300 176.191376 1016.361450
300 177.593445 1010.521301
300 178.687988 1004.615784
300 179.471924 998.661133
300 179.943161 992.673584
300 180.100388 986.669556
300 179.943176 980.665527
300 179.471954 974.677979
300 178.688004 968.723328
300 177.593475 962.817810
300 176.191406 956.977661
300 174.485596 951.218933
300 172.480728 945.557373
300 170.182312 940.008484
300 167.596634 934.587524
300 164.730804 929.309265
300 161.592636 924.188232
300 158.190765 919.238464
300 154.534515 914.473511
300 150.633881 909.906494
300 146.499588 905.549805
300 142.142944 901.415527
300 137.575897 897.514893
300 132.810974 893.858582
300 127.861221 890.456726
300 122.740204 887.318542
300 117.461975 884.452698
300 112.040985 881.867004
300 106.492111 879.568604
300 100.830544 877.563721
300 95.071808 875.857849
300 89.231689 874.455750
300 83.326195 873.361206
300 77.371513 872.577271
300 71.383957 872.106018
300 65.379951 871.948792
300 59.375938 872.106018
300 53.388382 872.577209
300 47.433693 873.361145
300 41.528194 874.455688
300 35.688068 875.857727
300 29.929329 877.563538
300 24.267754 879.568359
300 18.718861 881.866821
300 13.297863 884.452454
300 8.019619 887.318298
300 2.898598 890.456421
300 -2.051170 893.858276
300 -6.816116 897.514526
300 -11.383186 901.415161
300 -15.739845 905.549438
300 -19.874161 909.906067
300 -23.774811 914.473145
300 -27.431107 919.238037
300 -30.833015 924.187866
300 -33.971199 929.308838
300 -36.837074 934.587097
300 -39.422783 940.008118
300 -41.721230 945.557007
300 -43.726112 951.218628
300 -45.431946 956.977417
300 -46.834061 962.817505
300 -47.928589 968.723083
300 -48.712547 974.677795
300 -49.183792 980.665344
300 -49.341019 986.669373
300 -49.183800 992.673401
300 -48.712578 998.661011
300 -47.928627 1004.615723
300 -46.834099 1010.521240
300 -45.432007 1016.361389
300 -43.726181 1022.120178
300 -41.721306 1027.781738
300 -39.422867 1033.330688
300 -36.837173 1038.751709
300 -33.971306 1044.029907
300 -30.833130 1049.151001
300 -27.431236 1054.100708
300 -23.774948 1058.865723
300 -19.874290 1063.432739
300 -15.739960 1067.789429
300 -11.383286 1071.923706
300 -6.816200 1075.824341
300 -2.051239 1079.480713
300 2.898548 1082.882568
300 8.019596 1086.020752
300 13.297867 1088.886597
300 18.718887 1091.472168
300 24.267803 1093.770630
300 29.929405 1095.775513
300 35.688175 1097.481323
300 41.528328 1098.883423
300 47.433857 1099.977905
300 53.388573 1100.761841
300 59.376160 1101.233032
330 70.829552 1094.370728
330 76.751892 1094.215698
330 82.658005 1093.750854
330 88.531700 1092.977539
330 94.356865 1091.897949
330 100.117554 1090.514893
330 105.797958 1088.832275
330 111.382515 1086.854736
330 116.855927 1084.587524
330 122.203178 1082.037109
330 127.409622 1079.210205
330 132.460983 1076.114746
330 137.343414 1072.759155
330 142.043533 1069.152588
330 146.548462 1065.305054
330 150.845856 1061.226929
330 154.923920 1056.929565
330 158.771484 1052.424561
330 162.378021 1047.724487
330 165.733627 1042.842041
330 168.829102 1037.790649
330 171.655975 1032.584229
330 174.206482 1027.237061
330 176.473633 1021.763611
330 178.451233 1016.179077
330 180.133850 1010.498657
330 181.516846 1004.737976
330 182.596497 998.912842
330 183.369781 993.039124
330 183.834595 987.133057
330 183.989685 981.210693
330 183.834610 975.288330
330 183.369781 969.382263
330 182.596512 963.508545
330 181.516876 957.683411
330 180.133881 951.922729
330 178.451263 946.242310
330 176.473663 940.657776
330 174.206512 935.184387
330 171.656021 929.837097
330 168.829163 924.630676
330 165.733704 919.579346
330 162.378113 914.696899
330 158.771576 909.996765
330 154.924026 905.491821
330 150.845963 901.194458
330 146.548584 897.116394
330 142.043671 893.268799
330 137.343567 889.662292
330 132.461136 886.306641
330 127.409790 883.211182
330 122.203354 880.384277
330 116.856110 877.833801
330 111.382721 875.566650
330 105.798164 873.588989
330 100.117767 871.906372
330 94.357094 870.523376
330 88.531937 869.443726
330 82.658249 868.670410
330 76.752151 868.205566
330 70.829811 868.050476
330 64.907471 868.205566
330 59.001369 868.670349
330 53.127686 869.443665
330 47.302517 870.523254
330 41.541840 871.906250
330 35.861435 873.588867
330 30.276875 875.566406
330 24.803467 877.833557
330 19.456211 880.384094
330 14.249767 883.210938
330 9.198406 886.306396
330 4.315971 889.661987
330 -0.384155 893.268494
330 -4.889099 897.116028
330 -9.186493 901.194092
330 -13.264572 905.491455
330 -17.112152 909.996338
330 -20.718712 914.696472
330 -24.074341 919.578918
330 -27.169838 924.630310
330 -29.996735 929.836731
330 -32.547264 935.184021
330 -34.814445 940.657410
330 -36.792061 946.242004
330 -38.474686 951.922424
330 -39.857727 957.683105
330 -40.937370 963.508301
330 -41.710663 969.382019
330 -42.175491 975.288147
330 -42.330582 981.210510
330 -42.175507 987.132874
330 -41.710686 993.039001
330 -40.937401 998.912720
330 -39.857765 1004.737915
330 -38.474739 1010.498657
330 -36.792130 1016.179077
330 -34.814522 1021.763611
330 -32.547348 1027.237061
330 -29.996834 1032.584351
330 -27.169952 1037.790771
330 -24.074463 1042.842163
330 -20.718842 1047.724609
330 -17.112289 1052.424683
330 -13.264694 1056.929688
330 -9.186600 1061.227051
330 -4.889198 1065.305176
330 -0.384239 1069.152710
330 4.315903 1072.759277
330 9.198360 1076.114868
330 14.249744 1079.210327
330 19.456215 1082.037231
330 24.803493 1084.587646
330 30.276924 1086.854858
330 35.861511 1088.832397
330 41.541943 1090.515015
330 47.302650 1091.898071
330 53.127846 1092.977661
330 59.001556 1093.750977
330 64.907692 1094.215698
360 63.099117 1068.994019
360 68.331421 1068.857056
360 73.549393 1068.446411
360 78.738716 1067.763184
360 83.885170 1066.809326
360 88.974648 1065.587524
360 93.993210 1064.100952
360 98.927094 1062.353760
360 103.762772 1060.350708
360 108.486992 1058.097412
360 113.086807 1055.599854
360 117.549614 1052.865112
360 121.863174 1049.900513
360 126.015663 1046.714111
360 129.995712 1043.314819
360 133.792389 1039.711914
360 137.395309 1035.915283
360 140.794586 1031.935181
360 143.980896 1027.782715
360 146.945526 1023.469177
360 149.680344 1019.006348
360 152.177841 1014.406555
360 154.431168 1009.682312
360 156.434174 1004.846680
360 158.181351 999.912781
360 159.667908 994.894226
360 160.889786 989.804749
360 161.843628 984.658325
360 162.526825 979.468994
360 162.937485 974.251038
360 163.074493 969.018738
360 162.937485 963.786438
360 162.526825 958.568481
360 161.843643 953.379150
360 160.889816 948.232727
360 159.667938 943.143250
360 158.181381 938.124695
360 156.434204 933.190796
360 154.431213 928.355103
360 152.177887 923.630920
360 149.680389 919.031067
360 146.945587 914.568298
360 143.980972 910.254700
360 140.794662 906.102234
360 137.395401 902.122192
360 133.792480 898.325500
360 129.995819 894.722595
360 126.015778 891.323303
360 121.863297 888.136963
360 117.549751 885.172363
360 113.086960 882.437561
360 108.487152 879.940063
360 103.762939 877.686707
360 98.927261 875.683716
360 93.993393 873.936523
360 88.974846 872.449951
360 83.885368 871.228027
360 78.738922 870.274170
360 73.549606 869.591003
360 68.331650 869.180298
360 63.099346 869.043274
360 57.867046 869.180298
360 52.649086 869.590942
360 47.459766 870.274109
360 42.313316 871.227966
360 37.223835 872.449829
360 32.205276 873.936340
360 27.271400 875.683533
360 22.435719 877.686523
360 17.711494 879.939819
360 13.111679 882.437317
360 8.648872 885.172119
360 4.335308 888.136719
360 0.182812 891.322998
360 -3.797237 894.722290
360 -7.593929 898.325195
360 -11.196850 902.121826
360 -14.596142 906.101868
360 -17.782482 910.254395
360 -20.747135 914.567932
360 -23.481960 919.030762
360 -25.979481 923.630554
360 -28.232838 928.354797
360 -30.235859 933.190491
360 -31.983059 938.124390
360 -33.469639 943.142944
360 -34.691525 948.232483
360 -35.645382 953.378906
360 -36.328571 958.568298
360 -36.739239 963.786255
360 -36.876263 969.018555
360 -36.739254 974.250916
360 -36.328594 979.468872
360 -35.645405 984.658203
360 -34.691563 989.804688
360 -33.469685 994.894226
360 -31.983112 999.912781
360 -30.235935 1004.846680
360 -28.232914 1009.682373
360 -25.979572 1014.406616
360 -23.482059 1019.006470
360 -20.747234 1023.469238
360 -17.782597 1027.782837
360 -14.596256 1031.935303
360 -11.196957 1035.915405
360 -7.594028 1039.712036
360 -3.797329 1043.314941
360 0.182739 1046.714233
360 4.335247 1049.900635
360 8.648830 1052.865234
360 13.111656 1055.599976
360 17.711498 1058.097534
360 22.435745 1060.350830
360 27.271442 1062.353882
360 32.205345 1064.101074
360 37.223930 1065.587524
360 42.313431 1066.809448
360 47.459908 1067.763306
360 52.649254 1068.446411
360 57.867237 1068.857056
390 69.272881 1038.206787
390 73.653053 1038.092163
390 78.021217 1037.748413
390 82.365402 1037.176392
390 86.673706 1036.377930
390 90.934311 1035.355103
390 95.135551 1034.110596
390 99.265900 1032.647949
390 103.314034 1030.971191
390 107.268867 1029.084839
390 111.119553 1026.994019
390 114.855545 1024.704590
390 118.466599 1022.222839
390 121.942810 1019.555420
390 125.274666 1016.709778
390 128.453018 1013.693604
390 131.469162 1010.515259
390 134.314835 1007.183411
390 136.982224 1003.707214
390 139.464035 1000.096130
390 141.753448 996.360168
390 143.844208 992.509460
390 145.730560 988.554626
390 147.407349 984.506531
390 148.869995 980.376160
390 150.114441 976.174927
390 151.137329 971.914368
390 151.935822 967.606018
390 152.507751 963.261841
390 152.851532 958.893677
390 152.966232 954.513550
390 152.851532 950.133362
390 152.507751 945.765198
390 151.935837 941.421021
390 151.137344 937.112732
390 150.114471 932.852112
390 148.870010 928.650879
390 147.407379 924.520569
390 145.730591 920.472412
390 143.844238 916.517578
390 141.753494 912.666870
390 139.464081 908.930908
390 136.982285 905.319824
390 134.314896 901.843628
390 131.469238 898.511780
390 128.453094 895.333435
390 125.274750 892.317261
390 121.942917 889.471619
390 118.466705 886.804199
390 114.855667 884.322388
390 111.119682 882.032959
390 107.268997 879.942261
390 103.314178 878.055847
390 99.266045 876.379089
390 95.135704 874.916443
390 90.934479 873.671936
390 86.673874 872.649048
390 82.365578 871.850586
390 78.021400 871.278625
390 73.653236 870.934814
390 69.273071 870.820129
390 64.892906 870.934814
390 60.524742 871.278564
390 56.180561 871.850525
390 51.872261 872.648987
390 47.611656 873.671875
390 43.410423 874.916321
390 39.280075 876.378906
390 35.231941 878.055725
390 31.277103 879.942078
390 27.426414 882.032776
390 23.690422 884.322205
390 20.079369 886.804016
390 16.603149 889.471375
390 13.271290 892.317017
390 10.092930 895.333191
390 7.076778 898.511475
390 4.231102 901.843323
390 1.563690 905.319580
390 -0.918137 908.930603
390 -3.207573 912.666626
390 -5.298340 916.517334
390 -7.184715 920.472168
390 -8.861526 924.520325
390 -10.324173 928.650635
390 -11.568649 932.851929
390 -12.591545 937.112549
390 -13.390053 941.420837
390 -13.961975 945.765015
390 -14.305763 950.133240
390 -14.420471 954.513428
390 -14.305779 958.893616
390 -13.961998 963.261780
390 -13.390076 967.605957
390 -12.591576 971.914307
390 -11.568687 976.174927
390 -10.324226 980.376160
390 -8.861588 984.506531
390 -7.184784 988.554688
390 -5.298416 992.509521
390 -3.207649 996.360229
390 -0.918221 1000.096252
390 1.563599 1003.707275
390 4.231003 1007.183533
390 7.076691 1010.515381
390 10.092850 1013.693726
390 13.271217 1016.709900
390 16.603088 1019.555542
390 20.079319 1022.222961
390 23.690388 1024.704712
390 27.426395 1026.994141
390 31.277107 1029.084961
390 35.231960 1030.971313
390 39.280113 1032.648071
390 43.410480 1034.110718
390 47.611732 1035.355103
390 51.872360 1036.378052
390 56.180679 1037.176514
390 60.524887 1037.748413
390 64.893066 1038.092163
420 102.995842 914.036072
420 106.322449 913.948914
420 109.639946 913.687866
420 112.939224 913.253479
420 116.211250 912.647034
420 119.447052 911.870239
420 122.637772 910.925049
420 125.774643 909.814270
420 128.849075 908.540771
420 131.852661 907.108154
420 134.777145 905.520264
420 137.614517 903.781555
420 140.356995 901.896667
420 142.997086 899.870850
420 145.527527 897.709656
420 147.941391 895.419006
420 150.232056 893.005127
420 152.393265 890.474670
420 154.419067 887.834595
420 156.303925 885.092102
420 158.042679 882.254761
420 159.630539 879.330261
420 161.063171 876.326721
420 162.336639 873.252258
420 163.447464 870.115356
420 164.392593 866.924683
420 165.169449 863.688904
420 165.775879 860.416870
420 166.210236 857.117554
420 166.471329 853.800110
420 166.558441 850.473511
420 166.471344 847.146851
420 166.210251 843.829407
420 165.775894 840.530090
420 165.169464 837.258118
420 164.392609 834.022278
420 163.447479 830.831604
420 162.336670 827.694702
420 161.063202 824.620239
420 159.630569 821.616699
420 158.042709 818.692200
420 156.303970 815.854858
420 154.419113 813.112366
420 152.393311 810.472290
420 150.232117 807.941833
420 147.941452 805.527954
420 145.527588 803.237305
420 142.997162 801.076111
420 140.357086 799.050293
420 137.614609 797.165405
420 134.777237 795.426697
420 131.852753 793.838806
420 128.849182 792.406189
420 125.774750 791.132690
420 122.637886 790.021851
420 119.447174 789.076721
420 116.211380 788.299866
420 112.939354 787.693420
420 109.640083 787.259033
420 106.322594 786.997986
420 102.995987 786.910828
420 99.669380 786.997925
420 96.351891 787.259033
420 93.052612 787.693359
420 89.780594 788.299805
420 86.544785 789.076660
420 83.354080 790.021790
420 80.217201 791.132568
420 77.142761 792.406067
420 74.139183 793.838684
420 71.214699 795.426514
420 68.377327 797.165283
420 65.634842 799.050110
420 62.994751 801.075928
420 60.464306 803.237122
420 58.050434 805.527771
420 55.759758 807.941589
420 53.598553 810.472046
420 51.572731 813.112122
420 49.687859 815.854614
420 47.949100 818.692017
420 46.361225 821.616516
420 44.928577 824.620056
420 43.655090 827.694519
420 42.544254 830.831421
420 41.599113 834.022095
420 40.822254 837.257935
420 40.215813 840.529968
420 39.781452 843.829285
420 39.520355 847.146790
420 39.433239 850.473389
420 39.520348 853.799988
420 39.781437 857.117493
420 40.215794 860.416809
420 40.822231 863.688843
420 41.599083 866.924683
420 42.544216 870.115356
420 43.655045 873.252258
420 44.928528 876.326721
420 46.361168 879.330322
420 47.949039 882.254822
420 49.687794 885.092163
420 51.572662 887.834656
420 53.598476 890.474731
420 55.759693 893.005188
420 58.050373 895.419067
420 60.464249 897.709778
420 62.994705 899.870972
420 65.634796 901.896790
420 68.377304 903.781616
420 71.214684 905.520386
420 74.139183 907.108215
420 77.142776 908.540833
420 80.217232 909.814331
420 83.354126 910.925171
420 86.544846 911.870239
420 89.780670 912.647095
420 93.052704 913.253540
420 96.351997 913.687866
420 99.669502 913.948975
450 67.087425 1053.498413
450 71.802666 1053.375000
450 76.504982 1053.004883
450 81.181488 1052.389282
450 85.819359 1051.529663
450 90.405884 1050.428467
450 94.928505 1049.088867
450 99.374809 1047.514282
450 103.732620 1045.709229
450 107.989983 1043.678589
450 112.135239 1041.427979
450 116.157013 1038.963379
450 120.044296 1036.291748
450 123.786438 1033.420288
450 127.373161 1030.356934
450 130.794647 1027.110107
450 134.041519 1023.688538
450 137.104874 1020.101868
450 139.976318 1016.359680
450 142.647980 1012.472412
450 145.112518 1008.450623
450 147.363220 1004.305420
450 149.393860 1000.048035
450 151.198929 995.690247
450 152.773438 991.243896
450 154.113098 986.721313
450 155.214233 982.134766
450 156.073822 977.496948
450 156.689484 972.820435
450 157.059570 968.118103
450 157.183044 963.402893
450 157.059570 958.687622
450 156.689499 953.985352
450 156.073822 949.308838
450 155.214249 944.670959
450 154.113129 940.084473
450 152.773468 935.561829
450 151.198959 931.115540
450 149.393906 926.757751
450 147.363251 922.500366
450 145.112579 918.355103
450 142.648026 914.333313
450 139.976379 910.446045
450 137.104950 906.703918
450 134.041595 903.117188
450 130.794739 899.695679
450 127.373260 896.448853
450 123.786545 893.385498
450 120.044418 890.514038
450 116.157143 887.842346
450 112.135368 885.377808
450 107.990120 883.127136
450 103.732765 881.096436
450 99.374969 879.291382
450 94.928665 877.716858
450 90.406059 876.377197
450 85.819542 875.276062
450 81.181671 874.416504
450 76.505180 873.800781
450 71.802864 873.430725
450 67.087631 873.307190
450 62.372398 873.430664
450 57.670086 873.800720
450 52.993584 874.416382
450 48.355717 875.276001
450 43.769188 876.377075
450 39.246574 877.716736
450 34.800270 879.291260
450 30.442463 881.096313
450 26.185097 883.126953
450 22.039841 885.377625
450 18.018059 887.842163
450 14.130772 890.513794
450 10.388630 893.385193
450 6.801895 896.448547
450 3.380402 899.695435
450 0.133530 903.116882
450 -2.929832 906.703613
450 -5.801292 910.445740
450 -8.472977 914.333008
450 -10.937546 918.354797
450 -13.188255 922.500061
450 -15.218933 926.757446
450 -17.024010 931.115234
450 -18.598541 935.561584
450 -19.938217 940.084229
450 -21.039360 944.670776
450 -21.898949 949.308655
450 -22.514626 953.985168
450 -22.884712 958.687500
450 -23.008194 963.402771
450 -22.884727 968.117981
450 -22.514648 972.820313
450 -21.898972 977.496826
450 -21.039391 982.134766
450 -19.938255 986.721313
450 -18.598595 991.243896
450 -17.024071 995.690247
450 -15.219002 1000.048035
450 -13.188332 1004.305420
450 -10.937630 1008.450684
450 -8.473068 1012.472473
450 -5.801399 1016.359802
450 -2.929939 1020.101929
450 0.133430 1023.688660
450 3.380318 1027.110107
450 6.801815 1030.357056
450 10.388565 1033.420410
450 14.130714 1036.291870
450 18.018021 1038.963501
450 22.039822 1041.428101
450 26.185101 1043.678711
450 30.442486 1045.709351
450 34.800312 1047.514404
450 39.246635 1049.088989
450 43.769272 1050.428589
450 48.355820 1051.529663
450 52.993713 1052.389282
450 57.670235 1053.004883
450 62.372570 1053.375000
480 67.992859 999.252441
480 70.593857 999.184326
480 73.187729 998.980225
480 75.767357 998.640564
480 78.325684 998.166443
480 80.855682 997.559021
480 83.350426 996.820068
480 85.803078 995.951538
480 88.206909 994.955811
480 90.555336 993.835693
480 92.841919 992.594177
480 95.060402 991.234680
480 97.204681 989.760925
480 99.268906 988.177002
480 101.247398 986.487244
480 103.134743 984.696228
480 104.925766 982.808838
480 106.615555 980.830383
480 108.199493 978.766174
480 109.673218 976.621887
480 111.032700 974.403381
480 112.274216 972.116821
480 113.394356 969.768372
480 114.390060 967.364563
480 115.258591 964.911926
480 115.997559 962.417175
480 116.604958 959.887146
480 117.079117 957.328857
480 117.418732 954.749207
480 117.622879 952.155334
480 117.690987 949.554321
480 117.622879 946.953369
480 117.418739 944.359497
480 117.079132 941.779846
480 116.604965 939.221558
480 115.997574 936.691528
480 115.258598 934.196777
480 114.390076 931.744141
480 113.394379 929.340332
480 112.274239 926.991882
480 111.032730 924.705322
480 109.673248 922.486816
480 108.199524 920.342529
480 106.615601 918.278320
480 104.925812 916.299805
480 103.134796 914.412476
480 101.247452 912.621460
480 99.268967 910.931641
480 97.204750 909.347717
480 95.060471 907.874023
480 92.841995 906.514526
480 90.555412 905.273010
480 88.206993 904.152832
480 85.803162 903.157166
480 83.350517 902.288635
480 80.855774 901.549622
480 78.325783 900.942261
480 75.767464 900.468079
480 73.187836 900.128479
480 70.593971 899.924316
480 67.992973 899.856201
480 65.391975 899.924316
480 62.798111 900.128418
480 60.218479 900.468018
480 57.660160 900.942200
480 55.130161 901.549561
480 52.635418 902.288574
480 50.182770 903.157104
480 47.778934 904.152771
480 45.430504 905.272888
480 43.143921 906.514404
480 40.925442 907.873901
480 38.781155 909.347595
480 36.716934 910.931519
480 34.738434 912.621338
480 32.851086 914.412354
480 31.060059 916.299683
480 29.370262 918.278137
480 27.786320 920.342346
480 26.312580 922.486633
480 24.953087 924.705139
480 23.711563 926.991699
480 22.591408 929.340149
480 21.595699 931.744019
480 20.727161 934.196655
480 19.988178 936.691406
480 19.380772 939.221436
480 18.906609 941.779724
480 18.566990 944.359375
480 18.362846 946.953247
480 18.294731 949.554260
480 18.362839 952.155273
480 18.566978 954.749146
480 18.906593 957.328796
480 19.380753 959.887146
480 19.988155 962.417114
480 20.727131 964.911865
480 21.595665 967.364563
480 22.591370 969.768372
480 23.711517 972.116821
480 24.953041 974.403442
480 26.312531 976.621887
480 27.786263 978.766174
480 29.370205 980.830444
480 31.060005 982.808899
480 32.851040 984.696289
480 34.738392 986.487305
480 36.716896 988.177063
480 38.781124 989.761047
480 40.925423 991.234741
480 43.143909 992.594238
480 45.430508 993.835754
480 47.778946 994.955872
480 50.182793 995.951599
480 52.635452 996.820129
480 55.130207 997.559082
480 57.660217 998.166443
480 60.218552 998.640625
480 62.798195 998.980225
480 65.392075 999.184326
510 97.888435 1006.429016
510 100.330994 1006.365051
510 102.766861 1006.173340
510 105.189354 1005.854431
510 107.591835 1005.409119
510 109.967720 1004.838745
510 112.310493 1004.144775
510 114.613739 1003.329163
510 116.871147 1002.394104
510 119.076523 1001.342224
510 121.223816 1000.176331
510 123.307159 998.899658
510 125.320824 997.515686
510 127.259300 996.028259
510 129.117279 994.441406
510 130.889648 992.759460
510 132.571579 990.987061
510 134.158432 989.129089
510 135.645874 987.190613
510 137.029831 985.176941
510 138.306503 983.093628
510 139.472397 980.946350
510 140.524292 978.740967
510 141.459351 976.483582
510 142.274963 974.180298
510 142.968933 971.837524
510 143.539337 969.461670
510 143.984604 967.059143
510 144.303528 964.636658
510 144.495239 962.200806
510 144.559204 959.758240
510 144.495239 957.315735
510 144.303528 954.879822
510 143.984619 952.457336
510 143.539337 950.054871
510 142.968948 947.679016
510 142.274979 945.336243
510 141.459366 943.032959
510 140.524323 940.775574
510 139.472412 938.570190
510 138.306534 936.422913
510 137.029861 934.339539
510 135.645905 932.325928
510 134.158478 930.387451
510 132.571625 928.529419
510 130.889694 926.757080
510 129.117325 925.075134
510 127.259354 923.488281
510 125.320885 922.000854
510 123.307220 920.616882
510 121.223885 919.340210
510 119.076591 918.174316
510 116.871223 917.122437
510 114.613823 916.187378
510 112.310577 915.371704
510 109.967812 914.677734
510 107.591927 914.107361
510 105.189453 913.662109
510 102.766960 913.343140
510 100.331100 913.151428
510 97.888542 913.087463
510 95.445984 913.151428
510 93.010124 913.343140
510 90.587631 913.662048
510 88.185150 914.107300
510 85.809273 914.677734
510 83.466492 915.371643
510 81.163246 916.187256
510 78.905846 917.122314
510 76.700470 918.174194
510 74.553169 919.340088
510 72.469833 920.616760
510 70.456161 922.000732
510 68.517685 923.488159
510 66.659706 925.075012
510 64.887329 926.756897
510 63.205399 928.529297
510 61.618534 930.387268
510 60.131081 932.325745
510 58.747112 934.339417
510 57.470432 936.422729
510 56.304535 938.570068
510 55.252617 940.775452
510 54.317562 943.032837
510 53.501930 945.336121
510 52.807961 947.678894
510 52.237553 950.054749
510 51.792274 952.457275
510 51.473347 954.879761
510 51.281635 957.315613
510 51.217670 959.758179
510 51.281628 962.200745
510 51.473335 964.636658
510 51.792263 967.059143
510 52.237537 969.461609
510 52.807938 971.837524
510 53.501904 974.180298
510 54.317528 976.483582
510 55.252579 978.740967
510 56.304493 980.946350
510 57.470387 983.093628
510 58.747063 985.177002
510 60.131027 987.190674
510 61.618481 989.129150
510 63.205349 990.987122
510 64.887283 992.759521
510 66.659668 994.441406
510 68.517647 996.028320
510 70.456131 997.515747
510 72.469810 998.899719
510 74.553162 1000.176392
510 76.700470 1001.342285
510 78.905853 1002.394165
510 81.163269 1003.329224
510 83.466522 1004.144836
510 85.809311 1004.838806
510 88.185211 1005.409180
510 90.587700 1005.854431
510 93.010201 1006.173340
510 95.446075 1006.365051
