15.573077
20.601997
25.617134
30.604740
35.551144
40.442791
45.266273
50.008366
54.656075
59.196663
63.617676
67.907005
72.052887
76.043968
79.869301
83.518394
86.981270
90.248405
93.310867
96.160255
98.788765
101.189178
103.354919
105.280060
106.959328
108.388100
109.562485
110.479248
111.135880
111.530579
111.662270
111.530586
111.135887
110.479263
109.562508
108.388130
106.959358
105.280098
103.354958
101.189224
98.788811
96.160316
93.310936
90.248482
86.981354
83.518494
79.869400
76.044083
72.053017
67.907135
63.617821
59.196812
54.656235
50.008533
45.266449
40.442978
35.551338
30.604940
25.617342
20.602211
15.573298
10.544383
5.529252
0.541651
-4.404752
-9.296395
-14.119874
-18.861965
-23.509674
-28.050262
-32.471279
-36.760609
-40.906498
-44.897583
-48.722919
-52.372028
-55.834904
-59.102055
-62.164539
-65.013954
-67.642479
-70.042908
-72.208679
-74.133842
-75.813118
-77.241913
-78.416313
-79.333084
-79.989716
-80.384422
-80.516121
-80.384438
-79.989738
-79.333115
-78.416344
-77.241959
-75.813179
-74.133911
-72.208755
-70.042999
-67.642570
-65.014053
-62.164646
-59.102169
-55.835003
-52.372120
-48.723011
-44.897652
-40.906555
-36.760651
-32.471298
-28.050259
-23.509651
-18.861923
-14.119809
-9.296308
-4.404639
0.541788
5.529413
10.544569
4.116940
10.184814
16.236057
22.254082
28.222393
34.124634
39.944622
45.666412
51.274319
56.752972
62.087349
67.262840
72.265244
77.080864
81.696495
86.099480
90.277771
94.219887
97.915039
101.353104
104.524643
107.420967
110.034149
112.357018
114.383209
116.107162
117.524170
118.630333
119.422623
119.898865
120.057762
119.898872
119.422638
118.630356
117.524193
116.107201
114.383247
112.357063
110.034195
107.421028
104.524704
101.353172
97.915123
94.219978
90.277870
86.099602
81.696617
77.081001
72.265396
67.263000
62.087521
56.753151
51.274513
45.666618
39.944839
34.124855
28.222626
22.254322
16.236307
10.185074
4.117207
-1.950660
-8.001897
-14.019916
-19.988224
-25.890461
-31.710449
-37.432240
-43.040146
-48.518799
-53.853180
-59.028667
-64.031075
-68.846703
-73.462341
-77.865341
-82.043625
-85.985756
-89.680939
-93.119026
-96.290588
-99.186943
-101.800148
-104.123039
-106.149254
-107.873230
-109.290253
-110.396423
-111.188721
-111.664970
-111.823875
-111.664986
-111.188751
-110.396461
-109.290291
-107.873283
-106.149323
-104.123123
-101.800240
-99.187050
-96.290703
-93.119148
-89.681068
-85.985893
-82.043747
-77.865448
-73.462440
-68.846786
-64.031143
-59.028717
-53.853203
-48.518795
-43.040119
-37.432190
-31.710373
-25.890354
-19.988087
-14.019750
-8.001702
-1.950437
8.982422
15.180376
21.361343
27.508379
33.604637
39.633408
45.578163
51.422615
57.150742
62.746841
68.195572
73.482010
78.591660
83.510513
88.225090
92.722466
96.990326
101.016953
104.791321
108.303085
111.542618
114.501038
117.170235
119.542900
121.612526
123.373444
124.820816
125.950699
126.759972
127.246429
127.408730
127.246437
126.759987
125.950722
124.820847
123.373474
121.612564
119.542946
117.170280
114.501091
111.542679
108.303154
104.791405
101.017044
96.990433
92.722588
88.225220
83.510651
78.591812
73.482178
68.195755
62.747025
57.150940
51.422825
45.578384
39.633636
33.604874
27.508627
21.361599
15.180641
8.982694
2.784746
-3.396214
-9.543245
-15.639498
-21.668266
-27.613022
-33.457470
-39.185596
-44.781700
-50.230434
-55.516876
-60.626526
-65.545387
-70.259972
-74.757362
-79.025223
-83.051857
-86.826256
-90.338051
-93.577606
-96.536049
-99.205276
-101.577965
-103.647614
-105.408546
-106.855949
-107.985832
-108.795113
-109.281578
-109.443886
-109.281593
-108.795143
-107.985870
-106.855988
-105.408607
-103.647682
-101.578049
-99.205368
-96.536156
-93.577721
-90.338173
-86.826393
-83.052002
-79.025345
-74.757477
-70.260078
-65.545471
-60.626595
-55.516922
-50.230461
-44.781696
-39.185570
-33.457417
-27.612938
-21.668156
-15.639359
-9.543076
-3.396014
2.784975
11.013029
19.098763
27.162336
35.181644
43.134705
50.999725
58.755150
66.379707
73.852509
81.153084
88.261398
95.157990
101.823929
108.240974
114.391525
120.258720
125.826485
131.079544
136.003510
140.584900
144.811142
148.670624
152.152817
155.248154
157.948151
160.245407
162.133621
163.607651
164.663406
165.298035
165.509766
165.298035
164.663422
163.607681
162.133667
160.245453
157.948196
155.248215
152.152878
148.670700
144.811218
140.584991
136.003616
131.079666
125.826622
120.258873
114.391693
108.241158
101.824135
95.158195
88.261627
81.153320
73.852768
66.379982
58.755432
51.000023
43.135017
35.181969
27.162670
19.099110
11.013384
2.927658
-5.135906
-13.155207
-21.108267
-28.973280
-36.728699
-44.353256
-51.826065
-59.126633
-66.234947
-73.131538
-79.797493
-86.214546
-92.365105
-98.232315
-103.800087
-109.053162
-113.977165
-118.558594
-122.784851
-126.644379
-130.126602
-133.221970
-135.921997
-138.219284
-140.107529
-141.581558
-142.637329
-143.271957
-143.483704
-143.271973
-142.637360
-141.581604
-140.107590
-138.219360
-135.922089
-133.222076
-130.126724
-126.644516
-122.785004
-118.558746
-113.977341
-109.053345
-103.800247
-98.232460
-92.365242
-86.214653
-79.797585
-73.131599
-66.234985
-59.126625
-51.826027
-44.353188
-36.728592
-28.973139
-21.108084
-13.154985
-5.135647
2.927957
6.223487
13.661779
21.079683
28.456869
35.773113
43.008362
50.142788
57.156834
64.031273
70.747269
77.286407
83.630768
89.762962
95.666176
101.324242
106.721634
111.843575
116.676010
121.205711
125.420250
129.308075
132.858536
136.061890
138.909378
141.393173
143.506485
145.243515
146.599503
147.570740
148.154541
148.349319
148.154541
147.570755
146.599533
145.243546
143.506531
141.393219
138.909424
136.061951
132.858597
129.308151
125.420334
121.205811
116.676125
111.843704
106.721771
101.324394
95.666344
89.763145
83.630966
77.286621
70.747490
64.031509
57.157082
50.143051
43.008636
35.773399
28.457165
21.079990
13.662096
6.223814
-1.214470
-8.632368
-16.009544
-23.325783
-30.561031
-37.695454
-44.709499
-51.583939
-58.299934
-64.839073
-71.183441
-77.315636
-83.218864
-88.876930
-94.274345
-99.396286
-104.228737
-108.758469
-112.973045
-116.860901
-120.411392
-123.614784
-126.462303
-128.946136
-131.059464
-132.796524
-134.152527
-135.123749
-135.707565
-135.902359
-135.707581
-135.123795
-134.152573
-132.796570
-131.059540
-128.946213
-126.462395
-123.614891
-120.411522
-116.861038
-112.973190
-108.758629
-104.228912
-99.396439
-94.274475
-88.877060
-83.218964
-77.315720
-71.183495
-64.839104
-58.299934
-51.583904
-44.709435
-37.695354
-30.560898
-23.325617
-16.009340
-8.632128
-1.214196
6.339623
14.788578
23.214373
31.593918
39.904240
48.122562
56.226368
64.193428
72.001923
79.630440
87.058067
94.264458
101.229843
107.935150
114.361992
120.492737
126.310616
131.799652
136.944824
141.732010
146.148087
150.180954
153.819565
157.053940
159.875229
162.275681
164.248718
165.788956
166.892151
167.555267
167.776520
167.555283
166.892166
165.788986
164.248764
162.275726
159.875275
157.054001
153.819626
150.181030
146.148178
141.732101
136.944931
131.799774
126.310760
120.492905
114.362160
107.935341
101.230057
94.264679
87.058311
79.630692
72.002190
64.193718
56.226665
48.122875
39.904564
31.594255
23.214724
14.788939
6.339994
-2.108951
-10.534740
-18.914276
-27.224594
-35.442913
-43.546711
-51.513775
-59.322266
-66.950783
-74.378418
-81.584808
-88.550201
-95.255516
-101.682365
-107.813141
-113.631020
-119.120071
-124.265266
-129.052490
-133.468597
-137.501495
-141.140152
-144.374557
-147.195877
-149.596359
-151.569427
-153.109665
-154.212860
-154.876007
-155.097260
-154.876022
-154.212906
-153.109711
-151.569473
-149.596436
-147.195969
-144.374680
-141.140274
-137.501648
-133.468750
-129.052643
-124.265450
-119.120262
-113.631187
-107.813293
-101.682510
-95.255630
-88.550301
-81.584877
-74.378448
-66.950783
-59.322227
-51.513702
-43.546600
-35.442764
-27.224403
-18.914045
-10.534468
-2.108640
4.104540
11.533850
18.942797
26.311071
33.618481
40.844994
47.970806
54.976379
61.842522
68.550400
75.081642
81.418343
87.543129
93.439217
99.090446
104.481323
109.597076
114.423683
118.947906
123.157364
127.040497
130.586670
133.786163
136.630203
139.111008
141.221756
142.956696
144.311050
145.281097
145.864197
146.058746
145.864212
145.281113
144.311081
142.956726
141.221802
139.111053
136.630249
133.786209
130.586731
127.040573
123.157448
118.948006
114.423790
109.597206
104.481461
99.090599
93.439384
87.543312
81.418541
75.081856
68.550621
61.842758
54.976631
47.971069
40.845268
33.618767
26.311369
18.943104
11.534166
4.104867
-3.324435
-10.733374
-18.101643
-25.409048
-32.635555
-39.761364
-46.766937
-53.633076
-60.340961
-66.872208
-73.208916
-79.333702
-85.229797
-90.881042
-96.271927
-101.387688
-106.214310
-110.738571
-114.948059
-118.831215
-122.377419
-125.576950
-128.421021
-130.901840
-133.012634
-134.747589
-136.101944
-137.072006
-137.655121
-137.849670
-137.655136
-137.072037
-136.101990
-134.747635
-133.012695
-130.901932
-128.421127
-125.577057
-122.377548
-118.831352
-114.948196
-110.738731
-106.214478
-101.387840
-96.272064
-90.881165
-85.229904
-79.333786
-73.208969
-66.872238
-60.340961
-53.633041
-46.766872
-39.761265
-32.635426
-25.408880
-18.101440
-10.733135
-3.324161
-0.003211
6.603275
13.191652
19.743866
26.241951
32.668098
39.004700
45.234379
51.340069
57.305031
63.112911
68.747795
74.194237
79.437317
84.462646
89.256462
93.805634
98.097672
102.120819
105.864067
109.317123
112.470543
115.315681
117.844742
120.050781
121.927765
123.470543
124.674904
125.537514
126.056038
126.229034
126.056046
125.537529
124.674927
123.470573
121.927803
120.050819
117.844788
115.315735
112.470604
109.317192
105.864136
102.120911
98.097771
93.805748
89.256592
84.462784
79.437462
74.194405
68.747971
63.113098
57.305225
51.340279
45.234600
39.004932
32.668343
26.242205
19.744129
13.191926
6.603557
-0.002921
-6.609399
-13.197771
-19.749975
-26.248056
-32.674206
-39.010803
-45.240482
-51.346172
-57.311134
-63.119019
-68.753906
-74.200356
-79.443436
-84.468781
-89.262611
-93.811783
-98.103828
-102.127014
-105.870285
-109.323372
-112.476814
-115.321983
-117.851067
-120.057129
-121.934135
-123.476936
-124.681305
-125.543922
-126.062454
-126.235458
-126.062469
-125.543953
-124.681343
-123.476982
-121.934196
-120.057205
-117.851158
-115.322083
-112.476929
-109.323486
-105.870415
-102.127151
-98.103981
-93.811913
-89.262733
-84.468895
-79.443527
-74.200432
-68.753960
-63.119045
-57.311131
-51.346142
-45.240429
-39.010715
-32.674088
-26.247908
-19.749794
-13.197558
-6.609156
-8.230923
-0.727074
6.756207
14.198410
21.579134
28.878151
36.075455
43.151318
50.086346
56.861530
63.458302
69.858582
76.044815
82.000061
87.707993
93.152954
98.320038
103.195068
107.764679
112.016373
115.938461
119.520218
122.751801
125.624390
128.130081
130.262009
132.014343
133.382294
134.362076
134.951019
135.147522
134.951035
134.362091
133.382309
132.014374
130.262054
128.130112
125.624435
122.751862
119.520279
115.938538
112.016449
107.764786
103.195175
98.320160
93.153091
87.708145
82.000229
76.044998
69.858780
63.458515
56.861759
50.086586
43.151569
36.075722
28.878429
21.579422
14.198709
6.756517
-0.726754
-8.230594
-15.734434
-23.217709
-30.659903
-38.040623
-45.339638
-52.536938
-59.612801
-66.547829
-73.323013
-79.919785
-86.320068
-92.506302
-98.461563
-104.169495
-109.614471
-114.781570
-119.656616
-124.226257
-128.477982
-132.400101
-135.981888
-139.213516
-142.086121
-144.591843
-146.723801
-148.476166
-149.844116
-150.823914
-151.412872
-151.609375
-151.412888
-150.823944
-149.844162
-148.476212
-146.723877
-144.591934
-142.086227
-139.213623
-135.982010
-132.400238
-128.478134
-124.226425
-119.656784
-114.781723
-109.614609
-104.169632
-98.461670
-92.506393
-86.320129
-79.919815
-73.323013
-66.547791
-59.612736
-52.536839
-45.339504
-38.040455
-30.659698
-23.217466
-15.734158
-0.464717
7.502131
15.447142
23.348543
31.184669
38.934044
46.575436
54.087891
61.450821
68.644051
75.647850
82.443039
89.010971
95.333664
101.393784
107.174706
112.660606
117.836433
122.688004
127.202026
131.366119
135.168869
138.599854
141.649673
144.309967
146.573456
148.433914
149.886261
150.926498
151.551788
151.760406
151.551788
150.926514
149.886292
148.433945
146.573502
144.310013
141.649734
138.599915
135.168930
131.366196
127.202118
122.688110
117.836548
112.660744
107.174858
101.393944
95.333847
89.011169
82.443245
75.648079
68.644287
61.451073
54.088158
46.575718
38.934338
31.184975
23.348860
15.447472
7.502471
-0.464367
-8.431207
-16.376209
-24.277599
-32.113724
-39.863098
-47.504486
-55.016941
-62.379871
-69.573090
-76.576897
-83.372086
-89.940025
-96.262726
-102.322853
-108.103798
-113.589699
-118.765541
-123.617149
-128.131210
-132.295334
-136.098129
-139.529144
-142.578995
-145.239319
-147.502823
-149.363312
-150.815674
-151.855927
-152.481216
-152.689850
-152.481232
-151.855957
-150.815720
-149.363373
-147.502899
-145.239410
-142.579102
-139.529266
-136.098267
-132.295486
-128.131363
-123.617325
-118.765724
-113.589867
-108.103943
-102.322990
-96.262833
-89.940117
-83.372147
-76.576927
-69.573090
-62.379833
-55.016872
-47.504379
-39.862957
-32.113544
-24.277382
-16.375954
-8.430913
4.673505
13.435499
22.173477
30.863491
39.481716
48.004532
56.408588
64.670837
72.768639
80.679802
88.382629
95.856018
103.079483
110.033218
116.698181
123.056084
129.089508
134.781921
140.117706
145.082275
149.661972
153.844254
157.617676
160.971893
163.897720
166.387100
168.433243
170.030548
171.174606
171.862305
172.091751
171.862320
171.174637
170.030579
168.433289
166.387146
163.897766
160.971954
157.617752
153.844330
149.662064
145.082367
140.117828
134.782059
129.089661
123.056252
116.698364
110.033417
103.079697
95.856247
88.382881
80.680061
72.768921
64.671135
56.408897
48.004856
39.482052
30.863840
22.173841
13.435873
4.673890
-4.088095
-12.826065
-21.516068
-30.134291
-38.657108
-47.061157
-55.323406
-63.421207
-71.332367
-79.035194
-86.508583
-93.732056
-100.685806
-107.350777
-113.708694
-119.742134
-125.434555
-130.770386
-135.734985
-140.314713
-144.497040
-148.270508
-151.624756
-154.550598
-157.040009
-159.086197
-160.683502
-161.827576
-162.515274
-162.744736
-162.515305
-161.827621
-160.683548
-159.086243
-157.040100
-154.550705
-151.624878
-148.270630
-144.497192
-140.314865
-135.735153
-130.770584
-125.434753
-119.742310
-113.708855
-107.350929
-100.685928
-93.732155
-86.508659
-79.035233
-71.332359
-63.421169
-55.323330
-47.061043
-38.656952
-30.134092
-21.515829
-12.825783
-4.087772
18.444786
26.728874
34.990257
43.206291
51.354450
59.412411
67.358078
75.169678
82.825806
90.305466
97.588158
104.653931
111.483398
118.057861
124.359291
130.370422
136.074768
141.456696
146.501465
151.195221
155.525146
159.479309
163.046906
166.218201
168.984406
171.338013
173.272583
174.782745
175.864410
176.514587
176.731537
176.514618
175.864441
174.782776
173.272614
171.338074
168.984467
166.218231
163.046997
159.479370
155.525208
151.195313
146.501556
141.456818
136.074905
130.370575
124.359467
118.058052
111.483604
104.654144
97.588394
90.305710
82.826065
75.169960
67.358368
59.412716
51.354771
43.206619
34.990601
26.729229
18.445150
10.161070
1.899696
-6.316328
-14.464485
-22.522442
-30.468109
-38.279709
-45.935829
-53.415497
-60.698189
-67.763962
-74.593437
-81.167908
-87.469353
-93.480492
-99.184845
-104.566788
-109.611595
-114.305397
-118.635338
-122.589546
-126.157188
-129.328491
-132.094757
-134.448395
-136.382965
-137.893158
-138.974823
-139.625031
-139.841949
-139.625031
-138.974854
-137.893188
-136.383026
-134.448456
-132.094849
-129.328613
-126.157310
-122.589684
-118.635490
-114.305565
-109.611763
-104.566978
-99.185013
-93.480644
-87.469498
-81.168022
-74.593536
-67.764023
-60.698219
-53.415489
-45.935791
-38.279636
-30.467999
-22.522293
-14.464298
-6.316103
1.899961
10.161376
24.212200
32.997250
41.758217
50.471100
59.112000
67.657242
76.083412
84.367401
92.486511
100.418488
108.141586
115.634644
122.877106
129.849136
136.531647
142.906265
148.955582
154.662964
160.012802
164.990417
169.582169
173.775452
177.558807
180.921860
183.855377
186.351303
188.402832
190.004349
191.151413
191.840927
192.070969
191.840927
191.151428
190.004379
188.402878
186.351364
183.855423
180.921921
177.558884
173.775543
169.582260
164.990524
160.012924
154.663101
148.955734
142.906433
136.531815
129.849335
122.877319
115.634872
108.141830
100.418747
92.486786
84.367691
76.083725
67.657570
59.112339
50.471451
41.758583
32.997623
24.212585
15.427546
6.666584
-2.046286
-10.687183
-19.232426
-27.658588
-35.942577
-44.061687
-51.993664
-59.716763
-67.209824
-74.452301
-81.424347
-88.106842
-94.481491
-100.530807
-106.238205
-111.588074
-116.565735
-121.157516
-125.350845
-129.134247
-132.497314
-135.430862
-137.926834
-139.978394
-141.579910
-142.726990
-143.416504
-143.646561
-143.416519
-142.727020
-141.579956
-139.978455
-137.926910
-135.430969
-132.497437
-129.134369
-125.350998
-121.157684
-116.565903
-111.588272
-106.238403
-100.530991
-94.481659
-88.106995
-81.424469
-74.452393
-67.209885
-59.716801
-51.993656
-44.061642
-35.942501
-27.658470
-19.232269
-10.686985
-2.046045
6.666866
15.427870
22.945915
31.913471
40.856445
49.750332
58.570747
67.293518
75.894730
84.350815
92.638596
100.735359
108.618896
116.267616
123.660545
130.777420
137.598755
144.105804
150.280792
156.106750
161.567719
166.648743
171.335876
175.616272
179.478241
182.911133
185.905609
188.453400
190.547546
192.182312
193.353210
194.057037
194.291870
194.057068
193.353241
192.182343
190.547577
188.453430
185.905640
182.911194
179.478302
175.616364
171.335968
166.648834
161.567841
156.106873
150.280945
144.105988
137.598938
130.777618
123.660767
116.267853
108.619148
100.735626
92.638885
84.351120
75.895050
67.293846
58.571091
49.750687
40.856819
31.913853
22.946308
13.978764
5.035795
-3.858080
-12.678490
-21.401253
-30.002468
-38.458553
-46.746330
-54.843094
-62.726639
-70.375359
-77.768295
-84.885185
-91.706520
-98.213600
-104.388580
-110.214546
-115.675560
-120.756630
-125.443810
-129.724243
-133.586243
-137.019196
-140.013672
-142.561493
-144.655670
-146.290466
-147.461365
-148.165222
-148.400055
-148.165222
-147.461395
-146.290497
-144.655731
-142.561584
-140.013763
-137.019318
-133.586365
-129.724396
-125.443962
-120.756813
-115.675758
-110.214760
-104.388763
-98.213760
-91.706673
-84.885307
-77.768394
-70.375427
-62.726669
-54.843086
-46.746292
-38.458477
-30.002350
-21.401096
-12.678288
-3.857834
5.036085
13.979094
15.407300
23.528145
31.626732
39.680866
47.668461
55.567635
63.356731
71.014404
78.519653
85.851929
92.991112
99.917648
106.612541
113.057449
119.234711
125.127373
130.719315
135.995193
140.940536
145.541824
149.786407
153.662659
157.159973
160.268753
162.980469
165.287704
167.184128
168.664551
169.724884
170.362259
170.574921
170.362274
169.724915
168.664566
167.184158
165.287750
162.980515
160.268799
157.160034
153.662735
149.786499
145.541916
140.940659
135.995316
130.719452
125.127533
119.234871
113.057632
106.612740
99.917862
92.991341
85.852173
78.519913
71.014671
63.357018
55.567936
47.668774
39.681190
31.627068
23.528492
15.407657
7.286819
-0.811761
-8.865884
-16.853477
-24.752647
-32.541740
-40.199409
-47.704662
-55.036938
-62.176121
-69.102654
-75.797554
-82.242470
-88.419739
-94.312431
-99.904373
-105.180267
-110.125648
-114.726974
-118.971588
-122.847870
-126.345215
-129.454025
-132.165771
-134.473038
-136.369476
-137.849915
-138.910263
-139.547653
-139.760315
-139.547668
-138.910309
-137.849960
-136.369537
-134.473099
-132.165863
-129.454132
-126.345337
-122.848007
-118.971725
-114.727127
-110.125824
-105.180450
-99.904541
-94.312576
-88.419884
-82.242584
-75.797646
-69.102715
-62.176151
-55.036930
-47.704628
-40.199341
-32.541634
-24.752502
-16.853294
-8.865661
-0.811500
7.287119
5.145225
11.503593
17.844532
24.150665
30.404705
36.589512
42.688133
48.683846
54.560226
60.301167
65.890923
71.314186
76.556076
81.602234
86.438835
91.052612
95.430931
99.561775
103.433830
107.036484
110.359863
113.394852
116.133133
118.567207
120.690407
122.496895
123.981728
125.140854
125.971069
126.470116
126.636620
126.470123
125.971085
125.140877
123.981758
122.496925
120.690437
118.567253
116.133186
113.394905
110.359932
107.036560
103.433914
99.561867
95.431038
91.052734
86.438965
81.602379
76.556236
71.314346
65.891098
60.301353
54.560429
48.684059
42.688358
36.589745
30.404953
24.150921
17.844797
11.503864
5.145504
-1.212858
-7.553793
-13.859920
-20.113956
-26.298759
-32.397373
-38.393089
-44.269470
-50.010406
-55.600166
-61.023430
-66.265327
-71.311493
-76.148102
-80.761894
-85.140213
-89.271072
-93.143150
-96.745842
-100.069237
-103.104256
-105.842567
-108.276665
-110.399879
-112.206390
-113.691246
-114.850380
-115.680603
-116.179657
-116.346169
-116.179672
-115.680634
-114.850418
-113.691292
-112.206451
-110.399956
-108.276749
-105.842659
-103.104362
-100.069359
-96.745964
-93.143288
-89.271217
-85.140343
-80.762009
-76.148216
-71.311584
-66.265396
-61.023476
-55.600193
-50.010403
-44.269440
-38.393036
-32.397289
-26.298645
-20.113811
-13.859746
-7.553588
-1.212624
11.648881
19.522846
27.375229
35.184509
42.929279
50.588306
58.140610
65.565483
72.842567
79.951935
86.874077
93.590042
100.081398
106.330376
112.319847
118.033371
123.455315
128.570801
133.365814
137.827209
141.942749
145.701157
149.092148
152.106415
154.735703
156.972794
158.811554
160.246979
161.275085
161.893082
162.099274
161.893097
161.275101
160.246994
158.811600
156.972839
154.735748
152.106476
149.092209
145.701233
141.942825
137.827301
133.365921
128.570923
123.455452
118.033524
112.320007
106.330559
100.081596
93.590248
86.874298
79.952164
72.842819
65.565742
58.140888
50.588600
42.929581
35.184822
27.375557
19.523182
11.649226
3.775270
-4.077106
-11.886378
-19.631142
-27.290169
-34.842468
-42.267338
-49.544426
-56.653793
-63.575943
-70.291901
-76.783272
-83.032257
-89.021736
-94.735283
-100.157227
-105.272728
-110.067772
-114.529205
-118.644775
-122.403229
-125.794250
-128.808548
-131.437851
-133.674973
-135.513763
-136.949188
-137.977310
-138.595306
-138.801514
-138.595337
-137.977341
-136.949234
-135.513809
-133.675034
-131.437943
-128.808655
-125.794357
-122.403351
-118.644913
-114.529350
-110.067940
-105.272903
-100.157387
-94.735420
-89.021873
-83.032372
-76.783363
-70.291969
-63.575974
-56.653786
-49.544392
-42.267269
-34.842365
-27.290031
-19.630966
-11.886163
-4.076854
3.775560
15.481751
22.912235
30.322350
37.691792
45.000351
52.228004
59.354942
66.361626
73.228851
79.937790
86.470062
92.807762
98.933517
104.830536
110.482658
115.874382
120.990952
125.818314
130.343262
134.553375
138.437119
141.983856
145.183853
148.028351
150.509537
152.620621
154.355835
155.710403
156.680603
157.263794
157.458374
157.263809
156.680618
155.710419
154.355865
152.620667
150.509583
148.028397
145.183899
141.983917
138.437195
134.553467
130.343353
125.818420
120.991074
115.874527
110.482811
104.830704
98.933701
92.807961
86.470276
79.938011
73.229088
66.361870
59.355202
52.228279
45.000637
37.692085
30.322659
22.912552
15.482078
8.051603
0.641494
-6.727939
-14.036496
-21.264149
-28.391079
-35.397762
-42.264984
-48.973930
-55.506203
-61.843910
-67.969666
-73.866692
-79.518829
-84.910568
-90.027138
-94.854515
-99.379486
-103.589645
-107.473419
-111.020180
-114.220215
-117.064728
-119.545959
-121.657074
-123.392303
-124.746872
-125.717087
-126.300293
-126.494873
-126.300308
-125.717117
-124.746918
-123.392349
-121.657135
-119.546036
-117.064835
-114.220322
-111.020309
-107.473549
-103.589790
-99.379654
-94.854683
-90.027290
-84.910706
-79.518951
-73.866798
-67.969749
-61.843964
-55.506233
-48.973930
-42.264950
-35.397697
-28.390984
-21.264015
-14.036330
-6.727735
0.641732
8.051877
9.020913
16.013416
22.986752
29.921810
36.799576
43.601204
50.308052
56.901733
63.364178
69.677673
75.824905
81.789040
87.553719
93.103142
98.422104
103.496025
108.311005
112.853821
117.112045
121.074005
124.728828
128.066498
131.077881
133.754715
136.089661
138.076309
139.709244
140.983963
141.896988
142.445801
142.628906
142.445801
141.897003
140.983994
139.709274
138.076355
136.089691
133.754761
131.077942
128.066574
124.728897
121.074081
117.112137
112.853928
108.311119
103.496162
98.422249
93.103302
87.553894
81.789223
75.825104
69.677879
63.364399
56.901966
50.308300
43.601463
36.799847
29.922089
22.987041
16.013714
9.021220
2.028726
-4.944604
-11.879653
-18.757420
-25.559044
-32.265888
-38.859570
-45.322014
-51.635509
-57.782745
-63.746880
-69.511566
-75.060997
-80.379974
-85.453903
-90.268883
-94.811722
-99.069977
-103.031967
-106.686813
-110.024513
-113.035927
-115.712784
-118.047752
-120.034431
-121.667381
-122.942116
-123.855141
-124.403954
-124.587074
-124.403969
-123.855171
-122.942146
-121.667427
-120.034492
-118.047829
-115.712875
-113.036026
-110.024635
-106.686943
-103.032097
-99.070122
-94.811874
-90.269028
-85.454033
-80.380089
-75.061096
-69.511642
-63.746933
-57.782776
-51.635506
-45.321980
-38.859509
-32.265797
-25.558922
-18.757259
-11.879462
-4.944379
2.028984
7.574656
14.749483
21.904644
29.020529
36.077629
43.056610
49.938332
56.703941
63.334885
69.813004
76.120522
82.240166
88.155151
93.849274
99.306931
104.513145
109.453674
114.114944
118.484200
122.549461
126.299583
129.724289
132.814194
135.560822
137.956650
139.995102
141.670593
142.978561
143.915390
144.478516
144.666397
144.478516
143.915405
142.978592
141.670639
139.995148
137.956680
135.560867
132.814240
129.724350
126.299660
122.549545
118.484299
114.115051
109.453796
104.513290
99.307083
93.849442
88.155334
82.240356
76.120728
69.813217
63.335114
56.704178
49.938583
43.056870
36.077908
29.020815
21.904942
14.749788
7.574970
0.400151
-6.755004
-13.870882
-20.927979
-27.906954
-34.788673
-41.554283
-48.185226
-54.663345
-60.970871
-67.090515
-73.005508
-78.699646
-84.157303
-89.363541
-94.304062
-98.965355
-103.334641
-107.399933
-111.150085
-114.574814
-117.664742
-120.411400
-122.807243
-124.845726
-126.521248
-127.829231
-128.766052
-129.329178
-129.517075
-129.329193
-128.766083
-127.829262
-126.521309
-124.845787
-122.807335
-120.411499
-117.664848
-114.574936
-111.150215
-107.400078
-103.334793
-98.965515
-94.304214
-89.363670
-84.157433
-78.699738
-73.005592
-67.090576
-60.970901
-54.663338
-48.185196
-41.554222
-34.788582
-27.906828
-20.927818
-13.870686
-6.754773
0.400415
0.106182
7.240460
14.355184
21.430853
28.448072
35.387608
42.230438
48.957809
55.551281
61.992786
68.264656
74.349716
80.231270
85.893219
91.320030
96.496819
101.409424
106.044350
110.388916
114.431206
118.160133
121.565475
124.637909
127.369019
129.751312
131.778244
133.444275
134.744843
135.676376
136.236328
136.423141
136.236328
135.676392
134.744873
133.444305
131.778290
129.751358
127.369064
124.637970
121.565544
118.160202
114.431282
110.389008
106.044456
101.409546
96.496956
91.320175
85.893379
80.231453
74.349899
68.264862
61.993000
55.551510
48.958050
42.230690
35.387871
28.448347
21.431139
14.355478
7.240765
0.106495
-7.027776
-14.142494
-21.218155
-28.235369
-35.174900
-42.017731
-48.745102
-55.338573
-61.780079
-68.051956
-74.137016
-80.018585
-85.680534
-91.107353
-96.284164
-101.196770
-105.831711
-110.176308
-114.218628
-117.947578
-121.352959
-124.425423
-127.156555
-129.538864
-131.565811
-133.231873
-134.532455
-135.463989
-136.023941
-136.210770
-136.023956
-135.464020
-134.532486
-133.231918
-131.565887
-129.538940
-127.156654
-124.425529
-121.353081
-117.947708
-114.218765
-110.176460
-105.831871
-101.196915
-96.284294
-91.107475
-85.680634
-80.018661
-74.137077
-68.051987
-61.780075
-55.338539
-48.745041
-42.017635
-35.174774
-28.235209
-21.217958
-14.142264
-7.027513
0.294699
6.746780
13.181175
19.580252
25.926466
32.202423
38.390930
44.475014
50.438000
56.263554
61.935692
67.438881
72.758034
77.878563
82.786453
87.468224
91.911072
96.102798
100.031921
103.687675
107.060036
110.139755
112.918396
115.388344
117.542831
119.375946
120.882668
122.058876
122.901329
123.407730
123.576683
123.407730
122.901344
122.058891
120.882690
119.375977
117.542862
115.388390
112.918442
110.139809
107.060104
103.687752
100.032005
96.102890
91.911186
87.468353
82.786583
77.878716
72.758194
67.439049
61.935875
56.263744
50.438206
44.475227
38.391155
32.202663
25.926714
19.580509
13.181442
6.747055
0.294982
-6.157091
-12.591482
-18.990551
-25.336761
-31.612717
-37.801216
-43.885300
-49.848286
-55.673840
-61.345982
-66.849174
-72.168327
-77.288872
-82.196762
-86.878555
-91.321404
-95.513138
-99.442291
-103.098076
-106.470459
-109.550201
-112.328873
-114.798843
-116.953354
-118.786491
-120.293236
-121.469452
-122.311913
-122.818321
-122.987282
-122.818329
-122.311943
-121.469482
-120.293282
-118.786545
-116.953430
-114.798935
-112.328972
-109.550316
-106.470573
-103.098198
-99.442429
-95.513283
-91.321533
-86.878670
-82.196877
-77.288956
-72.168404
-66.849228
-61.346008
-55.673836
-49.848259
-43.885242
-37.801132
-31.612604
-25.336617
-18.990374
-12.591274
-6.156853
14.589345
19.845444
25.087135
30.300053
35.469906
40.582531
45.623909
50.580219
55.437885
60.183590
64.804321
69.287422
73.620590
77.791962
81.790108
85.604050
89.223351
92.638084
95.838890
98.817001
101.564247
104.073090
106.336678
108.348785
110.103905
111.597229
112.824661
113.782837
114.469131
114.881660
115.019302
114.881668
114.469147
113.782860
112.824684
111.597260
110.103935
108.348824
106.336716
104.073143
101.564301
98.817062
95.838959
92.638161
89.223442
85.604149
81.790215
77.792084
73.620720
69.287560
64.804474
60.183746
55.438053
50.580399
45.624096
40.582726
35.470108
30.300262
25.087353
19.845667
14.589576
9.333483
4.091797
-1.121116
-6.290967
-11.403588
-16.444965
-21.401279
-26.258945
-31.004650
-35.625381
-40.108479
-44.441654
-48.613033
-52.611179
-56.425137
-60.044437
-63.459179
-66.660004
-69.638145
-72.385406
-74.894279
-77.157883
-79.170013
-80.925148
-82.418488
-83.645935
-84.604126
-85.290428
-85.702965
-85.840607
-85.702972
-85.290451
-84.604156
-83.645973
-82.418541
-80.925209
-79.170082
-77.157959
-74.894371
-72.385498
-69.638245
-66.660118
-63.459301
-60.044544
-56.425228
-52.611271
-48.613106
-44.441715
-40.108521
-35.625404
-31.004646
-26.258919
-21.401234
-16.444897
-11.403495
-6.290849
-1.120972
4.091966
9.333677
22.916023
27.361118
31.794029
36.202606
40.574768
44.898521
49.162033
53.353600
57.461735
61.475189
65.382950
69.174316
72.838898
76.366638
79.747871
82.973328
86.034187
88.922035
91.628960
94.147552
96.470909
98.592651
100.506966
102.208611
103.692924
104.955826
105.993866
106.804207
107.384605
107.733482
107.849884
107.733490
107.384613
106.804222
105.993889
104.955849
103.692947
102.208641
100.506996
98.592690
96.470955
94.147606
91.629021
88.922096
86.034264
82.973419
79.747963
76.366730
72.839005
69.174438
65.383080
61.475323
57.461880
53.353745
49.162186
44.898689
40.574936
36.202785
31.794212
27.361307
22.916218
18.471128
14.038221
9.629648
5.257492
0.933735
-3.329769
-7.521336
-11.629475
-15.642929
-19.550694
-23.342060
-27.006638
-30.534386
-33.915627
-37.141098
-40.201954
-43.089806
-45.796761
-48.315376
-50.638741
-52.760498
-54.674835
-56.376495
-57.860825
-59.123741
-60.161804
-60.972145
-61.552551
-61.901428
-62.017838
-61.901443
-61.552567
-60.972168
-60.161835
-59.123787
-57.860878
-56.376556
-54.674904
-52.760574
-50.638824
-48.315460
-45.796852
-43.089912
-40.202042
-37.141178
-33.915703
-30.534443
-27.006691
-23.342098
-19.550713
-15.642925
-11.629456
-7.521297
-3.329710
0.933813
5.257591
9.629769
14.038364
18.471292
10.727468
15.615000
20.489136
25.336515
30.143852
34.897968
39.585838
44.194603
48.711647
53.124573
57.421288
61.590027
65.619347
69.498215
73.215996
76.762505
80.128014
83.303299
86.279663
89.048943
91.603546
93.936470
96.041321
97.912346
99.544395
100.932999
102.074356
102.965355
103.603523
103.987129
104.115112
103.987129
103.603531
102.965370
102.074379
100.933029
99.544418
97.912376
96.041367
93.936516
91.603592
89.048996
86.279724
83.303375
80.128098
76.762596
73.216103
69.498329
65.619469
61.590157
57.421425
53.124718
48.711800
44.194771
39.586010
34.898148
30.144039
25.336710
20.489338
15.615209
10.727683
5.840157
0.966025
-3.881349
-8.688683
-13.442799
-18.130665
-22.739431
-27.256472
-31.669397
-35.966118
-40.134857
-44.164185
-48.043053
-51.760849
-55.307358
-58.672867
-61.848167
-64.824547
-67.593849
-70.148468
-72.481415
-74.586296
-76.457329
-78.089394
-79.478020
-80.619400
-81.510391
-82.148567
-82.532181
-82.660172
-82.532188
-82.148590
-81.510422
-80.619431
-79.478065
-78.089455
-76.457397
-74.586365
-72.481499
-70.148560
-67.593948
-64.824654
-61.848274
-58.672974
-55.307449
-51.760925
-48.043121
-44.164238
-40.134895
-35.966141
-31.669397
-27.256449
-22.739389
-18.130600
-13.442711
-8.688572
-3.881215
0.966183
5.840337
22.641121
25.086483
27.525143
29.950417
32.355656
34.734268
37.079731
39.385620
41.645615
43.853523
46.003284
48.089012
50.104988
52.045692
53.905800
55.680210
57.364063
58.952744
60.441895
61.827442
63.105576
64.272797
65.325912
66.262039
67.078598
67.773354
68.344406
68.790192
69.109482
69.301414
69.365448
69.301414
69.109489
68.790199
68.344421
67.773361
67.078613
66.262054
65.325935
64.272827
63.105602
61.827469
60.441929
58.952782
57.364105
55.680256
53.905849
52.045746
50.105053
48.089081
46.003357
43.853596
41.645695
39.385704
37.079819
34.734356
32.355751
29.950514
27.525244
25.086588
22.641228
20.195869
17.757210
15.331940
12.926702
10.548092
8.202628
5.896738
3.636744
1.428837
-0.720926
-2.806656
-4.822636
-6.763340
-8.623449
-10.397865
-12.081718
-13.670406
-15.159569
-16.545124
-17.823269
-18.990505
-20.043629
-20.979759
-21.796326
-22.491089
-23.062153
-23.507942
-23.827236
-24.019169
-24.083206
-24.019173
-23.827248
-23.507957
-23.062168
-22.491112
-21.796352
-20.979794
-20.043667
-18.990547
-17.823315
-16.545170
-15.159622
-13.670460
-12.081772
-10.397907
-8.623491
-6.763372
-4.822662
-2.806675
-0.720936
1.428839
3.636755
5.896759
8.202660
10.548136
12.926758
15.332006
17.757290
20.195959
13.729696
16.605482
19.473385
22.325546
25.154144
27.951429
30.709736
33.421501
36.079288
38.675819
41.203976
43.656830
46.027649
48.309944
50.497459
52.584190
54.564438
56.432747
58.184013
59.813438
61.316544
62.689224
63.927704
65.028595
65.988876
66.805923
67.477493
68.001747
68.377235
68.602951
68.678253
68.602951
68.377243
68.001755
67.477509
66.805939
65.988899
65.028610
63.927727
62.689247
61.316574
59.813469
58.184052
56.432793
54.564484
52.584251
50.497520
48.310013
46.027718
43.656902
41.204056
38.675903
36.079380
33.421593
30.709837
27.951536
25.154255
22.325661
19.473503
16.605604
13.729822
10.854040
7.986140
5.133983
2.305385
-0.491899
-3.250204
-5.961967
-8.619757
-11.216290
-13.744446
-16.197296
-18.568121
-20.850420
-23.037939
-25.124681
-27.104921
-28.973242
-30.724520
-32.353958
-33.857079
-35.229759
-36.468254
-37.569160
-38.529457
-39.346512
-40.018089
-40.542343
-40.917839
-41.143555
-41.218864
-41.143562
-40.917854
-40.542358
-40.018105
-39.346535
-38.529488
-37.569199
-36.468300
-35.229813
-33.857124
-32.354012
-30.724585
-28.973307
-27.104982
-25.124731
-23.037989
-20.850462
-18.568155
-16.197321
-13.744457
-11.216288
-8.619743
-5.961943
-3.250166
-0.491849
2.305449
5.134061
7.986232
10.854146
10.475008
12.266150
14.052384
15.828813
17.590567
19.332817
21.050789
22.739773
24.395138
26.012352
27.586979
29.114704
30.591335
32.012833
33.375298
34.674988
35.908356
37.072006
38.162758
39.177620
40.113815
40.968765
41.740135
42.425812
43.023911
43.532791
43.951073
44.277596
44.511467
44.652046
44.698952
44.652046
44.511467
44.277603
43.951080
43.532806
43.023918
42.425819
41.740150
40.968781
40.113831
39.177643
38.162781
37.072033
35.908386
34.675026
33.375332
32.012871
30.591381
29.114750
27.587030
26.012405
24.395195
22.739832
21.050850
19.332882
17.590635
15.828884
14.052458
12.266228
10.475086
8.683946
6.897714
5.121288
3.359535
1.617286
-0.100685
-1.789669
-3.445037
-5.062250
-6.636877
-8.164602
-9.641237
-11.062735
-12.425200
-13.724897
-14.958263
-16.121920
-17.212679
-18.227551
-19.163748
-20.018707
-20.790085
-21.475767
-22.073874
-22.582766
-23.001047
-23.327574
-23.561445
-23.702028
-23.748934
-23.702032
-23.561453
-23.327581
-23.001059
-22.582781
-22.073893
-21.475792
-20.790112
-20.018738
-19.163780
-18.227585
-17.212719
-16.121960
-14.958300
-13.724930
-12.425230
-11.062759
-9.641256
-8.164616
-6.636885
-5.062249
-3.445028
-1.789654
-0.100661
1.617317
3.359576
5.121337
6.897772
8.684011
7.955523
9.593252
11.226492
12.850767
14.461624
16.054647
17.625473
19.169792
20.683376
22.162073
23.601830
24.998703
26.348862
27.648602
28.894371
30.082741
31.210468
32.274452
33.271782
34.199718
35.055725
35.837448
36.542747
37.169693
37.716568
38.181866
38.564316
38.862873
39.076714
39.205250
39.248138
39.205254
39.076717
38.862877
38.564323
38.181873
37.716576
37.169704
36.542763
35.837463
35.055740
34.199738
33.271801
32.274475
31.210499
30.082775
28.894402
27.648640
26.348900
24.998745
23.601877
22.162121
20.683430
19.169849
17.625530
16.054708
14.461687
12.850832
11.226561
9.593323
7.955595
6.317868
4.684629
3.060357
1.449501
-0.143522
-1.714347
-3.258667
-4.772250
-6.250947
-7.690705
-9.087577
-10.437737
-11.737481
-12.983251
-14.171626
-15.299354
-16.363342
-17.360676
-18.288620
-19.144630
-19.926361
-20.631672
-21.258625
-21.805500
-22.270805
-22.653263
-22.951820
-23.165661
-23.294201
-23.337090
-23.294205
-23.165668
-22.951828
-22.653271
-22.270821
-21.805519
-21.258644
-20.631695
-19.926392
-19.144661
-18.288654
-17.360710
-16.363377
-15.299386
-14.171657
-12.983277
-11.737504
-10.437755
-9.087590
-7.690712
-6.250946
-4.772243
-3.258654
-1.714326
-0.143494
1.449538
3.060401
4.684682
6.317928
