968.250549
968.129578
967.766846
967.163452
966.320984
965.241821
963.928894
962.385742
960.616638
958.626465
956.420654
954.005188
951.386780
948.572571
945.570313
942.388123
939.034851
935.519592
931.852051
928.042236
924.100647
920.037964
915.865479
911.594543
907.236877
902.804382
898.309265
893.763855
889.180603
884.571960
879.950745
875.329468
870.720886
866.137573
861.592163
857.097046
852.664612
848.306885
844.035950
839.863464
835.800842
831.859192
828.049377
824.381836
820.866638
817.513306
814.331177
811.328857
808.514648
805.896240
803.480835
801.274963
799.284790
797.515686
795.972534
794.659607
793.580383
792.737915
792.134521
791.771851
791.650818
791.771790
792.134521
792.737854
793.580322
794.659485
795.972412
797.515564
799.284607
801.274780
803.480591
805.895996
808.514404
811.328613
814.330872
817.513062
820.866333
824.381531
828.049072
831.858887
835.800537
839.863159
844.035706
848.306641
852.664368
857.096802
861.591980
866.137390
870.720703
875.329346
879.950623
884.571899
889.180481
893.763794
898.309265
902.804382
907.236877
911.594543
915.865540
920.038025
924.100708
928.042297
931.852173
935.519714
939.034912
942.388245
945.570435
948.572693
951.386902
954.005310
956.420776
958.626587
960.616760
962.385864
963.928955
965.241943
966.321045
967.163513
967.766907
968.129578
1017.458069
1017.292419
1016.796021
1015.970154
1014.817139
1013.340088
1011.543091
1009.431030
1007.009705
1004.285828
1001.266724
997.960815
994.377075
990.525391
986.416199
982.060913
977.471313
972.660156
967.640442
962.426086
957.031311
951.470886
945.760132
939.914612
933.950378
927.883789
921.731445
915.510254
909.237244
902.929626
896.604614
890.279663
883.971985
877.698975
871.477783
865.325439
859.258850
853.294617
847.449097
841.738342
836.177917
830.783142
825.568787
820.549072
815.737915
811.148315
806.793030
802.683838
798.832153
795.248413
791.942444
788.923401
786.199463
783.778198
781.666138
779.869080
778.392029
777.239014
776.413147
775.916687
775.751038
775.916687
776.413086
777.238892
778.391907
779.868958
781.665955
783.777954
786.199280
788.923157
791.942200
795.248108
798.831787
802.683533
806.792664
811.147949
815.737488
820.548706
825.568359
830.782715
836.177490
841.737915
847.448730
853.294312
859.258545
865.325134
871.477478
877.698730
883.971741
890.279419
896.604431
902.929443
909.237122
915.510132
921.731384
927.883728
933.950378
939.914612
945.760132
951.470947
957.031372
962.426208
967.640564
972.660278
977.471436
982.061035
986.416382
990.525513
994.377258
997.960999
1001.266907
1004.285950
1007.009888
1009.431152
1011.543213
1013.340210
1014.817200
1015.970215
1016.796082
1017.292480
1041.317383
1041.133179
1040.581299
1039.663208
1038.381226
1036.739136
1034.741211
1032.393188
1029.701172
1026.672852
1023.316345
1019.640930
1015.656616
1011.374390
1006.805969
1001.963806
996.861328
991.512329
985.931641
980.134460
974.136658
967.954773
961.605713
955.106812
948.475952
941.731323
934.891357
927.974792
921.000610
913.987976
906.956055
899.924133
892.911499
885.937317
879.020813
872.180847
865.436157
858.805298
852.306396
845.957336
839.775452
833.777710
827.980469
822.399780
817.050842
811.948303
807.106140
802.537720
798.255493
794.271179
790.595764
787.239258
784.210876
781.518921
779.170776
777.172974
775.530762
774.248901
773.330688
772.778809
772.594604
772.778748
773.330627
774.248779
775.530640
777.172791
779.170654
781.518738
784.210632
787.238953
790.595459
794.270874
798.255127
802.537354
807.105774
811.947876
817.050354
822.399292
827.980042
833.777222
839.774963
845.956909
852.306030
858.804932
865.435791
872.180481
879.020447
885.937073
892.911255
899.923889
906.955872
913.987793
921.000488
927.974670
934.891235
941.731262
948.475952
955.106812
961.605774
967.954834
974.136780
980.134583
985.931763
991.512512
996.861450
1001.963989
1006.806152
1011.374573
1015.656799
1019.641113
1023.316528
1026.673096
1029.701416
1032.393311
1034.741455
1036.739258
1038.381348
1039.663208
1040.581421
1041.133301
1103.359619
1103.126709
1102.428711
1101.267578
1099.646484
1097.569702
1095.043091
1092.073608
1088.669189
1084.839478
1080.594604
1075.946533
1070.907837
1065.492310
1059.714844
1053.591187
1047.138306
1040.373779
1033.316162
1025.984741
1018.399719
1010.581787
1002.552429
994.333618
985.947937
977.418335
968.768188
960.021179
951.201355
942.332825
933.439941
924.546997
915.678467
906.858643
898.111633
889.461487
880.931885
872.546143
864.327393
856.298035
848.480103
840.895020
833.563660
826.506042
819.741455
813.288574
807.164978
801.387512
795.971985
790.933228
786.285156
782.040344
778.210510
774.806152
771.836609
769.309998
767.233276
765.612122
764.450928
763.752930
763.520020
763.752930
764.450867
765.612000
767.233154
769.309814
771.836365
774.805908
778.210205
782.039978
786.284729
790.932861
795.971558
801.387024
807.164490
813.288025
819.740906
826.505432
833.563049
840.894470
848.479553
856.297485
864.326843
872.545654
880.931396
889.461060
898.111206
906.858276
915.678162
924.546692
933.439636
942.332581
951.201172
960.021057
968.768066
977.418274
985.947937
994.333679
1002.552490
1010.581909
1018.399841
1025.984863
1033.316284
1040.374023
1047.138550
1053.591431
1059.715088
1065.492554
1070.908081
1075.946777
1080.594849
1084.839600
1088.669434
1092.073730
1095.043335
1097.569824
1099.646606
1101.267700
1102.428833
1103.126709
1117.176147
1116.931152
1116.196777
1114.975098
1113.269531
1111.084595
1108.426270
1105.302002
1101.720215
1097.690918
1093.224854
1088.334595
1083.033325
1077.335571
1071.257080
1064.814331
1058.025146
1050.908081
1043.482666
1035.769287
1027.788940
1019.563660
1011.115906
1002.468811
993.646118
984.672058
975.571106
966.368347
957.088867
947.758179
938.401917
929.045593
919.714905
910.435425
901.232666
892.131714
883.157654
874.334961
865.687866
857.240112
849.014771
841.034485
833.321045
825.895630
818.778564
811.989441
805.546753
799.468201
793.770508
788.469177
783.578857
779.112854
775.083435
771.501709
768.377380
765.719116
763.534180
761.828491
760.606812
759.872498
759.627441
759.872437
760.606750
761.828369
763.533997
765.718933
768.377136
771.501404
775.083130
779.112488
783.578430
788.468750
793.770020
799.467712
805.546204
811.988831
818.777954
825.895020
833.320435
841.033875
849.014221
857.239502
865.687317
874.334412
883.157166
892.131287
901.232239
910.435059
919.714539
929.045288
938.401611
947.757996
957.088684
966.368164
975.571045
984.671997
993.646118
1002.468872
1011.115967
1019.563782
1027.789063
1035.769409
1043.482910
1050.908325
1058.025391
1064.814575
1071.257202
1077.335815
1083.033569
1088.334839
1093.225098
1097.691162
1101.720459
1105.302246
1108.426514
1111.084717
1113.269653
1114.975220
1116.196899
1116.931152
1131.804565
1131.552124
1130.795166
1129.536011
1127.778076
1125.526001
1122.786133
1119.565918
1115.874146
1111.721069
1107.117920
1102.077393
1096.613403
1090.740723
1084.475586
1077.835083
1070.837402
1063.501831
1055.848389
1047.898071
1039.672729
1031.194946
1022.487732
1013.575195
1004.481567
995.231934
985.851563
976.366211
966.801819
957.184631
947.541077
937.897461
928.280273
918.715881
909.230530
899.850159
890.600525
881.506958
872.594360
863.887207
855.409302
847.183960
839.233704
831.580261
824.244690
817.247070
810.606567
804.341370
798.468689
793.004639
787.964111
783.360962
779.207886
775.516113
772.295898
769.556030
767.303955
765.545959
764.286743
763.529846
763.277283
763.529785
764.286682
765.545837
767.303833
769.555786
772.295654
775.515808
779.207520
783.360596
787.963684
793.004150
798.468201
804.340820
810.605957
817.246460
824.244080
831.579590
839.233032
847.183350
855.408691
863.886597
872.593750
881.506409
890.599976
899.849670
909.230103
918.715515
928.279907
937.897156
947.540771
957.184448
966.801636
976.366089
985.851501
995.231873
1004.481567
1013.575195
1022.487793
1031.195068
1039.672974
1047.898315
1055.848633
1063.502075
1070.837646
1077.835205
1084.475830
1090.740967
1096.613647
1102.077759
1107.118164
1111.721313
1115.874390
1119.566162
1122.786255
1125.526123
1127.778198
1129.536133
1130.795288
1131.552124
1067.937134
1067.738159
1067.141846
1066.149780
1064.764648
1062.990234
1060.831421
1058.294189
1055.385498
1052.113159
1048.486328
1044.514893
1040.209717
1035.582642
1030.646240
1025.414063
1019.900635
1014.120850
1008.090698
1001.826538
995.345764
988.665955
981.805542
974.783203
967.618347
960.330444
952.939575
945.466003
937.930115
930.352661
922.754395
915.156128
907.578674
900.042847
892.569214
885.178345
877.890503
870.725586
863.703308
856.842834
850.163086
843.682251
837.418152
831.387939
825.608215
820.094727
814.862610
809.926208
805.299072
800.993896
797.022400
793.395569
790.123291
787.214600
784.677307
782.518555
780.744141
779.359009
778.366821
777.770508
777.571472
777.770447
778.366760
779.358887
780.744019
782.518372
784.677124
787.214355
790.123047
793.395264
797.022095
800.993530
805.298706
809.925781
814.862183
820.094238
825.607666
831.387451
837.417603
843.681763
850.162598
856.842346
863.702820
870.725159
877.890076
885.177979
892.568909
900.042542
907.578430
915.155884
922.754211
930.352478
937.929993
945.465881
952.939514
960.330444
967.618347
974.783264
981.805603
988.666077
995.345886
1001.826721
1008.090820
1014.121033
1019.900757
1025.414307
1030.646362
1035.582764
1040.209961
1044.515137
1048.486572
1052.113403
1055.385620
1058.294434
1060.831543
1062.990356
1064.764648
1066.149780
1067.141968
1067.738281
1049.856567
1049.666260
1049.095703
1048.146606
1046.821533
1045.124023
1043.058838
1040.631592
1037.848999
1034.718506
1031.248901
1027.449707
1023.331116
1018.904541
1014.182190
1009.176880
1003.902405
998.373230
992.604431
986.611877
980.411987
974.021790
967.458740
960.740906
953.886597
946.914673
939.844177
932.694580
925.485413
918.236450
910.967529
903.698669
896.449707
889.240540
882.090881
875.020447
868.048523
861.194214
854.476318
847.913269
841.523071
835.323181
829.330627
823.561890
818.032654
812.758179
807.752869
803.030518
798.603943
794.485413
790.686096
787.216492
784.086060
781.303406
778.876160
776.810974
775.113525
773.788391
772.839233
772.268738
772.078369
772.268677
772.839172
773.788269
775.113342
776.810791
778.875977
781.303223
784.085815
787.216187
790.685791
794.485046
798.603577
803.030090
807.752441
812.757751
818.032166
823.561401
829.330139
835.322693
841.522583
847.912842
854.475891
861.193787
868.048096
875.020081
882.090576
889.240234
896.449402
903.698425
910.967346
918.236267
925.485229
932.694458
939.844116
946.914612
953.886597
960.740906
967.458801
974.021912
980.412109
986.612000
992.604553
998.373352
1003.902588
1009.177063
1014.182373
1018.904785
1023.331299
1027.449829
1031.249146
1034.718750
1037.849121
1040.631836
1043.058960
1045.124146
1046.821655
1048.146729
1049.095825
1049.666260
1065.005371
1064.803955
1064.199951
1063.195190
1061.792358
1059.995361
1057.808960
1055.239380
1052.293579
1048.979614
1045.306519
1041.284302
1036.924194
1032.238037
1027.238770
1021.939880
1016.356079
1010.502563
1004.395508
998.051453
991.487976
984.723022
977.775024
970.663147
963.406860
956.026001
948.540894
940.971924
933.339966
925.665833
917.970642
910.275452
902.601379
894.969360
887.400452
879.915283
872.534424
865.278137
858.166260
851.218323
844.453308
837.889832
831.545837
825.438721
819.585205
814.001404
808.702576
803.703186
799.017029
794.656921
790.634827
786.961731
783.647705
780.701843
778.132263
775.945923
774.148926
772.746033
771.741272
771.137268
770.935791
771.137268
771.741211
772.745972
774.148743
775.945740
778.132019
780.701599
783.647461
786.961426
790.634460
794.656555
799.016663
803.702759
808.702087
814.000916
819.584717
825.438171
831.545288
837.889343
844.452820
851.217834
858.165833
865.277710
872.534058
879.914917
887.400085
894.969055
902.601074
910.275208
917.970459
925.665649
933.339844
940.971863
948.540833
956.026001
963.406860
970.663208
977.775085
984.723083
991.488098
998.051636
1004.395630
1010.502747
1016.356262
1021.940063
1027.238892
1032.238281
1036.924438
1041.284546
1045.306641
1048.979736
1052.293701
1055.239624
1057.809204
1059.995483
1061.792480
1063.195313
1064.199951
1064.803955
1091.506104
1091.281982
1090.610352
1089.492920
1087.932739
1085.934204
1083.502686
1080.644897
1077.368652
1073.682983
1069.597900
1065.124756
1060.275635
1055.063965
1049.503906
1043.610718
1037.400757
1030.890747
1024.098755
1017.043213
1009.743652
1002.219971
994.492737
986.583252
978.513184
970.304565
961.979980
953.562134
945.074219
936.539429
927.981201
919.422974
910.888245
902.400330
893.982483
885.657898
877.449280
869.379150
861.469666
853.742493
846.218811
838.919189
831.863708
825.071716
818.561707
812.351685
806.458557
800.898499
795.686768
790.837708
786.364502
782.279419
778.593750
775.317505
772.459717
770.028198
768.029663
766.469482
765.351990
764.680298
764.456177
764.680237
765.351929
766.469360
768.029480
770.028015
772.459473
775.317261
778.593445
782.279114
786.364136
790.837280
795.686340
800.898010
806.458069
812.351135
818.561157
825.071106
831.863159
838.918640
846.218262
853.741943
861.469177
869.378662
877.448853
885.657471
893.982117
902.399963
910.887939
919.422729
927.980957
936.539246
945.074036
953.562012
961.979858
970.304504
978.513184
986.583313
994.492798
1002.220032
1009.743774
1017.043396
1024.098877
1030.890869
1037.400879
1043.610962
1049.504150
1055.064209
1060.275879
1065.125000
1069.598145
1073.683228
1077.368896
1080.645020
1083.502808
1085.934326
1087.932861
1089.492920
1090.610352
1091.282104
1097.592529
1097.367065
1096.690918
1095.566284
1093.995972
1091.984375
1089.537109
1086.660767
1083.363281
1079.653564
1075.541992
1071.039673
1066.159058
1060.913452
1055.317383
1049.385864
1043.135498
1036.583252
1029.747070
1022.645691
1015.298645
1007.726074
999.948608
991.987732
983.865173
975.603210
967.224487
958.751953
950.208862
941.618652
933.004761
924.390930
915.800659
907.257568
898.785095
890.406372
882.144409
874.021851
866.060913
858.283508
850.710938
843.363892
836.262512
829.426331
822.874084
816.623657
810.692200
805.096069
799.850464
794.969849
790.467529
786.355957
782.646301
779.348755
776.472412
774.025085
772.013550
770.443237
769.318481
768.642395
768.416809
768.642334
769.318359
770.443115
772.013367
774.024902
776.472168
779.348511
782.645996
786.355591
790.467163
794.969421
799.849976
805.095581
810.691711
816.623108
822.873535
829.425781
836.261963
843.363281
850.710388
858.282959
866.060425
874.021362
882.143921
890.405945
898.784668
907.257263
915.800354
924.390625
933.004517
941.618408
950.208740
958.751831
967.224426
975.603149
983.865173
991.987793
999.948730
1007.726135
1015.298767
1022.645813
1029.747192
1036.583374
1043.135742
1049.386108
1055.317505
1060.913696
1066.159302
1071.039917
1075.542236
1079.653809
1083.363403
1086.660889
1089.537231
1091.984497
1093.996094
1095.566406
1096.691040
1097.367065
1111.768433
1111.534424
1110.833008
1109.666138
1108.036987
1105.950073
1103.411011
1100.426880
1097.005859
1093.157104
1088.891479
1084.220459
1079.156982
1073.714722
1067.908813
1061.755127
1055.270386
1048.472656
1041.380249
1034.012695
1026.390381
1018.533936
1010.465027
1002.205811
993.778809
985.207214
976.514465
967.724426
958.861145
949.948975
941.012329
932.075623
923.163452
914.300171
905.510132
896.817383
888.245789
879.818787
871.559570
863.490662
855.634277
848.011841
840.644348
833.552002
826.754150
820.269470
814.115723
808.309814
802.867676
797.804138
793.133118
788.867432
785.018738
781.597656
778.613464
776.074402
773.987427
772.358276
771.191406
770.489990
770.255981
770.489929
771.191345
772.358154
773.987305
776.074219
778.613220
781.597351
785.018433
788.867065
793.132690
797.803711
802.867188
808.309326
814.115234
820.268921
826.753540
833.551392
840.643799
848.011230
855.633667
863.490112
871.559021
879.818298
888.245300
896.816956
905.509705
914.299805
923.163086
932.075317
941.012024
949.948792
958.861023
967.724304
976.514404
985.207153
993.778809
1002.205811
1010.465088
1018.534058
1026.390503
1034.012939
1041.380371
1048.472778
1055.270630
1061.755371
1067.909058
1073.714966
1079.157104
1084.220703
1088.891724
1093.157349
1097.005981
1100.427124
1103.411255
1105.950195
1108.037109
1109.666260
1110.833130
1111.534424
1077.099854
1076.886719
1076.247681
1075.184692
1073.700562
1071.799316
1069.486328
1066.767822
1063.651245
1060.145142
1056.259155
1052.003906
1047.390991
1042.433228
1037.144165
1031.538086
1025.630615
1019.437866
1012.976807
1006.265076
999.321106
992.164001
984.813354
977.289246
969.612366
961.803711
953.884705
945.877014
937.802673
929.683716
921.542480
913.401245
905.282349
897.208008
889.200317
881.281311
873.472656
865.795776
858.271667
850.920959
843.763855
836.819946
830.108215
823.647095
817.454346
811.546875
805.940857
800.651733
795.693970
791.081116
786.825867
782.939880
779.433716
776.317139
773.598633
771.285522
769.384338
767.900208
766.837158
766.198181
765.984985
766.198120
766.837097
767.900085
769.384216
771.285400
773.598389
776.316895
779.433472
782.939514
786.825500
791.080750
795.693542
800.651306
805.940369
811.546387
817.453796
823.646545
830.107666
836.819397
843.763306
850.920471
858.271179
865.795288
873.472229
881.280884
889.199951
897.207642
905.282043
913.401001
921.542297
929.683533
937.802490
945.876892
953.884583
961.803650
969.612305
977.289246
984.813416
992.164124
999.321289
1006.265198
1012.976929
1019.438049
1025.630859
1031.538330
1037.144287
1042.433472
1047.391235
1052.004028
1056.259277
1060.145264
1063.651367
1066.767944
1069.486450
1071.799561
1073.700684
1075.184814
1076.247803
1076.886719
1111.573975
1111.337524
1110.628418
1109.448975
1107.802124
1105.692627
1103.125977
1100.109497
1096.651367
1092.760986
1088.448975
1083.727417
1078.608887
1073.107788
1067.238892
1061.018433
1054.463501
1047.591919
1040.422729
1032.975342
1025.270264
1017.328735
1009.172363
1000.823547
992.305237
983.640686
974.853699
965.968384
957.009033
948.000244
938.966675
929.933105
920.924255
911.964905
903.079590
894.292603
885.628052
877.109741
868.760925
860.604553
852.662964
844.957947
837.510620
830.341309
823.469788
816.914795
810.694336
804.825500
799.324341
794.205872
789.484253
785.172302
781.281921
777.823730
774.807190
772.240601
770.131042
768.484192
767.304688
766.595642
766.359070
766.595581
767.304565
768.484070
770.130859
772.240417
774.806946
777.823425
781.281616
785.171936
789.483826
794.205444
799.323853
804.825012
810.693848
816.914246
823.469177
830.340698
837.510010
844.957336
852.662415
860.604004
868.760376
877.109192
885.627563
894.292114
903.079163
911.964539
920.923950
929.932800
938.966370
948.000000
957.008850
965.968262
974.853638
983.640625
992.305237
1000.823608
1009.172424
1017.328796
1025.270386
1032.975464
1040.422852
1047.592163
1054.463745
1061.018677
1067.239136
1073.108032
1078.609131
1083.727539
1088.449219
1092.761230
1096.651611
1100.109741
1103.126221
1105.692749
1107.802246
1109.449097
1110.628540
1111.337524
1087.536133
1087.322021
1086.680176
1085.612305
1084.121582
1082.211792
1079.888306
1077.157471
1074.026855
1070.505005
1066.601563
1062.327148
1057.693481
1052.713379
1047.400391
1041.769165
1035.835083
1029.614380
1023.124207
1016.382263
1009.407043
1002.217712
994.833923
987.275940
979.564453
971.720642
963.765930
955.722229
947.611511
939.455994
931.278076
923.100220
914.944702
906.833984
898.790222
890.835571
882.991760
875.280273
867.722229
860.338440
853.149109
846.173889
839.431946
832.941772
826.721069
820.786987
815.155762
809.842773
804.862671
800.229065
795.954651
792.051147
788.529236
785.398621
782.667786
780.344360
778.434570
776.943726
775.875916
775.234070
775.019897
775.234009
775.875854
776.943604
778.434448
780.344177
782.667603
785.398315
788.528931
792.050781
795.954285
800.228699
804.862305
809.842346
815.155273
820.786499
826.720581
832.941162
839.431396
846.173340
853.148560
860.337952
867.721802
875.279785
882.991333
890.835144
898.789856
906.833618
914.944397
923.099915
931.277893
939.455811
947.611328
955.722107
963.765869
971.720581
979.564453
987.275940
994.833984
1002.217834
1009.407227
1016.382446
1023.124390
1029.614624
1035.835327
1041.769409
1047.400635
1052.713623
1057.693726
1062.327271
1066.601685
1070.505249
1074.027100
1077.157715
1079.888428
1082.211914
1084.121582
1085.612427
1086.680176
1087.322021
1059.874756
1059.676270
1059.081787
1058.092651
1056.711792
1054.942749
1052.790649
1050.261108
1047.361206
1044.098877
1040.483154
1036.523804
1032.231689
1027.618652
1022.697388
1017.481201
1011.984497
1006.222351
1000.210571
993.965576
987.504456
980.845032
974.005493
967.004639
959.861572
952.595886
945.227539
937.776733
930.263855
922.709473
915.134338
907.559265
900.004883
892.492004
885.041138
877.672791
870.407166
863.264099
856.263184
849.423645
842.764221
836.303162
830.058167
824.046326
818.284180
812.787476
807.571350
802.650024
798.036987
793.744873
789.785522
786.169739
782.907471
780.007568
777.478027
775.325806
773.556885
772.175903
771.186768
770.592224
770.393860
770.592224
771.186707
772.175781
773.556702
775.325684
777.477844
780.007324
782.907166
786.169434
789.785217
793.744507
798.036560
802.649536
807.570862
812.786987
818.283691
824.045837
830.057617
836.302612
842.763733
849.423157
856.262756
863.263672
870.406738
877.672424
885.040833
892.491699
900.004578
907.558960
915.134155
922.709290
930.263672
937.776611
945.227478
952.595825
959.861572
967.004639
974.005554
980.845154
987.504578
993.965698
1000.210693
1006.222534
1011.984680
1017.481384
1022.697571
1027.618896
1032.231934
1036.524048
1040.483398
1044.099121
1047.361450
1050.261230
1052.790771
1054.942871
1056.711914
1058.092773
1059.081787
1059.676392
1059.024292
1058.827759
1058.238403
1057.258057
1055.889404
1054.135986
1052.002930
1049.495850
1046.621582
1043.388184
1039.804443
1035.880127
1031.625977
1027.053711
1022.175964
1017.005981
1011.557922
1005.846802
999.888184
993.698425
987.294556
980.694031
973.915039
966.976074
959.896240
952.694885
945.391724
938.006836
930.560425
923.072937
915.564819
908.056763
900.569275
893.122864
885.737976
878.434814
871.233459
864.153564
857.214600
850.435608
843.835083
837.431213
831.241455
825.282898
819.571716
814.123657
808.953674
804.075867
799.503662
795.249573
791.325256
787.741455
784.508057
781.633789
779.126709
776.993530
775.240173
773.871460
772.891113
772.301819
772.105225
772.301758
772.891052
773.871338
775.240051
776.993347
779.126465
781.633545
784.507751
787.741150
791.324951
795.249207
799.503296
804.075439
808.953247
814.123230
819.571228
825.282349
831.240967
837.430725
843.834656
850.435181
857.214172
864.153137
871.233032
878.434448
885.737610
893.122498
900.568970
908.056519
915.564636
923.072754
930.560303
938.006714
945.391663
952.694824
959.896240
966.976135
973.915100
980.694092
987.294678
993.698547
999.888306
1005.846924
1011.558105
1017.006165
1022.176147
1027.053955
1031.626221
1035.880249
1039.804565
1043.388306
1046.621826
1049.495972
1052.003052
1054.136230
1055.889526
1057.258179
1058.238525
1058.827759
1014.165527
1013.993408
1013.477478
1012.619141
1011.420837
1009.885803
1008.018188
1005.823181
1003.306763
1000.475830
997.338196
993.902405
990.177917
986.174866
981.904297
977.377930
972.608093
967.607910
962.391052
956.971863
951.365173
945.586365
939.651245
933.576111
927.377563
921.072693
914.678711
908.213135
901.693726
895.138306
888.564880
881.991455
875.436035
868.916626
862.451050
856.057068
849.752197
843.553650
837.478516
831.543396
825.764587
820.157898
814.738708
809.521851
804.521667
799.751831
795.225464
790.954834
786.951843
783.227295
779.791504
776.653870
773.822937
771.306519
769.111511
767.243896
765.708862
764.510498
763.652222
763.136292
762.964111
763.136230
763.652161
764.510437
765.708740
767.243774
769.111328
771.306335
773.822754
776.653625
779.791260
783.226990
786.951477
790.954468
795.225037
799.751404
804.521240
809.521423
814.738281
820.157471
825.764160
831.543030
837.478149
843.553284
849.751831
856.056763
862.450745
868.916382
875.435791
881.991272
888.564697
895.138184
901.693604
908.213074
914.678650
921.072693
927.377563
933.576111
939.651306
945.586426
951.365295
956.971985
962.391174
967.608032
972.608215
977.378052
981.904480
986.175049
990.178101
993.902588
997.338379
1000.476013
1003.306946
1005.823303
1008.018311
1009.885864
1011.420959
1012.619263
1013.477539
1013.993408
1029.133057
1028.947510
1028.391357
1027.466187
1026.174438
1024.519775
1022.506531
1020.140442
1017.427917
1014.376343
1010.994141
1007.290527
1003.275757
998.960693
994.357239
989.478027
984.336426
978.946472
973.322998
967.481384
961.437683
955.208435
948.810730
942.262085
935.580444
928.784119
921.891724
914.922180
907.894592
900.828247
893.742432
886.656677
879.590271
872.562683
865.593140
858.700806
851.904480
845.222839
838.674133
832.276428
826.047180
820.003479
814.161865
808.538391
803.148438
798.006836
793.127625
788.524170
784.209167
780.194336
776.490723
773.108521
770.056946
767.344360
764.978271
762.965088
761.310364
760.018616
759.093384
758.537231
758.351685
758.537231
759.093384
760.018555
761.310242
762.964966
764.978088
767.344177
770.056702
773.108215
776.490417
780.193970
784.208801
788.523804
793.127197
798.006409
803.148010
808.537903
814.161377
820.002991
826.046692
832.276001
838.673706
845.222412
851.904114
858.700439
865.592834
872.562378
879.590027
886.656433
893.742249
900.828064
907.894470
914.922058
921.891663
928.784058
935.580383
942.262085
948.810791
955.208557
961.437805
967.481506
973.323120
978.946655
984.336548
989.478210
994.357422
998.960876
1003.275879
1007.290710
1010.994324
1014.376526
1017.428101
1020.140625
1022.506714
1024.519775
1026.174561
1027.466309
1028.391357
1028.947510
1023.164185
1022.982971
1022.439880
1021.536377
1020.274902
1018.658936
1016.692932
1014.382263
1011.733276
1008.753235
1005.450256
1001.833435
997.912720
993.698730
989.203186
984.438293
979.417114
974.153503
968.661804
962.957031
957.054932
950.971680
944.723816
938.328613
931.803528
925.166443
918.435547
911.629333
904.766357
897.865601
890.945801
884.026062
877.125244
870.262329
863.456055
856.725220
850.088135
843.562988
837.167786
830.919983
824.836670
818.934570
813.229858
807.738098
802.474487
797.453308
792.688416
788.192871
783.978882
780.058167
776.441345
773.138367
770.158325
767.509277
765.198608
763.232605
761.616638
760.355164
759.451660
758.908508
758.727295
758.908508
759.451599
760.355103
761.616516
763.232483
765.198425
767.509094
770.158081
773.138062
776.441040
780.057800
783.978577
788.192444
792.688049
797.452881
802.473999
807.737671
813.229370
818.934082
824.836182
830.919556
837.167358
843.562622
850.087769
856.724854
863.455750
870.262024
877.125000
884.025818
890.945618
897.865417
904.766235
911.629211
918.435486
925.166382
931.803467
938.328613
944.723877
950.971741
957.055054
962.957153
968.661926
974.153625
979.417297
984.438477
989.203369
993.698914
997.912903
1001.833618
1005.450439
1008.753418
1011.733459
1014.382446
1016.693054
1018.659058
1020.274963
1021.536438
1022.439941
1022.983032
1007.412231
1007.237610
1006.714111
1005.843262
1004.627380
1003.069824
1001.174866
998.947693
996.394409
993.522095
990.338440
986.852356
983.073242
979.011597
974.678467
970.085754
965.246033
960.172607
954.879333
949.380737
943.691956
937.828491
931.806396
925.642273
919.352966
912.955688
906.468079
899.907776
893.292847
886.641418
879.971680
873.301941
866.650513
860.035583
853.475342
846.987671
840.590393
834.301086
828.136963
822.114868
816.251404
810.562622
805.064026
799.770752
794.697327
789.857605
785.264893
780.931763
776.870117
773.091003
769.604858
766.421265
763.548889
760.995605
758.768433
756.873474
755.315918
754.100037
753.229126
752.705627
752.531006
752.705627
753.229065
754.099915
755.315796
756.873352
758.768250
760.995422
763.548645
766.421021
769.604614
773.090698
776.869751
780.931396
785.264526
789.857178
794.696899
799.770264
805.063599
810.562134
816.250977
822.114502
828.136536
834.300720
840.590027
846.987305
853.475037
860.035339
866.650269
873.301758
879.971497
886.641235
893.292725
899.907654
906.468018
912.955688
919.352966
925.642273
931.806458
937.828552
943.692017
949.380859
954.879456
960.172729
965.246216
970.085938
974.678650
979.011780
983.073425
986.852539
990.338623
993.522217
996.394592
998.947876
1001.174988
1003.069946
1004.627502
1005.843323
1006.714172
1007.237610
948.504578
948.367432
947.956482
947.272766
946.318176
945.095398
943.607666
941.859192
939.854675
937.599609
935.100220
932.363281
929.396423
926.207703
922.805847
919.200195
915.400574
911.417542
907.261902
902.945007
898.478821
893.875549
889.147705
884.308350
879.370728
874.348389
869.255005
864.104675
858.911377
853.689453
848.453186
843.216919
837.994995
832.801697
827.651367
822.557983
817.535645
812.597961
807.758667
803.030823
798.427490
793.961304
789.644470
785.488831
781.505737
777.706177
774.100525
770.698669
767.509888
764.543030
761.806152
759.306763
757.051697
755.047119
753.298584
751.810913
750.588135
749.633545
748.949829
748.538818
748.401672
748.538818
748.949768
749.633423
750.588013
751.810791
753.298462
755.046997
757.051514
759.306519
761.805908
764.542786
767.509644
770.698364
774.100220
777.705872
781.505432
785.488464
789.644104
793.960938
798.427185
803.030518
807.758301
812.597717
817.535339
822.557739
827.651123
832.801514
837.994751
843.216736
848.453003
853.689331
858.911316
864.104553
869.254944
874.348328
879.370728
884.308350
889.147766
893.875610
898.478943
902.945129
907.261963
911.417664
915.400696
919.200317
922.805969
926.207825
929.396545
932.363464
935.100342
937.599731
939.854797
941.859314
943.607788
945.095459
946.318237
947.272827
947.956482
948.367432
907.151123
907.036072
906.691284
906.117798
905.317017
904.291199
903.043213
901.576416
899.894836
898.003113
895.906433
893.610474
891.121643
888.446655
885.592896
882.568176
879.380798
876.039490
872.553345
868.932068
865.185425
861.323792
857.357727
853.298096
849.156006
844.942810
840.670105
836.349548
831.993042
827.612427
823.219849
818.827209
814.446655
810.090088
805.769531
801.496826
797.283630
793.141602
789.081909
785.115845
781.254211
777.507629
773.886292
770.400208
767.058838
763.871460
760.846741
757.992981
755.317993
752.829163
750.533203
748.436523
746.544800
744.863220
743.396423
742.148438
741.122620
740.321838
739.748291
739.403503
739.288452
739.403503
739.748230
740.321777
741.122559
742.148315
743.396301
744.863098
746.544617
748.436340
750.533020
752.828918
755.317810
757.992737
760.846497
763.871216
767.058594
770.399902
773.885986
777.507324
781.253906
785.115601
789.081665
793.141296
797.283447
801.496643
805.769348
810.089905
814.446472
818.827087
823.219727
827.612366
831.992920
836.349487
840.670044
844.942810
849.156006
853.298096
857.357788
861.323853
865.185486
868.932129
872.553467
876.039551
879.380920
882.568298
885.593018
888.446777
891.121765
893.610596
895.906555
898.003235
899.894958
901.576538
903.043274
904.291260
905.317078
906.117798
906.691345
907.036072
933.664063
933.531189
933.132935
932.470398
931.545349
930.360352
928.918701
927.224304
925.281799
923.096497
920.674438
918.022217
915.147156
912.057068
908.760498
905.266418
901.584351
897.724548
893.697510
889.514221
885.186218
880.725342
876.143799
871.454224
866.669373
861.802368
856.866638
851.875610
846.843018
841.782715
836.708435
831.634155
826.573792
821.541260
816.550232
811.614502
806.747498
801.962646
797.273010
792.691528
788.230652
783.902649
779.719360
775.692261
771.832458
768.150452
764.656372
761.359741
758.269653
755.394592
752.742371
750.320313
748.135010
746.192505
744.498108
743.056396
741.871460
740.946411
740.283813
739.885559
739.752686
739.885559
740.283813
740.946350
741.871338
743.056335
744.497986
746.192383
748.134827
750.320129
752.742188
755.394348
758.269409
761.359497
764.656067
768.150146
771.832153
775.691956
779.718994
783.902283
788.230286
792.691223
797.272705
801.962341
806.747253
811.614197
816.549988
821.541016
826.573608
831.633972
836.708313
841.782593
846.842957
851.875549
856.866577
861.802368
866.669312
871.454224
876.143860
880.725403
885.186279
889.514282
893.697571
897.724670
901.584473
905.266479
908.760620
912.057251
915.147278
918.022400
920.674561
923.096680
925.281921
927.224426
928.918823
930.360474
931.545410
932.470459
933.132935
933.531189
949.627380
949.493774
949.093384
948.427246
947.497253
946.305847
944.856384
943.152832
941.199829
939.002747
936.567627
933.901062
931.010437
927.903687
924.589233
921.076294
917.374390
913.493713
909.444885
905.239014
900.887573
896.402649
891.796326
887.081421
882.270691
877.377441
872.414978
867.397034
862.337280
857.249573
852.147888
847.046204
841.958496
836.898743
831.880737
826.918335
822.025085
817.214355
812.499390
807.893127
803.408142
799.056763
794.850891
790.802063
786.921387
783.219482
779.706482
776.392090
773.285278
770.394653
767.728149
765.292969
763.095886
761.142883
759.439331
757.989868
756.798462
755.868408
755.202271
754.801880
754.668274
754.801880
755.202271
755.868347
756.798401
757.989746
759.439209
761.142700
763.095703
765.292786
767.727905
770.394409
773.285034
776.391785
779.706177
783.219116
786.921021
790.801697
794.850525
799.056396
803.407837
807.892822
812.499084
817.214050
822.024780
826.918091
831.880554
836.898499
841.958313
847.046021
852.147705
857.249451
862.337158
867.396973
872.414917
877.377380
882.270691
887.081421
891.796387
896.402710
900.887695
905.239075
909.444946
913.493774
917.374512
921.076416
924.589355
927.903809
931.010559
933.901184
936.567749
939.002869
941.199951
943.152954
944.856506
946.305969
947.497314
948.427307
949.093445
949.493835
871.344666
871.268738
871.041199
870.662720
870.134216
869.457275
868.633606
867.665588
866.555847
865.307434
863.923706
862.408447
860.765930
859.000610
857.117249
855.121033
853.017517
850.812378
848.511719
846.121826
843.649231
841.100769
838.483337
835.804138
833.070557
830.290039
827.470276
824.618896
821.743774
818.852844
815.953918
813.054932
810.164001
807.288879
804.437500
801.617737
798.837219
796.103638
793.424438
790.807007
788.258545
785.785950
783.395996
781.095337
778.890259
776.786743
774.790527
772.907166
771.141846
769.499268
767.984070
766.600342
765.351929
764.242126
763.274109
762.450500
761.773499
761.245056
760.866516
760.638977
760.563049
760.638977
760.866516
761.244995
761.773438
762.450439
763.274048
764.242065
765.351807
766.600220
767.983948
769.499146
771.141663
772.907043
774.790344
776.786560
778.890076
781.095154
783.395813
785.785767
788.258362
790.806824
793.424255
796.103455
798.837036
801.617554
804.437378
807.288757
810.163879
813.054871
815.953796
818.852722
821.743713
824.618835
827.470215
830.290039
833.070557
835.804138
838.483337
841.100769
843.649292
846.121887
848.511780
850.812439
853.017578
855.121094
857.117310
859.000671
860.765991
862.408569
863.923767
865.307495
866.555908
867.665649
868.633667
869.457275
870.134277
870.662720
871.041260
871.268738
926.237183
926.154358
925.906250
925.493530
924.917297
924.179077
923.280945
922.225403
921.015320
919.653931
918.145081
916.492859
914.701782
912.776794
910.723145
908.546448
906.252686
903.848145
901.339417
898.733398
896.037231
893.258240
890.404114
887.482666
884.501892
881.469910
878.395142
875.285950
872.150818
868.998413
865.837341
862.676208
859.523804
856.388672
853.279480
850.204712
847.172729
844.191956
841.270508
838.416382
835.637390
832.941223
830.335205
827.826477
825.421936
823.128174
820.951477
818.897827
816.972839
815.181763
813.529480
812.020630
810.659302
809.449158
808.393616
807.495483
806.757324
806.181030
805.768311
805.520203
805.437378
805.520203
805.768250
806.181030
806.757263
807.495422
808.393555
809.449097
810.659180
812.020508
813.529358
815.181580
816.972656
818.897644
820.951294
823.127991
825.421753
827.826233
830.334961
832.940979
835.637207
838.416199
841.270325
844.191772
847.172607
850.204529
853.279358
856.388550
859.523682
862.676147
865.837219
868.998291
872.150757
875.285889
878.395081
881.469910
884.501892
887.482666
890.404175
893.258301
896.037292
898.733459
901.339478
903.848206
906.252747
908.546509
910.723206
912.776855
914.701904
916.492981
918.145203
919.654053
921.015381
922.225464
923.281006
924.179138
924.917297
925.493591
925.906311
926.154419
915.320374
915.250671
915.041565
914.693787
914.208130
913.586060
912.829285
911.939758
910.920044
909.772827
908.501343
907.109070
905.599731
903.977539
902.246948
900.412720
898.479797
896.453552
894.339478
892.143433
889.871399
887.529602
885.124451
882.662598
880.150757
877.595764
875.004700
872.384583
869.742676
867.086182
864.422363
861.758606
859.102112
856.460205
853.840088
851.249023
848.694031
846.182190
843.720337
841.315186
838.973389
836.701355
834.505310
832.391235
830.364990
828.432068
826.597778
824.867188
823.245056
821.735718
820.343384
819.071899
817.924744
816.904968
816.015503
815.258667
814.636597
814.151001
813.803162
813.594116
813.524353
813.594055
813.803162
814.150940
814.636536
815.258606
816.015381
816.904907
817.924622
819.071838
820.343323
821.735596
823.244873
824.867065
826.597656
828.431885
830.364807
832.391052
834.505127
836.701172
838.973206
841.315002
843.720154
846.182007
848.693909
851.248901
853.839966
856.460083
859.101990
861.758484
864.422302
867.086121
869.742615
872.384521
875.004639
877.595764
880.150757
882.662598
885.124512
887.529602
889.871399
892.143494
894.339539
896.453613
898.479858
900.412781
902.247070
903.977661
905.599792
907.109131
908.501404
909.772888
910.920105
911.939819
912.829346
913.586121
914.208191
914.693787
915.041626
915.250671
