1097.103882
1097.017822
1096.759644
1096.330322
1095.730835
1094.962769
1094.028442
1092.930298
1091.671387
1090.255127
1088.685425
1086.966553
1085.103149
1083.100464
1080.963989
1078.699463
1076.313110
1073.811646
1071.201660
1068.490479
1065.685547
1062.794434
1059.825195
1056.785889
1053.684814
1050.530518
1047.331665
1044.097046
1040.835449
1037.555908
1034.267212
1030.978638
1027.698975
1024.437378
1021.202759
1018.003906
1014.849670
1011.748596
1008.709290
1005.739990
1002.848938
1000.043945
997.332764
994.722839
992.221313
989.835022
987.570496
985.433960
983.431335
981.567993
979.849121
978.279358
976.863098
975.604126
974.505981
973.571655
972.803650
972.204163
971.774780
971.516663
971.430542
971.516602
971.774719
972.204102
972.803589
973.571594
974.505920
975.604065
976.862976
978.279236
979.848938
981.567810
983.431152
985.433838
987.570313
989.834839
992.221130
994.722656
997.332581
1000.043762
1002.848694
1005.739807
1008.709106
1011.748413
1014.849487
1018.003784
1021.202637
1024.437256
1027.698853
1030.978516
1034.267212
1037.555786
1040.835449
1044.097046
1047.331665
1050.530518
1053.684814
1056.785889
1059.825195
1062.794556
1065.685669
1068.490601
1071.201782
1073.811646
1076.313232
1078.699585
1080.964111
1083.100586
1085.103271
1086.966553
1088.685425
1090.255249
1091.671509
1092.930420
1094.028564
1094.962891
1095.730835
1096.330322
1096.759766
1097.017822
1058.522217
1058.422485
1058.123291
1057.625854
1056.931152
1056.041260
1054.958618
1053.686157
1052.227417
1050.586426
1048.767456
1046.775757
1044.616699
1042.296143
1039.820557
1037.196533
1034.431519
1031.532959
1028.508667
1025.367188
1022.117004
1018.767090
1015.326477
1011.804749
1008.211487
1004.556580
1000.849976
997.101929
993.322632
989.522461
985.711914
981.901306
978.101135
974.321838
970.573792
966.867188
963.212280
959.619019
956.097290
952.656738
949.306763
946.056580
942.915039
939.890869
936.992310
934.227234
931.603271
929.127625
926.807129
924.648010
922.656311
920.837402
919.196350
917.737549
916.465149
915.382446
914.492615
913.797913
913.300354
913.001282
912.901489
913.001282
913.300354
913.797852
914.492554
915.382385
916.465027
917.737427
919.196167
920.837280
922.656128
924.647827
926.806885
929.127441
931.603027
934.226990
936.992065
939.890625
942.914795
946.056335
949.306519
952.656494
956.097046
959.618774
963.212097
966.867004
970.573608
974.321716
978.101013
981.901184
985.711792
989.522400
993.322571
997.101868
1000.849976
1004.556580
1008.211487
1011.804749
1015.326538
1018.767090
1022.117065
1025.367310
1028.508789
1031.532959
1034.431641
1037.196655
1039.820557
1042.296265
1044.616821
1046.775879
1048.767578
1050.586426
1052.227539
1053.686279
1054.958740
1056.041382
1056.931152
1057.625854
1058.123413
1058.422485
1099.944214
1099.819824
1099.446777
1098.826172
1097.959717
1096.849731
1095.499390
1093.912231
1092.092773
1090.045898
1087.777100
1085.292847
1082.599854
1079.705444
1076.617554
1073.344727
1069.895874
1066.280518
1062.508423
1058.590088
1054.536133
1050.357666
1046.066284
1041.673584
1037.191772
1032.632935
1028.009766
1023.334778
1018.620850
1013.880920
1009.127991
1004.375000
999.635132
994.921204
990.246216
985.622986
981.064209
976.582336
972.189697
967.898254
963.719849
959.665894
955.747559
951.975464
948.360046
944.911194
941.638367
938.550476
935.656067
932.963074
930.478760
928.210083
926.163208
924.343689
922.756531
921.406189
920.296204
919.429749
918.809143
918.436096
918.311646
918.436096
918.809082
919.429688
920.296143
921.406067
922.756409
924.343506
926.163025
928.209900
930.478577
932.962830
935.655823
938.550232
941.638062
944.910889
948.359741
951.975159
955.747192
959.665588
963.719543
967.898010
972.189392
976.582092
981.063965
985.622803
990.246033
994.921021
999.634949
1004.374878
1009.127869
1013.880798
1018.620789
1023.334717
1028.009644
1032.632935
1037.191772
1041.673584
1046.066284
1050.357666
1054.536133
1058.590088
1062.508545
1066.280518
1069.895996
1073.344849
1076.617676
1079.705566
1082.599976
1085.292969
1087.777222
1090.046021
1092.092896
1093.912354
1095.499512
1096.849854
1097.959717
1098.826172
1099.446777
1099.819824
1175.414063
1175.234253
1174.695190
1173.798340
1172.546265
1170.942383
1168.990967
1166.697510
1164.068237
1161.110352
1157.831909
1154.242065
1150.350464
1146.167847
1141.705688
1136.976318
1131.992432
1126.768066
1121.317139
1115.654785
1109.796631
1103.758545
1097.557251
1091.209595
1084.733032
1078.145386
1071.464478
1064.708862
1057.897095
1051.047607
1044.179321
1037.311035
1030.461548
1023.649658
1016.894043
1010.213196
1003.625488
997.148926
990.801270
984.599915
978.561890
972.703674
967.041382
961.590515
956.366028
951.382263
946.652771
942.190674
938.008057
934.116455
930.526550
927.248169
924.290222
921.660950
919.367432
917.416077
915.812134
914.560059
913.663208
913.124146
912.944275
913.124146
913.663208
914.559937
915.812012
917.415894
919.367310
921.660706
924.289978
927.247864
930.526245
934.116150
938.007690
942.190247
946.652405
951.381836
956.365601
961.590088
967.040894
972.703247
978.561401
984.599487
990.800842
997.148560
1003.625122
1010.212891
1016.893738
1023.649353
1030.461304
1037.310791
1044.179077
1051.047363
1057.896851
1064.708862
1071.464478
1078.145264
1084.733032
1091.209595
1097.557251
1103.758667
1109.796753
1115.655029
1121.317261
1126.768188
1131.992676
1136.976440
1141.705933
1146.168091
1150.350708
1154.242188
1157.832153
1161.110596
1164.068359
1166.697754
1168.991211
1170.942505
1172.546387
1173.798462
1174.695313
1175.234253
1172.898193
1172.714722
1172.164795
1171.250000
1169.972900
1168.336792
1166.346313
1164.006836
1161.324951
1158.307739
1154.963623
1151.301758
1147.332153
1143.065796
1138.514160
1133.689941
1128.606323
1123.277100
1117.717041
1111.941162
1105.965576
1099.806519
1093.480957
1087.006104
1080.399658
1073.679932
1066.865234
1059.974243
1053.025879
1046.039063
1039.033203
1032.027222
1025.040405
1018.092041
1011.201050
1004.386353
997.666626
991.060242
984.585388
978.259766
972.100708
966.125061
960.349304
954.789185
949.460022
944.376343
939.552063
935.000488
930.734070
926.764526
923.102661
919.758545
916.741333
914.059387
911.719910
909.729431
908.093384
906.816162
905.901367
905.351501
905.168030
905.351440
905.901306
906.816040
908.093201
909.729248
911.719727
914.059143
916.741089
919.758240
923.102356
926.764160
930.733765
935.000122
939.551697
944.375854
949.459534
954.788696
960.348816
966.124634
972.100220
978.259277
984.584961
991.059875
997.666260
1004.385986
1011.200745
1018.091797
1025.040161
1032.026978
1039.032959
1046.038940
1053.025757
1059.974121
1066.865112
1073.679932
1080.399658
1087.006104
1093.480957
1099.806641
1105.965698
1111.941284
1117.717163
1123.277222
1128.606445
1133.690186
1138.514404
1143.065918
1147.332397
1151.302002
1154.963867
1158.307861
1161.325073
1164.007080
1166.346436
1168.336914
1169.973022
1171.250122
1172.164917
1172.714722
1197.967041
1197.765747
1197.162476
1196.158813
1194.757568
1192.962646
1190.778809
1188.212158
1185.269653
1181.959351
1178.290405
1174.272949
1169.917725
1165.236938
1160.243286
1154.950439
1149.372925
1143.526123
1137.425903
1131.089111
1124.533081
1117.775879
1110.835815
1103.731934
1096.483887
1089.111450
1081.634766
1074.074463
1066.451172
1058.785767
1051.099365
1043.412842
1035.747437
1028.124146
1020.563843
1013.087158
1005.714722
998.466675
991.362854
984.422791
977.665527
971.109497
964.772705
958.672485
952.825684
947.248169
941.955383
936.961670
932.280884
927.925720
923.908142
920.239258
916.928955
913.986450
911.419800
909.235962
907.440918
906.039734
905.036072
904.432739
904.231445
904.432739
905.036011
906.039612
907.440796
909.235779
911.419556
913.986206
916.928711
920.238892
923.907837
927.925354
932.280457
936.961243
941.954895
947.247742
952.825195
958.671997
964.772156
971.108948
977.665039
984.422363
991.362427
998.466248
1005.714355
1013.086792
1020.563477
1028.123901
1035.747192
1043.412598
1051.099121
1058.785645
1066.451050
1074.074341
1081.634766
1089.111450
1096.483887
1103.731934
1110.835815
1117.775879
1124.533203
1131.089233
1137.426147
1143.526245
1149.373169
1154.950684
1160.243408
1165.237183
1169.917969
1174.273071
1178.290649
1181.959595
1185.269775
1188.212280
1190.778931
1192.962769
1194.757690
1196.158936
1197.162476
1197.765747
1170.509766
1170.320801
1169.754272
1168.811768
1167.495850
1165.810181
1163.759399
1161.349121
1158.585815
1155.477173
1152.031738
1148.258789
1144.168945
1139.773193
1135.083618
1130.113159
1124.875488
1119.384766
1113.656006
1107.705200
1101.548462
1095.202759
1088.685425
1082.014282
1075.207642
1068.284180
1061.262939
1054.163086
1047.004028
1039.805542
1032.587280
1025.368896
1018.170410
1011.011414
1003.911499
996.890259
989.966797
983.160217
976.489075
969.971680
963.625977
957.469238
951.518372
945.789734
940.299011
935.061279
930.090759
925.401245
921.005493
916.915588
913.142761
909.697266
906.588623
903.825317
901.414978
899.364136
897.678467
896.362610
895.420044
894.853516
894.664490
894.853516
895.420044
896.362488
897.678345
899.364014
901.414795
903.825134
906.588379
909.697021
913.142456
916.915283
921.005127
925.400879
930.090332
935.060791
940.298523
945.789246
951.517883
957.468750
963.625488
969.971252
976.488647
983.159790
989.966431
996.889893
1003.911194
1011.011108
1018.170105
1025.368652
1032.587036
1039.805420
1047.003906
1054.162964
1061.262817
1068.284180
1075.207642
1082.014282
1088.685425
1095.202881
1101.548584
1107.705322
1113.656250
1119.384888
1124.875610
1130.113403
1135.083862
1139.773438
1144.169189
1148.259033
1152.031860
1155.477295
1158.585938
1161.349243
1163.759521
1165.810303
1167.495972
1168.811890
1169.754395
1170.320801
1143.450073
1143.281616
1142.776489
1141.936279
1140.763184
1139.260376
1137.432007
1135.283203
1132.819702
1130.048218
1126.976563
1123.613037
1119.966797
1116.047974
1111.867188
1107.435913
1102.766357
1097.871338
1092.764160
1087.458862
1081.970093
1076.312744
1070.502441
1064.555054
1058.486816
1052.314453
1046.054932
1039.725342
1033.342896
1026.925293
1020.490112
1014.054871
1007.637329
1001.254944
994.925293
988.665771
982.493408
976.425232
970.477783
964.667480
959.010132
953.521301
948.216064
943.108887
938.213867
933.544312
929.113037
924.932251
921.013367
917.367188
914.003601
910.931946
908.160522
905.697021
903.548157
901.719788
900.217041
899.043884
898.203613
897.698547
897.529968
897.698486
898.203552
899.043762
900.216919
901.719666
903.547974
905.696838
908.160278
910.931702
914.003357
917.366882
921.013062
924.931885
929.112671
933.543884
938.213440
943.108459
948.215637
953.520874
959.009705
964.667053
970.477417
976.424866
982.493042
988.665405
994.924988
1001.254700
1007.637085
1014.054688
1020.489929
1026.925171
1033.342773
1039.725220
1046.054810
1052.314453
1058.486816
1064.555054
1070.502441
1076.312866
1081.970215
1087.458984
1092.764282
1097.871460
1102.766479
1107.436035
1111.867310
1116.048096
1119.967041
1123.613159
1126.976807
1130.048462
1132.819824
1135.283325
1137.432129
1139.260498
1140.763184
1141.936401
1142.776611
1143.281616
1140.332520
1140.171143
1139.687378
1138.882446
1137.758667
1136.319092
1134.567627
1132.509155
1130.149292
1127.494507
1124.552002
1121.329956
1117.837158
1114.083130
1110.078247
1105.833374
1101.360229
1096.671143
1091.778809
1086.696655
1081.438721
1076.019409
1070.453491
1064.756348
1058.943359
1053.030640
1047.034424
1040.971069
1034.857178
1028.709595
1022.545044
1016.380554
1010.232910
1004.119019
998.055664
992.059387
986.146729
980.333801
974.636536
969.070618
963.651306
958.393372
953.311279
948.418945
943.729797
939.256714
935.011841
931.006958
927.252930
923.760132
920.538025
917.595581
914.940735
912.580872
910.522400
908.770935
907.331360
906.207581
905.402649
904.918823
904.757385
904.918823
905.402588
906.207520
907.331299
908.770813
910.522217
912.580688
914.940552
917.595337
920.537781
923.759827
927.252625
931.006592
935.011475
939.256287
943.729431
948.418579
953.310852
958.392944
963.650879
969.070251
974.636169
980.333435
986.146362
992.059082
998.055359
1004.118774
1010.232666
1016.380310
1022.544861
1028.709473
1034.857056
1040.970947
1047.034424
1053.030640
1058.943359
1064.756348
1070.453613
1076.019531
1081.438843
1086.696777
1091.778931
1096.671265
1101.360352
1105.833496
1110.078369
1114.083252
1117.837280
1121.330078
1124.552246
1127.494629
1130.149414
1132.509277
1134.567749
1136.319214
1137.758789
1138.882446
1139.687378
1140.171143
1158.024170
1157.847656
1157.318848
1156.438965
1155.210571
1153.636963
1151.722412
1149.472290
1146.892700
1143.990723
1140.774170
1137.252197
1133.434082
1129.330566
1124.952759
1120.312622
1115.422974
1110.297241
1104.949341
1099.394043
1093.646606
1087.722656
1081.638428
1075.410767
1069.056519
1062.593384
1056.038818
1049.410767
1042.727661
1036.007568
1029.269165
1022.530579
1015.810547
1009.127380
1002.499451
995.944885
989.481628
983.127441
976.899780
970.815552
964.891602
959.144104
953.588867
948.240967
943.115234
938.225586
933.585510
929.207703
925.104126
921.286072
917.763977
914.547546
911.645508
909.065918
906.815735
904.901245
903.327637
902.099182
901.219360
900.690430
900.513977
900.690430
901.219238
902.099121
903.327515
904.901123
906.815552
909.065674
911.645264
914.547241
917.763672
921.285767
925.103760
929.207275
933.585083
938.225159
943.114746
948.240540
953.588379
959.143677
964.891174
970.815186
976.899353
983.127075
989.481262
995.944519
1002.499146
1009.127136
1015.810303
1022.530396
1029.268921
1036.007446
1042.727539
1049.410767
1056.038696
1062.593262
1069.056519
1075.410767
1081.638550
1087.722656
1093.646729
1099.394165
1104.949463
1110.297363
1115.423096
1120.312744
1124.952881
1129.330688
1133.434326
1137.252319
1140.774414
1143.990845
1146.892822
1149.472412
1151.722534
1153.636963
1155.210571
1156.438965
1157.318848
1157.847656
1168.092529
1167.909668
1167.361572
1166.449707
1165.176758
1163.545898
1161.562012
1159.230103
1156.556885
1153.549438
1150.216187
1146.566284
1142.609497
1138.356934
1133.820190
1129.011597
1123.944458
1118.632568
1113.090454
1107.333496
1101.377197
1095.238159
1088.933105
1082.479248
1075.894287
1069.196411
1062.403809
1055.535156
1048.609375
1041.645264
1034.662109
1027.678833
1020.714783
1013.788940
1006.920349
1000.127747
993.429810
986.844910
980.391052
974.085938
967.946838
961.990662
956.233643
950.691589
945.379700
940.312500
935.503906
930.967163
926.714539
922.757874
919.107910
915.774658
912.767273
910.093994
907.762085
905.778076
904.147339
902.874268
901.962463
901.414368
901.231445
901.414307
901.962402
902.874146
904.147217
905.777954
907.761902
910.093750
912.767029
915.774353
919.107605
922.757507
926.714233
930.966736
935.503540
940.312073
945.379211
950.691101
956.233154
961.990173
967.946411
974.085510
980.390625
986.844482
993.429443
1000.127380
1006.919983
1013.788635
1020.714539
1027.678589
1034.661865
1041.645142
1048.609253
1055.535034
1062.403687
1069.196289
1075.894287
1082.479248
1088.933105
1095.238281
1101.377319
1107.333618
1113.090576
1118.632690
1123.944580
1129.011719
1133.820313
1138.357178
1142.609741
1146.566406
1150.216431
1153.549561
1156.557007
1159.230225
1161.562134
1163.546143
1165.176880
1166.449829
1167.361572
1167.909668
1157.378784
1157.200439
1156.665771
1155.776489
1154.534790
1152.944092
1151.009033
1148.734497
1146.127075
1143.193726
1139.942627
1136.382446
1132.523193
1128.375244
1123.950195
1119.260010
1114.317627
1109.136475
1103.730835
1098.115601
1092.306030
1086.318115
1080.168213
1073.873291
1067.450439
1060.917480
1054.292114
1047.592529
1040.837280
1034.044678
1027.233398
1020.422058
1013.629456
1006.874146
1000.174622
993.549255
987.016235
980.593445
974.298462
968.148560
962.160645
956.351074
950.735840
945.330200
940.149109
935.206665
930.516479
926.091370
921.943481
918.084229
914.524109
911.272949
908.339539
905.732117
903.457642
901.522461
899.931824
898.690186
897.800781
897.266174
897.087769
897.266113
897.800720
898.690063
899.931702
901.522339
903.457458
905.731873
908.339355
911.272644
914.523804
918.083862
921.943115
926.091003
930.516052
935.206238
940.148621
945.329712
950.735352
956.350647
962.160217
968.148193
974.298035
980.593018
987.015869
993.548889
1000.174316
1006.873840
1013.629211
1020.421814
1027.233154
1034.044434
1040.837158
1047.592407
1054.291992
1060.917358
1067.450439
1073.873291
1080.168213
1086.318115
1092.306152
1098.115723
1103.730957
1109.136597
1114.317749
1119.260132
1123.950439
1128.375488
1132.523315
1136.382690
1139.942749
1143.193970
1146.127197
1148.734741
1151.009155
1152.944336
1154.534912
1155.776489
1156.665894
1157.200439
1153.378418
1153.201782
1152.672485
1151.791870
1150.562378
1148.987305
1147.071167
1144.819092
1142.237305
1139.332764
1136.113525
1132.588379
1128.767090
1124.659912
1120.278320
1115.634277
1110.740356
1105.610229
1100.257690
1094.697632
1088.945068
1083.015991
1076.926636
1070.693481
1064.333862
1057.864990
1051.304688
1044.671021
1037.982178
1031.256226
1024.511963
1017.767578
1011.041687
1004.352783
997.719055
991.158813
984.690002
978.330322
972.097229
966.007751
960.078674
954.326233
948.766113
943.413635
938.283447
933.389587
928.745483
924.363831
920.256714
916.435364
912.910278
909.691040
906.786499
904.204651
901.952515
900.036377
898.461426
897.231873
896.351257
895.821899
895.645264
895.821899
896.351196
897.231812
898.461304
900.036255
901.952393
904.204407
906.786255
909.690735
912.909973
916.435059
920.256409
924.363464
928.745056
933.389160
938.282959
943.413147
948.765686
954.325806
960.078247
966.007385
972.096802
978.329956
984.689636
991.158508
997.718750
1004.352478
1011.041443
1017.767334
1024.511719
1031.256104
1037.981934
1044.670898
1051.304688
1057.864990
1064.333862
1070.693481
1076.926636
1083.016113
1088.945190
1094.697754
1100.257813
1105.610352
1110.740479
1115.634399
1120.278564
1124.660156
1128.767212
1132.588623
1136.113770
1139.333008
1142.237427
1144.819336
1147.071289
1148.987549
1150.562500
1151.791870
1152.672485
1153.201782
1171.657959
1171.470947
1170.910278
1169.977661
1168.675415
1167.007324
1164.977905
1162.592651
1159.858154
1156.781982
1153.372314
1149.638794
1145.591553
1141.241577
1136.600952
1131.682251
1126.499023
1121.065552
1115.396484
1109.507690
1103.415039
1097.135498
1090.686035
1084.084351
1077.348633
1070.497437
1063.549316
1056.523315
1049.438965
1042.315430
1035.172363
1028.029175
1020.905701
1013.821289
1006.795349
999.847229
992.995972
986.260254
979.658630
973.209167
966.929504
960.836914
954.948059
949.279114
943.845581
938.662415
933.743713
929.103027
924.753113
920.705811
916.972229
913.562683
910.486450
907.751953
905.366699
903.337219
901.669128
900.366943
899.434204
898.873596
898.686523
898.873535
899.434143
900.366821
901.668945
903.337036
905.366455
907.751709
910.486145
913.562378
916.971924
920.705444
924.752747
929.102661
933.743286
938.661926
943.845154
949.278625
954.947632
960.836426
966.929077
973.208679
979.658203
986.259827
992.995544
999.846863
1006.795044
1013.820984
1020.905396
1028.028931
1035.172119
1042.315308
1049.438843
1056.523315
1063.549194
1070.497314
1077.348633
1084.084351
1090.686035
1097.135498
1103.415161
1109.507813
1115.396729
1121.065674
1126.499146
1131.682373
1136.601074
1141.241699
1145.591675
1149.639038
1153.372559
1156.782104
1159.858276
1162.592773
1164.978027
1167.007446
1168.675537
1169.977661
1170.910400
1171.470947
1127.927002
1127.770874
1127.302979
1126.524536
1125.437744
1124.045532
1122.351807
1120.360962
1118.078857
1115.511353
1112.665771
1109.549683
1106.171753
1102.541260
1098.668213
1094.562988
1090.237061
1085.702271
1080.970947
1076.056030
1070.971069
1065.730103
1060.347290
1054.837646
1049.215942
1043.497803
1037.698853
1031.834961
1025.922363
1019.976990
1014.015320
1008.053650
1002.108337
996.195618
990.331787
984.532837
978.814697
973.193054
967.683289
962.300537
957.059509
951.974609
947.059753
942.328369
937.793579
933.467651
929.362427
925.489319
921.858826
918.480957
915.364929
912.519287
909.951782
907.669556
905.678833
903.985046
902.592834
901.505981
900.727600
900.259644
900.103516
900.259644
900.727539
901.505920
902.592712
903.984924
905.678711
907.669373
909.951599
912.519043
915.364624
918.480652
921.858521
925.489014
929.362122
933.467224
937.793152
942.328003
947.059326
951.974182
957.059143
962.300171
967.682922
973.192688
978.814392
984.532532
990.331482
996.195374
1002.108093
1008.053467
1014.015137
1019.976868
1025.922241
1031.834961
1037.698853
1043.497803
1049.215942
1054.837646
1060.347412
1065.730225
1070.971191
1076.056152
1080.970947
1085.702393
1090.237183
1094.563110
1098.668335
1102.541504
1106.171875
1109.549805
1112.665894
1115.511475
1118.078979
1120.361206
1122.351807
1124.045654
1125.437866
1126.524658
1127.302979
1127.770874
1134.240845
1134.085449
1133.619751
1132.844849
1131.763062
1130.377197
1128.691162
1126.709473
1124.437622
1121.881958
1119.049316
1115.947510
1112.584961
1108.971069
1105.115601
1101.029175
1096.723022
1092.208862
1087.499146
1082.606689
1077.544922
1072.327881
1066.969727
1061.485107
1055.889038
1050.197021
1044.424561
1038.587524
1032.701782
1026.783569
1020.849121
1014.914673
1008.996460
1003.110779
997.273682
991.501160
985.809143
980.213135
974.728577
969.370361
964.153259
959.091553
954.199097
949.489380
944.975220
940.669067
936.582642
932.727173
929.113281
925.750793
922.648926
919.816284
917.260559
914.988770
913.007080
911.321045
909.935181
908.853333
908.078430
907.612671
907.457214
907.612610
908.078369
908.853210
909.935059
911.320923
913.006958
914.988525
917.260376
919.816040
922.648682
925.750488
929.112915
932.726807
936.582275
940.668701
944.974854
949.488953
954.198730
959.091187
964.152893
969.369995
974.728210
980.212830
985.808838
991.500916
997.273376
1003.110474
1008.996216
1014.914490
1020.848938
1026.783447
1032.701660
1038.587402
1044.424561
1050.197021
1055.889038
1061.485107
1066.969727
1072.327881
1077.545044
1082.606812
1087.499268
1092.208984
1096.723145
1101.029297
1105.115723
1108.971191
1112.585083
1115.947632
1119.049438
1121.882080
1124.437744
1126.709595
1128.691162
1130.377319
1131.763062
1132.844971
1133.619751
1134.085571
1110.650269
1110.505249
1110.070557
1109.347412
1108.337646
1107.044312
1105.470703
1103.621216
1101.500854
1099.115601
1096.471924
1093.577026
1090.438843
1087.065918
1083.467651
1079.653809
1075.634766
1071.421753
1067.026123
1062.459961
1057.735962
1052.866821
1047.865967
1042.747192
1037.524414
1032.212036
1026.824585
1021.376831
1015.883667
1010.360229
1004.821594
999.282959
993.759460
988.266357
982.818604
977.431091
972.118713
966.895996
961.777222
956.776367
951.907227
947.183167
942.617065
938.221436
934.008362
929.989380
926.175537
922.577271
919.204346
916.066162
913.171204
910.527527
908.142212
906.021973
904.172485
902.598877
901.305420
900.295715
899.572510
899.137817
898.992798
899.137817
899.572510
900.295654
901.305359
902.598755
904.172302
906.021790
908.142029
910.527283
913.171021
916.065918
919.204102
922.576904
926.175232
929.989075
934.007996
938.221069
942.616699
947.182800
951.906921
956.776062
961.776855
966.895691
972.118469
977.430847
982.818298
988.266113
993.759277
999.282776
1004.821411
1010.360107
1015.883606
1021.376770
1026.824585
1032.212036
1037.524414
1042.747192
1047.865967
1052.866821
1057.735962
1062.460083
1067.026245
1071.421875
1075.634888
1079.653931
1083.467773
1087.066040
1090.438965
1093.577148
1096.472046
1099.115723
1101.501099
1103.621338
1105.470825
1107.044312
1108.337769
1109.347412
1110.070557
1110.505249
1079.463867
1079.335083
1078.949097
1078.307129
1077.410645
1076.262329
1074.865234
1073.223267
1071.340820
1069.223145
1066.876099
1064.305908
1061.519775
1058.525269
1055.330566
1051.944580
1048.376465
1044.636108
1040.733643
1036.679688
1032.485596
1028.162720
1023.722900
1019.178345
1014.541504
1009.825073
1005.041992
1000.205383
995.328491
990.424683
985.507385
980.590088
975.686279
970.809326
965.972717
961.189636
956.473267
951.836426
947.291870
942.852051
938.529175
934.335022
930.281189
926.378662
922.638245
919.070129
915.684082
912.489502
909.494995
906.708862
904.138672
901.791504
899.673828
897.791443
896.149414
894.752319
893.604004
892.707581
892.065552
891.679565
891.550781
891.679565
892.065491
892.707520
893.603943
894.752258
896.149292
897.791260
899.673645
901.791321
904.138428
906.708618
909.494751
912.489197
915.683838
919.069824
922.637939
926.378357
930.280823
934.334717
938.528809
942.851746
947.291565
951.836121
956.472961
961.189392
965.972534
970.809143
975.686096
980.589905
985.507263
990.424561
995.328430
1000.205322
1005.041992
1009.825073
1014.541504
1019.178345
1023.722900
1028.162720
1032.485596
1036.679810
1040.733643
1044.636230
1048.376587
1051.944702
1055.330811
1058.525391
1061.519897
1064.306030
1066.876221
1069.223267
1071.340942
1073.223389
1074.865356
1076.262451
1077.410767
1078.307129
1078.949219
1079.335083
1114.499023
1114.345703
1113.886353
1113.122192
1112.055298
1110.688599
1109.025879
1107.071655
1104.831177
1102.310791
1099.517334
1096.458374
1093.142334
1089.578369
1085.776245
1081.746216
1077.499634
1073.047852
1068.403198
1063.578369
1058.586548
1053.441650
1048.157471
1042.748657
1037.229980
1031.616577
1025.923950
1020.167480
1014.363098
1008.526733
1002.674255
996.821777
990.985413
985.181030
979.424622
973.731873
968.118530
962.599854
957.191040
951.906921
946.761902
941.770142
936.945313
932.300659
927.848938
923.602234
919.572266
915.770142
912.206177
908.890137
905.831177
903.037659
900.517273
898.276855
896.322571
894.659790
893.293091
892.226196
891.462036
891.002686
890.849426
891.002625
891.461975
892.226135
893.292969
894.659668
896.322388
898.276672
900.517029
903.037415
905.830933
908.889832
912.205811
915.769775
919.571960
923.601868
927.848511
932.300293
936.944946
941.769775
946.761536
951.906555
957.190735
962.599548
968.118225
973.731628
979.424316
985.180786
990.985168
996.821594
1002.674072
1008.526550
1014.362976
1020.167419
1025.923828
1031.616577
1037.229980
1042.748657
1048.157471
1053.441650
1058.586670
1063.578491
1068.403320
1073.047974
1077.499756
1081.746338
1085.776367
1089.578491
1093.142456
1096.458496
1099.517456
1102.310913
1104.831299
1107.071777
1109.026001
1110.688721
1112.055420
1113.122314
1113.886475
1114.345703
1102.224854
1102.083374
1101.659180
1100.953613
1099.968384
1098.706299
1097.170898
1095.366333
1093.297363
1090.969971
1088.390381
1085.565674
1082.503662
1079.212524
1075.701538
1071.980103
1068.058594
1063.947754
1059.658813
1055.203369
1050.593872
1045.842896
1040.963379
1035.968750
1030.872681
1025.689087
1020.432312
1015.116638
1009.756775
1004.367249
998.962952
993.558655
988.169128
982.809204
977.493591
972.236816
967.053284
961.957214
956.962524
952.083008
947.331970
942.722473
938.267090
933.978088
929.867249
925.945740
922.224365
918.713318
915.422241
912.360168
909.535461
906.955872
904.628418
902.559570
900.754944
899.219482
897.957458
896.972229
896.266602
895.842407
895.700867
895.842407
896.266541
896.972168
897.957336
899.219360
900.754822
902.559387
904.628235
906.955627
909.535217
912.359924
915.421997
918.713013
922.224060
925.945374
929.866882
933.977722
938.266724
942.722107
947.331665
952.082703
956.962219
961.956909
967.052979
972.236511
977.493347
982.809021
988.168945
993.558472
998.962769
1004.367126
1009.756653
1015.116577
1020.432251
1025.689087
1030.872559
1035.968750
1040.963379
1045.842896
1050.593994
1055.203491
1059.658936
1063.947876
1068.058838
1071.980225
1075.701660
1079.212646
1082.503784
1085.565796
1088.390503
1090.970093
1093.297607
1095.366455
1097.171021
1098.706421
1099.968506
1100.953613
1101.659302
1102.083374
1094.286255
1094.147217
1093.730469
1093.037109
1092.068970
1090.828857
1089.320190
1087.546875
1085.514038
1083.227173
1080.692383
1077.916748
1074.907959
1071.674072
1068.224121
1064.567505
1060.714233
1056.674805
1052.460327
1048.082520
1043.553101
1038.884766
1034.090088
1029.182251
1024.174805
1019.081421
1013.916016
1008.692810
1003.426086
998.130310
992.820007
987.509644
982.213867
976.947205
971.723999
966.558594
961.465210
956.457764
951.549927
946.755310
942.086853
937.557495
933.179626
928.965210
924.925781
921.072510
917.415833
913.965881
910.732056
907.723206
904.947632
902.412842
900.125916
898.093018
896.319763
894.811035
893.570923
892.602844
891.909485
891.492676
891.353577
891.492676
891.909424
892.602783
893.570801
894.810913
896.319641
898.092834
900.125732
902.412659
904.947388
907.722961
910.731750
913.965576
917.415527
921.072144
924.925476
928.964844
933.179260
937.557190
942.086548
946.754944
951.549622
956.457458
961.464905
966.558350
971.723755
976.946960
982.213684
987.509521
992.819824
998.130188
1003.426025
1008.692749
1013.915955
1019.081360
1024.174805
1029.182251
1034.090088
1038.884766
1043.553223
1048.082520
1052.460449
1056.674927
1060.714355
1064.567627
1068.224243
1071.674194
1074.908081
1077.916870
1080.692505
1083.227295
1085.514160
1087.547119
1089.320313
1090.828979
1092.069092
1093.037109
1093.730469
1094.147217
1089.564453
1089.425781
1089.010010
1088.318481
1087.352783
1086.115967
1084.610962
1082.842285
1080.814575
1078.533447
1076.005249
1073.236694
1070.235474
1067.009888
1063.568726
1059.921387
1056.077881
1052.048828
1047.845093
1043.478394
1038.960571
1034.304077
1029.521606
1024.626343
1019.631653
1014.551208
1009.398987
1004.189087
998.935852
993.653564
988.356750
983.059937
977.777649
972.524353
967.314514
962.162292
957.081848
952.087158
947.191895
942.409424
937.752869
933.235107
928.868347
924.664673
920.635559
916.792114
913.144775
909.703552
906.477966
903.476807
900.708252
898.179993
895.898865
893.871155
892.102417
890.597534
889.360596
888.394958
887.703369
887.287598
887.148926
887.287598
887.703308
888.394897
889.360474
890.597412
892.102295
893.870972
895.898682
898.179749
900.708008
903.476563
906.477661
909.703247
913.144409
916.791748
920.635193
924.664307
928.867981
933.234741
937.752563
942.409058
947.191528
952.086853
957.081543
962.161987
967.314270
972.524170
977.777466
983.059753
988.356567
993.653442
998.935730
1004.189026
1009.398926
1014.551208
1019.631653
1024.626343
1029.521606
1034.304077
1038.960693
1043.478516
1047.845215
1052.048950
1056.078003
1059.921509
1063.568848
1067.010010
1070.235596
1073.236816
1076.005371
1078.533569
1080.814697
1082.842407
1084.611084
1086.115967
1087.352905
1088.318481
1089.010132
1089.425781
1051.854858
1051.745117
1051.415894
1050.868286
1050.103760
1049.124390
1047.932739
1046.532349
1044.926758
1043.120605
1041.118774
1038.926636
1036.550293
1033.996338
1031.271606
1028.383667
1025.340454
1022.150208
1018.821777
1015.364197
1011.787048
1008.100037
1004.313354
1000.437256
996.482483
992.459839
988.380371
984.255188
980.095703
975.913208
971.719238
967.525269
963.342773
959.183228
955.058105
950.978577
946.955933
943.001160
939.125122
935.338379
931.651367
928.074219
924.616638
921.288208
918.097961
915.054749
912.166809
909.442078
906.888062
904.511780
902.319641
900.317749
898.511597
896.906067
895.505615
894.314026
893.334656
892.570068
892.022461
891.693298
891.583435
891.693237
892.022400
892.570007
893.334595
894.313965
895.505493
896.905945
898.511475
900.317627
902.319458
904.511597
906.887878
909.441833
912.166565
915.054443
918.097717
921.287903
924.616394
928.073914
931.651123
935.338135
939.124878
943.000916
946.955688
950.978394
955.057861
959.183044
963.342590
967.525085
971.719116
975.913086
980.095581
984.255127
988.380310
992.459839
996.482483
1000.437256
1004.313354
1008.100098
1011.787109
1015.364319
1018.821838
1022.150330
1025.340576
1028.383789
1031.271729
1033.996460
1036.550415
1038.926758
1041.118896
1043.120728
1044.926880
1046.532471
1047.932861
1049.124390
1050.103760
1050.868408
1051.416016
1051.745117
1006.539001
1006.423096
1006.075684
1005.497742
1004.690857
1003.657227
1002.399597
1000.921570
999.227112
997.320862
995.208069
992.894531
990.386597
987.691101
984.815430
981.767517
978.555664
975.188721
971.675903
968.026794
964.251404
960.360168
956.363647
952.272888
948.098999
943.853516
939.548035
935.194336
930.804382
926.390198
921.963867
917.537537
913.123352
908.733398
904.379700
900.074219
895.828674
891.654846
887.564026
883.567566
879.676270
875.900940
872.251831
868.739014
865.372009
862.160156
859.112244
856.236572
853.541077
851.033142
848.719604
846.606812
844.700562
843.006104
841.528076
840.270447
839.236816
838.429871
837.851929
837.504517
837.388611
837.504517
837.851868
838.429810
839.236694
840.270386
841.527954
843.005981
844.700439
846.606628
848.719421
851.032959
853.540894
856.236328
859.112000
862.159912
865.371704
868.738708
872.251526
875.900635
879.676025
883.567261
887.563782
891.654602
895.828491
900.073975
904.379517
908.733215
913.123169
917.537415
921.963745
926.390076
930.804260
935.194275
939.547974
943.853455
948.098999
952.272888
956.363708
960.360229
964.251465
968.026855
971.675964
975.188782
978.555786
981.767639
984.815552
987.691223
990.386719
992.894653
995.208191
997.320984
999.227234
1000.921692
1002.399719
1003.657288
1004.690918
1005.497803
1006.075745
1006.423157
1052.445190
1052.329956
1051.984863
1051.410767
1050.609131
1049.582275
1048.332886
1046.864624
1045.181274
1043.287598
1041.188599
1038.890259
1036.398804
1033.721069
1030.864258
1027.836426
1024.645630
1021.300781
1017.811035
1014.185913
1010.435364
1006.569641
1002.599426
998.535461
994.389038
990.171448
985.894226
981.569153
977.208008
972.822815
968.425598
964.028320
959.643127
955.282043
950.956970
946.679749
942.462097
938.315674
934.251770
930.281494
926.415833
922.665283
919.040161
915.550354
912.205505
909.014771
905.986877
903.130127
900.452332
897.960815
895.662476
893.563599
891.669861
889.986511
888.518188
887.268860
886.242004
885.440369
884.866211
884.521118
884.405945
884.521057
884.866150
885.440308
886.241943
887.268799
888.518066
889.986389
891.669739
893.563416
895.662292
897.960632
900.452087
903.129883
905.986633
909.014526
912.205261
915.550049
919.039856
922.664978
926.415527
930.281250
934.251526
938.315430
942.461914
946.679504
950.956726
955.281860
959.643005
964.028198
968.425476
972.822693
977.207947
981.569092
985.894165
990.171387
994.389038
998.535522
1002.599426
1006.569702
1010.435425
1014.185974
1017.811096
1021.300903
1024.645752
1027.836426
1030.864380
1033.721191
1036.398926
1038.890381
1041.188721
1043.287720
1045.181396
1046.864746
1048.333008
1049.582275
1050.609131
1051.410767
1051.984863
1052.330078
1114.375244
1114.246094
1113.858765
1113.214600
1112.315063
1111.162964
1109.761108
1108.113525
1106.224731
1104.099976
1101.744873
1099.166016
1096.370483
1093.365845
1090.160400
1086.762939
1083.182739
1079.429688
1075.513916
1071.446289
1067.238037
1062.900513
1058.445679
1053.885742
1049.233276
1044.500854
1039.701660
1034.848633
1029.955200
1025.034790
1020.100891
1015.166931
1010.246521
1005.353149
1000.500122
995.700867
990.968506
986.315979
981.756042
977.301208
972.963745
968.755371
964.687805
960.772095
957.019043
953.438843
950.041382
946.835938
943.831299
941.035767
938.456909
936.101807
933.976929
932.088135
930.440613
929.038818
927.886597
926.987122
926.342896
925.955627
925.826416
925.955627
926.342834
926.987061
927.886475
929.038696
930.440491
932.088013
933.976746
936.101624
938.456665
941.035522
943.831055
946.835693
950.041077
953.438538
957.018738
960.771790
964.687500
968.755066
972.963379
977.300903
981.755737
986.315735
990.968262
995.700623
1000.499939
1005.352905
1010.246338
1015.166809
1020.100769
1025.034668
1029.955078
1034.848511
1039.701538
1044.500854
1049.233276
1053.885742
1058.445679
1062.900635
1067.238159
1071.446411
1075.514038
1079.429688
1083.182861
1086.763062
1090.160522
1093.365967
1096.370605
1099.166138
1101.744995
1104.100098
1106.224854
1108.113647
1109.761230
1111.162964
1112.315186
1113.214600
1113.858887
1114.246094
1054.410278
1054.350220
1054.170410
1053.871338
1053.453735
1052.918701
1052.267822
1051.502808
1050.625854
1049.639160
1048.545654
1047.348267
1046.050171
1044.655029
1043.166748
1041.589233
1039.926880
1038.184204
1036.366089
1034.477417
1032.523315
1030.509399
1028.440918
1026.323608
1024.163330
1021.965942
1019.737549
1017.484192
1015.212097
1012.927429
1010.636475
1008.345581
1006.060913
1003.788757
1001.535400
999.307007
997.109680
994.949402
992.832092
990.763611
988.749634
986.795593
984.906921
983.088806
981.346130
979.683777
978.106262
976.617920
975.222778
973.924744
972.727295
971.633789
970.647156
969.770142
969.005188
968.354248
967.819275
967.401672
967.102539
966.922729
966.862671
966.922668
967.102478
967.401611
967.819214
968.354248
969.005127
969.770081
970.647095
971.633728
972.727234
973.924622
975.222656
976.617798
978.106140
979.683655
981.346008
983.088623
984.906799
986.795471
988.749512
990.763489
992.831970
994.949280
997.109558
999.306885
1001.535339
1003.788696
1006.060791
1008.345459
1010.636414
1012.927368
1015.212036
1017.484192
1019.737549
1021.965942
1024.163330
1026.323608
1028.440918
1030.509399
1032.523438
1034.477417
1036.366089
1038.184204
1039.926880
1041.589233
1043.166748
1044.655151
1046.050293
1047.348267
1048.545776
1049.639282
1050.625854
1051.502808
1052.267822
1052.918701
1053.453735
1053.871338
1054.170410
1054.350220
