-361 26.477766 991.317383
-361 31.081720 991.196838
-361 35.673058 990.835449
-361 40.239189 990.234314
-361 44.767601 989.395020
-361 49.245880 988.319885
-361 53.661758 987.011841
-361 58.003120 985.474487
-361 62.258080 983.712036
-361 66.414963 981.729309
-361 70.462387 979.531738
-361 74.389252 977.125366
-361 78.184784 974.516724
-361 81.838600 971.713074
-361 85.340675 968.722046
-361 88.681412 965.551758
-361 91.851654 962.211060
-361 94.842705 958.708984
-361 97.646378 955.055176
-361 100.254982 951.259644
-361 102.661369 947.332764
-361 104.858932 943.285339
-361 106.841667 939.128479
-361 108.604126 934.873535
-361 110.141479 930.532166
-361 111.449524 926.116272
-361 112.524658 921.638000
-361 113.363953 917.109619
-361 113.965096 912.543457
-361 114.326447 907.952148
-361 114.447006 903.348206
-361 114.326454 898.744263
-361 113.965111 894.152893
-361 113.363968 889.586792
-361 112.524681 885.058350
-361 111.449547 880.580078
-361 110.141510 876.164246
-361 108.604156 871.822876
-361 106.841698 867.567932
-361 104.858978 863.411011
-361 102.661415 859.363586
-361 100.255035 855.436768
-361 97.646439 851.641235
-361 94.842773 847.987427
-361 91.851738 844.485352
-361 88.681496 841.144592
-361 85.340775 837.974365
-361 81.838707 834.983276
-361 78.184898 832.179626
-361 74.389366 829.571045
-361 70.462517 827.164612
-361 66.415100 824.967041
-361 62.258224 822.984314
-361 58.003277 821.221863
-361 53.661919 819.684448
-361 49.246048 818.376404
-361 44.767776 817.301270
-361 40.239372 816.461975
-361 35.673248 815.860840
-361 31.081917 815.499512
-361 26.477968 815.378906
-361 21.874020 815.499451
-361 17.282688 815.860779
-361 12.716560 816.461914
-361 8.188150 817.301208
-361 3.709871 818.376343
-361 -0.706001 819.684326
-361 -5.047367 821.221680
-361 -9.302324 822.984131
-361 -13.459211 824.966858
-361 -17.506632 827.164429
-361 -21.433496 829.570801
-361 -25.229040 832.179382
-361 -28.882860 834.983032
-361 -32.384941 837.974060
-361 -35.725685 841.144287
-361 -38.895927 844.485046
-361 -41.886986 847.987061
-361 -44.690681 851.640930
-361 -47.299309 855.436462
-361 -49.705704 859.363342
-361 -51.903290 863.410767
-361 -53.886047 867.567627
-361 -55.648521 871.822632
-361 -57.185890 876.164001
-361 -58.493950 880.579895
-361 -59.569099 885.058167
-361 -60.408401 889.586609
-361 -61.009552 894.152771
-361 -61.370903 898.744080
-361 -61.491470 903.348083
-361 -61.370918 907.952026
-361 -61.009575 912.543396
-361 -60.408432 917.109558
-361 -59.569130 921.637939
-361 -58.493988 926.116272
-361 -57.185944 930.532166
-361 -55.648582 934.873535
-361 -53.886108 939.128479
-361 -51.903374 943.285400
-361 -49.705788 947.332825
-361 -47.299393 951.259705
-361 -44.690781 955.055237
-361 -41.887093 958.709045
-361 -38.896019 962.211182
-361 -35.725769 965.551880
-361 -32.385017 968.722168
-361 -28.882921 971.713196
-361 -25.229090 974.516846
-361 -21.433535 977.125488
-361 -17.506651 979.531860
-361 -13.459208 981.729431
-361 -9.302301 983.712158
-361 -5.047327 985.474609
-361 -0.705940 987.011963
-361 3.709953 988.320007
-361 8.188255 989.395142
-361 12.716686 990.234375
-361 17.282837 990.835510
-361 21.874187 991.196838
-331 29.021452 1019.181274
-331 35.127251 1019.021423
-331 41.216309 1018.542175
-331 47.271946 1017.744934
-331 53.277557 1016.631897
-331 59.216682 1015.205994
-331 65.073051 1013.471313
-331 70.830597 1011.432434
-331 76.473557 1009.095032
-331 81.986450 1006.465515
-331 87.354164 1003.551086
-331 92.561996 1000.359741
-331 97.595665 996.900146
-331 102.441383 993.181946
-331 107.085861 989.215149
-331 111.516365 985.010803
-331 115.720764 980.580261
-331 119.687515 975.935791
-331 123.405762 971.090088
-331 126.865311 966.056396
-331 130.056671 960.848572
-331 132.971100 955.480835
-331 135.600616 949.967957
-331 137.938004 944.325012
-331 139.976852 938.567505
-331 141.711578 932.711121
-331 143.137436 926.772034
-331 144.250519 920.766418
-331 145.047760 914.710754
-331 145.526978 908.621704
-331 145.686874 902.515930
-331 145.526993 896.410156
-331 145.047775 890.321106
-331 144.250549 884.265442
-331 143.137466 878.259827
-331 141.711624 872.320740
-331 139.976883 866.464355
-331 137.938034 860.706848
-331 135.600662 855.063904
-331 132.971161 849.550964
-331 130.056732 844.183289
-331 126.865379 838.975464
-331 123.405846 833.941772
-331 119.687607 829.096069
-331 115.720863 824.451599
-331 111.516479 820.021057
-331 107.085983 815.816650
-331 102.441521 811.849915
-331 97.595818 808.131653
-331 92.562157 804.672119
-331 87.354340 801.480774
-331 81.986626 798.566284
-331 76.473747 795.936768
-331 70.830803 793.599365
-331 65.073265 791.560547
-331 59.216911 789.825806
-331 53.277794 788.399902
-331 47.272190 787.286865
-331 41.216560 786.489563
-331 35.127510 786.010376
-331 29.021719 785.850464
-331 22.915930 786.010315
-331 16.826874 786.489502
-331 10.771244 787.286743
-331 4.765636 788.399780
-331 -1.173489 789.825684
-331 -7.029852 791.560364
-331 -12.787401 793.599182
-331 -18.430353 795.936584
-331 -23.943247 798.566040
-331 -29.310965 801.480469
-331 -34.518799 804.671814
-331 -39.552475 808.131348
-331 -44.398193 811.849609
-331 -49.042679 815.816345
-331 -53.473198 820.020691
-331 -57.677597 824.451172
-331 -61.644363 829.095642
-331 -65.362640 833.941345
-331 -68.822220 838.975037
-331 -72.013603 844.182861
-331 -74.928055 849.550598
-331 -77.557594 855.063538
-331 -79.895004 860.706482
-331 -81.933884 866.464050
-331 -83.668633 872.320435
-331 -85.094505 878.259583
-331 -86.207596 884.265198
-331 -87.004845 890.320862
-331 -87.484070 896.409912
-331 -87.643967 902.515747
-331 -87.484085 908.621582
-331 -87.004868 914.710632
-331 -86.207634 920.766296
-331 -85.094551 926.771973
-331 -83.668686 932.711121
-331 -81.933952 938.567505
-331 -79.895088 944.325073
-331 -77.557686 949.968018
-331 -74.928162 955.480957
-331 -72.013710 960.848694
-331 -68.822334 966.056519
-331 -65.362770 971.090210
-331 -61.644508 975.935913
-331 -57.677719 980.580383
-331 -53.473312 985.010925
-331 -49.042786 989.215332
-331 -44.398277 993.182068
-331 -39.552544 996.900330
-331 -34.518852 1000.359863
-331 -29.310991 1003.551270
-331 -23.943243 1006.465698
-331 -18.430326 1009.095154
-331 -12.787348 1011.432556
-331 -7.029772 1013.471375
-331 -1.173380 1015.206116
-331 4.765774 1016.631958
-331 10.771412 1017.744995
-331 16.827072 1018.542236
-331 22.916155 1019.021423
-301 24.660583 1036.118774
-301 31.321869 1035.944336
-301 37.964897 1035.421509
-301 44.571457 1034.551758
-301 51.123444 1033.337402
-301 57.602898 1031.781860
-301 63.992062 1029.889282
-301 70.273422 1027.664917
-301 76.429749 1025.114868
-301 82.444199 1022.246155
-301 88.300247 1019.066528
-301 93.981880 1015.584839
-301 99.473495 1011.810547
-301 104.760063 1007.754028
-301 109.827087 1003.426392
-301 114.660660 998.839478
-301 119.247566 994.005920
-301 123.575211 988.938904
-301 127.631729 983.652344
-301 131.406021 978.160706
-301 134.887726 972.479065
-301 138.067291 966.623047
-301 140.936035 960.608582
-301 143.486084 954.452271
-301 145.710419 948.170898
-301 147.602966 941.781738
-301 149.158539 935.302307
-301 150.372894 928.750366
-301 151.242661 922.143799
-301 151.765472 915.500793
-301 151.939911 908.839478
-301 151.765488 902.178223
-301 151.242676 895.535217
-301 150.372925 888.928650
-301 149.158569 882.376648
-301 147.603012 875.897217
-301 145.710449 869.508057
-301 143.486115 863.226685
-301 140.936096 857.070374
-301 138.067352 851.055908
-301 134.887787 845.199890
-301 131.406097 839.518250
-301 127.631821 834.026611
-301 123.575302 828.740051
-301 119.247681 823.673035
-301 114.660789 818.839478
-301 109.827217 814.252563
-301 104.760216 809.924927
-301 99.473663 805.868408
-301 93.982056 802.094116
-301 88.300446 798.612366
-301 82.444397 795.432800
-301 76.429962 792.564087
-301 70.273643 790.014038
-301 63.992298 787.789673
-301 57.603146 785.897095
-301 51.123703 784.341492
-301 44.571724 783.127136
-301 37.965172 782.257385
-301 31.322153 781.734558
-301 24.660875 781.560059
-301 17.999598 781.734497
-301 11.356575 782.257324
-301 4.750021 783.127075
-301 -1.801962 784.341370
-301 -8.281414 785.896912
-301 -14.670574 787.789490
-301 -20.951927 790.013794
-301 -27.108265 792.563843
-301 -33.122704 795.432556
-301 -38.978764 798.612122
-301 -44.660393 802.093750
-301 -50.152023 805.868042
-301 -55.438591 809.924561
-301 -60.505623 814.252197
-301 -65.339218 818.839050
-301 -69.926117 823.672607
-301 -74.253777 828.739624
-301 -78.310326 834.026184
-301 -82.084648 839.517822
-301 -85.566376 845.199463
-301 -88.745987 851.055542
-301 -91.614754 857.069946
-301 -94.164810 863.226318
-301 -96.389175 869.507690
-301 -98.281754 875.896851
-301 -99.837349 882.376343
-301 -101.051704 888.928345
-301 -101.921478 895.534912
-301 -102.444305 902.177979
-301 -102.618752 908.839294
-301 -102.444321 915.500610
-301 -101.921509 922.143677
-301 -101.051743 928.750244
-301 -99.837395 935.302246
-301 -98.281815 941.781738
-301 -96.389252 948.170898
-301 -94.164902 954.452271
-301 -91.614845 960.608643
-301 -88.746094 966.623108
-301 -85.566498 972.479187
-301 -82.084778 978.160828
-301 -78.310471 983.652466
-301 -74.253929 988.939026
-301 -69.926254 994.006042
-301 -65.339340 998.839661
-301 -60.505737 1003.426575
-301 -55.438683 1007.754211
-301 -50.152100 1011.810730
-301 -44.660446 1015.585022
-301 -38.978790 1019.066711
-301 -33.122704 1022.246277
-301 -27.108234 1025.114990
-301 -20.951870 1027.665039
-301 -14.670486 1029.889404
-301 -8.281296 1031.781982
-301 -1.801813 1033.337524
-301 4.750202 1034.551758
-301 11.356790 1035.421509
-301 17.999844 1035.944336
-271 24.569277 1085.309204
-271 32.710045 1085.096069
-271 40.828499 1084.457153
-271 48.902393 1083.394165
-271 56.909584 1081.910156
-271 64.828140 1080.009033
-271 72.636345 1077.696167
-271 80.312798 1074.977783
-271 87.836464 1071.861328
-271 95.186729 1068.355469
-271 102.343422 1064.469727
-271 109.286949 1060.214722
-271 115.998268 1055.602173
-271 122.458984 1050.644653
-271 128.651413 1045.355835
-271 134.558533 1039.750122
-271 140.164200 1033.843018
-271 145.453003 1027.650635
-271 150.410492 1021.189941
-271 155.023056 1014.478577
-271 159.278061 1007.535034
-271 163.163818 1000.378357
-271 166.669708 993.028137
-271 169.786118 985.504456
-271 172.504486 977.828003
-271 174.817383 970.019836
-271 176.718445 962.101257
-271 178.202499 954.094116
-271 179.265457 946.020203
-271 179.904388 937.901794
-271 180.117569 929.760986
-271 179.904404 921.620239
-271 179.265472 913.501831
-271 178.202530 905.427917
-271 176.718491 897.420715
-271 174.817429 889.502197
-271 172.504532 881.693970
-271 169.786163 874.017517
-271 166.669769 866.493896
-271 163.163895 859.143616
-271 159.278137 851.986938
-271 155.023148 845.043396
-271 150.410599 838.332092
-271 145.453125 831.871338
-271 140.164337 825.678955
-271 134.558685 819.771851
-271 128.651566 814.166138
-271 122.459175 808.877319
-271 115.998474 803.919861
-271 109.287163 799.307312
-271 102.343651 795.052246
-271 95.186966 791.166504
-271 87.836731 787.660583
-271 80.313072 784.544189
-271 72.636635 781.825806
-271 64.828438 779.512878
-271 56.909897 777.611816
-271 48.902718 776.127747
-271 40.828838 775.064758
-271 32.710392 774.425842
-271 24.569633 774.212646
-271 16.428875 774.425781
-271 8.310425 775.064697
-271 0.236544 776.127625
-271 -7.770647 777.611694
-271 -15.689196 779.512695
-271 -23.497396 781.825562
-271 -31.173853 784.543945
-271 -38.697517 787.660278
-271 -46.047783 791.166199
-271 -53.204483 795.051941
-271 -60.148010 799.306885
-271 -66.859337 803.919434
-271 -73.320068 808.876892
-271 -79.512489 814.165710
-271 -85.419632 819.771301
-271 -91.025299 825.678406
-271 -96.314133 831.870789
-271 -101.271652 838.331543
-271 -105.884262 845.042847
-271 -110.139282 851.986389
-271 -114.025085 859.143127
-271 -117.531006 866.493408
-271 -120.647446 874.017090
-271 -123.365845 881.693542
-271 -125.678757 889.501770
-271 -127.579865 897.420349
-271 -129.063934 905.427612
-271 -130.126892 913.501526
-271 -130.765839 921.619995
-271 -130.979019 929.760803
-271 -130.765854 937.901550
-271 -130.126923 946.020081
-271 -129.063980 954.093994
-271 -127.579926 962.101196
-271 -125.678833 970.019775
-271 -123.365936 977.828003
-271 -120.647552 985.504517
-271 -117.531128 993.028198
-271 -114.025223 1000.378479
-271 -110.139435 1007.535217
-271 -105.884415 1014.478760
-271 -101.271828 1021.190063
-271 -96.314316 1027.650757
-271 -91.025467 1033.843262
-271 -85.419785 1039.750366
-271 -79.512627 1045.356079
-271 -73.320175 1050.644897
-271 -66.859428 1055.602295
-271 -60.148079 1060.214844
-271 -53.204514 1064.469971
-271 -46.047775 1068.355713
-271 -38.697479 1071.861572
-271 -31.173784 1074.977905
-271 -23.497290 1077.696289
-271 -15.689051 1080.009155
-271 -7.770464 1081.910278
-271 0.236765 1083.394287
-271 8.310688 1084.457153
-271 16.429174 1085.096069
-241 21.149132 1088.620728
-241 29.585503 1088.399780
-241 37.998749 1087.737671
-241 46.365818 1086.636108
-241 54.663765 1085.098145
-241 62.869850 1083.128052
-241 70.961578 1080.731201
-241 78.916779 1077.914063
-241 86.713646 1074.684570
-241 94.330803 1071.051392
-241 101.747368 1067.024536
-241 108.943024 1062.614990
-241 115.898041 1057.834961
-241 122.593361 1052.697388
-241 129.010620 1047.216553
-241 135.132248 1041.407349
-241 140.941467 1035.285767
-241 146.422333 1028.868530
-241 151.559814 1022.173157
-241 156.339874 1015.218140
-241 160.749390 1008.022461
-241 164.776245 1000.605957
-241 168.409424 992.988770
-241 171.639008 985.191956
-241 174.456085 977.236755
-241 176.852966 969.145020
-241 178.823059 960.938965
-241 180.360992 952.640991
-241 181.462555 944.273926
-241 182.124695 935.860718
-241 182.345612 927.424316
-241 182.124695 918.987976
-241 181.462555 910.574768
-241 180.361023 902.207703
-241 178.823090 893.909729
-241 176.852997 885.703674
-241 174.456116 877.611938
-241 171.639069 869.656738
-241 168.409485 861.859863
-241 164.776306 854.242737
-241 160.749451 846.826172
-241 156.339966 839.630493
-241 151.559937 832.675537
-241 146.422455 825.980225
-241 140.941605 819.562927
-241 135.132416 813.441284
-241 129.010803 807.632080
-241 122.593552 802.151245
-241 115.898254 797.013733
-241 108.943245 792.233643
-241 101.747604 787.824158
-241 94.331055 783.797302
-241 86.713913 780.164063
-241 78.917068 776.934509
-241 70.961884 774.117371
-241 62.870159 771.720520
-241 54.664089 769.750366
-241 46.366154 768.212402
-241 37.999100 767.110840
-241 29.585863 766.448730
-241 21.149502 766.227783
-241 12.713140 766.448669
-241 4.299898 767.110779
-241 -4.067158 768.212280
-241 -12.365101 769.750244
-241 -20.571182 771.720337
-241 -28.662910 774.117188
-241 -36.618111 776.934204
-241 -44.414970 780.163757
-241 -52.032127 783.796936
-241 -59.448700 787.823792
-241 -66.644356 792.233276
-241 -73.599380 797.013306
-241 -80.294708 802.150757
-241 -86.711990 807.631592
-241 -92.833626 813.440796
-241 -98.642845 819.562378
-241 -104.123726 825.979614
-241 -109.261253 832.674927
-241 -114.041359 839.629944
-241 -118.450890 846.825623
-241 -122.477791 854.242188
-241 -126.111015 861.859375
-241 -129.340607 869.656250
-241 -132.157715 877.611511
-241 -134.554626 885.703247
-241 -136.524750 893.909363
-241 -138.062714 902.207336
-241 -139.164276 910.574402
-241 -139.826416 918.987732
-241 -140.047333 927.424133
-241 -139.826447 935.860474
-241 -139.164307 944.273804
-241 -138.062744 952.640869
-241 -136.524811 960.938843
-241 -134.554688 969.144958
-241 -132.157806 977.236694
-241 -129.340729 985.191956
-241 -126.111137 992.988831
-241 -122.477928 1000.606018
-241 -118.451042 1008.022583
-241 -114.041512 1015.218262
-241 -109.261436 1022.173340
-241 -104.123917 1028.868652
-241 -98.643021 1035.285889
-241 -92.833786 1041.407593
-241 -86.712135 1047.216797
-241 -80.294823 1052.697632
-241 -73.599480 1057.835205
-241 -66.644424 1062.615234
-241 -59.448738 1067.024658
-241 -52.032127 1071.051514
-241 -44.414932 1074.684814
-241 -36.618038 1077.914307
-241 -28.662800 1080.731445
-241 -20.571033 1083.128174
-241 -12.364910 1085.098389
-241 -4.066927 1086.636230
-241 4.300171 1087.737793
-241 12.713450 1088.399902
-211 23.965773 1081.228271
-211 32.226063 1081.011963
-211 40.463715 1080.363525
-211 48.656143 1079.285034
-211 56.780899 1077.779175
-211 64.815704 1075.850220
-211 72.738556 1073.503418
-211 80.527718 1070.745117
-211 88.161842 1067.582886
-211 95.620018 1064.025513
-211 102.881790 1060.082764
-211 109.927261 1055.765259
-211 116.737114 1051.084961
-211 123.292686 1046.054688
-211 129.576019 1040.688232
-211 135.569870 1035.000244
-211 141.257828 1029.006470
-211 146.624298 1022.723083
-211 151.654572 1016.167542
-211 156.334854 1009.357666
-211 160.652328 1002.312195
-211 164.595139 995.050415
-211 168.152512 987.592285
-211 171.314667 979.958130
-211 174.072952 972.169006
-211 176.419800 964.246155
-211 178.348785 956.211365
-211 179.854630 948.086609
-211 180.933182 939.894165
-211 181.581497 931.656555
-211 181.797806 923.396240
-211 181.581512 915.135986
-211 180.933197 906.898315
-211 179.854660 898.705933
-211 178.348816 890.581177
-211 176.419846 882.546387
-211 174.072998 874.623535
-211 171.314728 866.834351
-211 168.152573 859.200256
-211 164.595215 851.742065
-211 160.652420 844.480347
-211 156.334961 837.434875
-211 151.654678 830.625000
-211 146.624420 824.069458
-211 141.257980 817.786072
-211 135.570023 811.792236
-211 129.576187 806.104248
-211 123.292877 800.737793
-211 116.737320 795.707520
-211 109.927475 791.027222
-211 102.882027 786.709778
-211 95.620262 782.766968
-211 88.162109 779.209595
-211 80.527992 776.047363
-211 72.738846 773.289063
-211 64.816017 770.942200
-211 56.781219 769.013245
-211 48.656471 767.507385
-211 40.464054 766.428833
-211 32.226418 765.780457
-211 23.966135 765.564148
-211 15.705853 765.780457
-211 7.468212 766.428711
-211 -0.724211 767.507263
-211 -8.848959 769.013062
-211 -16.883768 770.942017
-211 -24.806608 773.288879
-211 -32.595772 776.047119
-211 -40.229897 779.209290
-211 -47.688072 782.766602
-211 -54.949844 786.709412
-211 -61.995316 791.026855
-211 -68.805176 795.707092
-211 -75.360764 800.737366
-211 -81.644104 806.103821
-211 -87.637978 811.791748
-211 -93.325943 817.785583
-211 -98.692429 824.068848
-211 -103.722733 830.624451
-211 -108.403061 837.434326
-211 -112.720551 844.479797
-211 -116.663406 851.741577
-211 -120.220810 859.199768
-211 -123.382996 866.833923
-211 -126.141312 874.623108
-211 -128.488190 882.545959
-211 -130.417191 890.580811
-211 -131.923050 898.705566
-211 -133.001617 906.898010
-211 -133.649933 915.135742
-211 -133.866257 923.396057
-211 -133.649963 931.656372
-211 -133.001648 939.894043
-211 -131.923096 948.086487
-211 -130.417252 956.211243
-211 -128.488266 964.246094
-211 -126.141403 972.169006
-211 -123.383102 979.958191
-211 -120.220932 987.592346
-211 -116.663544 995.050537
-211 -112.720703 1002.312317
-211 -108.403214 1009.357788
-211 -103.722908 1016.167664
-211 -98.692612 1022.723267
-211 -93.326111 1029.006592
-211 -87.638123 1035.000488
-211 -81.644241 1040.688477
-211 -75.360878 1046.054932
-211 -68.805275 1051.085205
-211 -61.995384 1055.765503
-211 -54.949883 1060.083008
-211 -47.688065 1064.025757
-211 -40.229858 1067.583130
-211 -32.595695 1070.745239
-211 -24.806501 1073.503540
-211 -16.883623 1075.850342
-211 -8.848776 1077.779297
-211 -0.723984 1079.285156
-211 7.468477 1080.363647
-211 15.706158 1081.011963
-181 15.235662 1075.910645
-181 23.226433 1075.701416
-181 31.195301 1075.074219
-181 39.120426 1074.030884
-181 46.980080 1072.574097
-181 54.752731 1070.708130
-181 62.417061 1068.437866
-181 69.952080 1065.769531
-181 77.337112 1062.710571
-181 84.551949 1059.269287
-181 91.576775 1055.455078
-181 98.392365 1051.278442
-181 104.980019 1046.750854
-181 111.321701 1041.884766
-181 117.400017 1036.693359
-181 123.198296 1031.191040
-181 128.700668 1025.392700
-181 133.892029 1019.314453
-181 138.758179 1012.972778
-181 143.285751 1006.385071
-181 147.462341 999.569519
-181 151.276505 992.544678
-181 154.717804 985.329834
-181 157.776779 977.944824
-181 160.445068 970.409851
-181 162.715347 962.745483
-181 164.581390 954.972839
-181 166.038101 947.113220
-181 167.081467 939.188110
-181 167.708633 931.219238
-181 167.917877 923.228455
-181 167.708633 915.237732
-181 167.081482 907.268860
-181 166.038132 899.343750
-181 164.581421 891.484070
-181 162.715393 883.711426
-181 160.445114 876.047119
-181 157.776840 868.512085
-181 154.717865 861.127075
-181 151.276581 853.912231
-181 147.462433 846.887451
-181 143.285843 840.071838
-181 138.758286 833.484192
-181 133.892151 827.142517
-181 128.700806 821.064209
-181 123.198448 815.265930
-181 117.400177 809.763550
-181 111.321877 804.572144
-181 104.980217 799.706055
-181 98.392570 795.178467
-181 91.577003 791.001831
-181 84.552185 787.187683
-181 77.337372 783.746338
-181 69.952347 780.687378
-181 62.417343 778.019043
-181 54.753021 775.748779
-181 46.980392 773.882690
-181 39.120743 772.426025
-181 31.195633 771.382629
-181 23.226774 770.755432
-181 15.236013 770.546143
-181 7.245252 770.755371
-181 -0.723609 771.382568
-181 -8.648726 772.425903
-181 -16.508377 773.882568
-181 -24.281023 775.748596
-181 -31.945353 778.018860
-181 -39.480362 780.687134
-181 -46.865402 783.746094
-181 -54.080231 787.187378
-181 -61.105064 791.001465
-181 -67.920654 795.178101
-181 -74.508316 799.705627
-181 -80.850006 804.571716
-181 -86.928329 809.763062
-181 -92.726631 815.265442
-181 -98.229012 821.063660
-181 -103.420395 827.141968
-181 -108.286568 833.483643
-181 -112.814186 840.071289
-181 -116.990807 846.886902
-181 -120.805016 853.911743
-181 -124.246330 861.126587
-181 -127.305351 868.511658
-181 -129.973663 876.046692
-181 -132.243973 883.711060
-181 -134.110046 891.483704
-181 -135.566757 899.343384
-181 -136.610138 907.268555
-181 -137.237305 915.237427
-181 -137.446564 923.228271
-181 -137.237320 931.219055
-181 -136.610168 939.187927
-181 -135.566803 947.113098
-181 -134.110092 954.972778
-181 -132.244034 962.745483
-181 -129.973755 970.409790
-181 -127.305458 977.944824
-181 -124.246452 985.329895
-181 -120.805153 992.544739
-181 -116.990944 999.569641
-181 -112.814339 1006.385254
-181 -108.286736 1012.972900
-181 -103.420570 1019.314575
-181 -98.229172 1025.392944
-181 -92.726776 1031.191162
-181 -86.928467 1036.693604
-181 -80.850113 1041.885010
-181 -74.508408 1046.751099
-181 -67.920715 1051.278687
-181 -61.105095 1055.455322
-181 -54.080223 1059.269409
-181 -46.865372 1062.710693
-181 -39.480293 1065.769653
-181 -31.945250 1068.437988
-181 -24.280882 1070.708252
-181 -16.508198 1072.574219
-181 -8.648506 1074.030884
-181 -0.723352 1075.074219
-181 7.245546 1075.701416
-151 13.496993 1063.327393
-151 21.053566 1063.129517
-151 28.589424 1062.536377
-151 36.083920 1061.549805
-151 43.516499 1060.172241
-151 50.866802 1058.407593
-151 58.114677 1056.260620
-151 65.240250 1053.737305
-151 72.224007 1050.844604
-151 79.046799 1047.590210
-151 85.689919 1043.983398
-151 92.135162 1040.033691
-151 98.364868 1035.752197
-151 104.361954 1031.150391
-151 110.109985 1026.241089
-151 115.593208 1021.037720
-151 120.796600 1015.554504
-151 125.705879 1009.806519
-151 130.307602 1003.809387
-151 134.589157 997.579712
-151 138.538803 991.134460
-151 142.145721 984.491333
-151 145.400024 977.668579
-151 148.292786 970.684814
-151 150.816086 963.559204
-151 152.962997 956.311401
-151 154.727646 948.961060
-151 156.105209 941.528503
-151 157.091873 934.033997
-151 157.684967 926.498169
-151 157.882843 918.941589
-151 157.684967 911.385071
-151 157.091888 903.849182
-151 156.105240 896.354736
-151 154.727692 888.922119
-151 152.963043 881.571838
-151 150.816132 874.323975
-151 148.292847 867.198425
-151 145.400085 860.214661
-151 142.145798 853.391846
-151 138.538895 846.748779
-151 134.589249 840.303528
-151 130.307693 834.073792
-151 125.705986 828.076721
-151 120.796722 822.328674
-151 115.593353 816.845459
-151 110.110146 811.642090
-151 104.362122 806.732788
-151 98.365051 802.131042
-151 92.135361 797.849487
-151 85.690132 793.899841
-151 79.047028 790.292908
-151 72.224251 787.038574
-151 65.240509 784.145813
-151 58.114944 781.622498
-151 50.867081 779.475586
-151 43.516792 777.710938
-151 36.084217 776.333374
-151 28.589737 775.346680
-151 21.053886 774.753540
-151 13.497325 774.555664
-151 5.940761 774.753540
-151 -1.595092 775.346619
-151 -9.089576 776.333252
-151 -16.522156 777.710815
-151 -23.872452 779.475403
-151 -31.120323 781.622314
-151 -38.245899 784.145569
-151 -45.229656 787.038330
-151 -52.052444 790.292603
-151 -58.695572 793.899536
-151 -65.140816 797.849121
-151 -71.370522 802.130676
-151 -77.367622 806.732361
-151 -83.115662 811.641602
-151 -88.598900 816.844971
-151 -93.802292 822.328186
-151 -98.711586 828.076172
-151 -103.313347 834.073303
-151 -107.594940 840.302979
-151 -111.544617 846.748291
-151 -115.151566 853.391418
-151 -118.405899 860.214172
-151 -121.298691 867.197998
-151 -123.822021 874.323547
-151 -125.968948 881.571472
-151 -127.733627 888.921814
-151 -129.111191 896.354370
-151 -130.097870 903.848938
-151 -130.690964 911.384766
-151 -130.888855 918.941406
-151 -130.690979 926.497986
-151 -130.097900 934.033875
-151 -129.111237 941.528381
-151 -127.733688 948.960999
-151 -125.969025 956.311340
-151 -123.822098 963.559204
-151 -121.298798 970.684814
-151 -118.406006 977.668579
-151 -115.151703 984.491455
-151 -111.544754 991.134583
-151 -107.595085 997.579834
-151 -103.313507 1003.809570
-151 -98.711761 1009.806641
-151 -93.802444 1015.554688
-151 -88.599037 1021.037903
-151 -83.115791 1026.241333
-151 -77.367722 1031.150635
-151 -71.370613 1035.752319
-151 -65.140877 1040.033936
-151 -58.695602 1043.983521
-151 -52.052444 1047.590454
-151 -45.229622 1050.844727
-151 -38.245838 1053.737549
-151 -31.120224 1056.260742
-151 -23.872318 1058.407715
-151 -16.521984 1060.172363
-151 -9.089370 1061.549805
-151 -1.594849 1062.536499
-151 5.941040 1063.129517
-121 12.036265 1052.138306
-121 19.112123 1051.953003
-121 26.168587 1051.397705
-121 33.186317 1050.473755
-121 40.146072 1049.183838
-121 47.028782 1047.531494
-121 53.815582 1045.521118
-121 60.487865 1043.158325
-121 67.027344 1040.449585
-121 73.416100 1037.402344
-121 79.636612 1034.024902
-121 85.671844 1030.326416
-121 91.505241 1026.317261
-121 97.120819 1022.008301
-121 102.503189 1017.411316
-121 107.637589 1012.538940
-121 112.509972 1007.404541
-121 117.106941 1002.022156
-121 121.415924 996.406616
-121 125.425117 990.573181
-121 129.123505 984.537964
-121 132.500977 978.317444
-121 135.548248 971.928711
-121 138.256989 965.389221
-121 140.619766 958.716980
-121 142.630112 951.930176
-121 144.282501 945.047485
-121 145.572418 938.087708
-121 146.496323 931.070007
-121 147.051682 924.013550
-121 147.236969 916.937683
-121 147.051682 909.861816
-121 146.496338 902.805420
-121 145.572449 895.787659
-121 144.282532 888.827942
-121 142.630142 881.945190
-121 140.619812 875.158447
-121 138.257034 868.486145
-121 135.548309 861.946655
-121 132.501038 855.557922
-121 129.123581 849.337402
-121 125.425194 843.302185
-121 121.416023 837.468750
-121 117.107048 831.853210
-121 112.510086 826.470825
-121 107.637726 821.336426
-121 102.503334 816.464050
-121 97.120979 811.867065
-121 91.505417 807.558105
-121 85.672028 803.548889
-121 79.636810 799.850464
-121 73.416313 796.473022
-121 67.027565 793.425720
-121 60.488102 790.716980
-121 53.815830 788.354187
-121 47.029045 786.343872
-121 40.146343 784.691406
-121 33.186600 783.401489
-121 26.168880 782.477600
-121 19.112425 781.922241
-121 12.036576 781.736938
-121 4.960725 781.922180
-121 -2.095732 782.477539
-121 -9.113452 783.401428
-121 -16.073204 784.691284
-121 -22.955910 786.343689
-121 -29.742706 788.354004
-121 -36.414989 790.716797
-121 -42.954468 793.425476
-121 -49.343227 796.472778
-121 -55.563747 799.850220
-121 -61.598972 803.548584
-121 -67.432381 807.557739
-121 -73.047974 811.866699
-121 -78.430351 816.463623
-121 -83.564766 821.335999
-121 -88.437141 826.470398
-121 -93.034134 831.852722
-121 -97.343155 837.468323
-121 -101.352371 843.301697
-121 -105.050789 849.336975
-121 -108.428284 855.557495
-121 -111.475586 861.946228
-121 -114.184357 868.485718
-121 -116.547157 875.158081
-121 -118.557518 881.944885
-121 -120.209938 888.827576
-121 -121.499855 895.787354
-121 -122.423775 902.805115
-121 -122.979134 909.861633
-121 -123.164436 916.937500
-121 -122.979149 924.013367
-121 -122.423805 931.069885
-121 -121.499901 938.087646
-121 -120.209984 945.047424
-121 -118.557579 951.930115
-121 -116.547234 958.716980
-121 -114.184448 965.389282
-121 -111.475693 971.928772
-121 -108.428406 978.317566
-121 -105.050919 984.538086
-121 -101.352509 990.573303
-121 -97.343307 996.406738
-121 -93.034294 1002.022339
-121 -88.437286 1007.404724
-121 -83.564896 1012.539124
-121 -78.430473 1017.411499
-121 -73.048065 1022.008484
-121 -67.432465 1026.317505
-121 -61.599033 1030.326660
-121 -55.563770 1034.025024
-121 -49.343224 1037.402466
-121 -42.954437 1040.449707
-121 -36.414928 1043.158447
-121 -29.742615 1045.521240
-121 -22.955788 1047.531616
-121 -16.073048 1049.183960
-121 -9.113259 1050.473877
-121 -2.095504 1051.397705
-121 4.960986 1051.953125
-91 19.085180 1069.010986
-91 26.813404 1068.808716
-91 34.520443 1068.202148
-91 42.185181 1067.192993
-91 49.786598 1065.784180
-91 57.303864 1063.979492
-91 64.716377 1061.783813
-91 72.003815 1059.203125
-91 79.146210 1056.244629
-91 86.123985 1052.916504
-91 92.918007 1049.227539
-91 99.509659 1045.188232
-91 105.880875 1040.809448
-91 112.014183 1036.103149
-91 117.892792 1031.082397
-91 123.500565 1025.760742
-91 128.822144 1020.153015
-91 133.842941 1014.274414
-91 138.549194 1008.141113
-91 142.928024 1001.769897
-91 146.967392 995.178223
-91 150.656235 988.384216
-91 153.984451 981.406433
-91 156.942932 974.264038
-91 159.523544 966.976624
-91 161.719223 959.564148
-91 163.523956 952.046875
-91 164.932816 944.445435
-91 165.941895 936.780701
-91 166.548447 929.073669
-91 166.750824 921.345459
-91 166.548462 913.617249
-91 165.941910 905.910217
-91 164.932831 898.245483
-91 163.524002 890.644104
-91 161.719269 883.126831
-91 159.523590 875.714355
-91 156.942978 868.426880
-91 153.984512 861.284485
-91 150.656296 854.306763
-91 146.967468 847.512695
-91 142.928101 840.921082
-91 138.549301 834.549866
-91 133.843063 828.416565
-91 128.822281 822.537964
-91 123.500710 816.930176
-91 117.892952 811.608582
-91 112.014359 806.587769
-91 105.881065 801.881531
-91 99.509865 797.502686
-91 92.918228 793.463318
-91 86.124214 789.774475
-91 79.146454 786.446228
-91 72.004074 783.487732
-91 64.716652 780.907104
-91 57.304146 778.711426
-91 49.786896 776.906677
-91 42.185486 775.497803
-91 34.520763 774.488708
-91 26.813732 773.882141
-91 19.085520 773.679749
-91 11.357305 773.882080
-91 3.650271 774.488647
-91 -4.014456 775.497681
-91 -11.615868 776.906494
-91 -19.133131 778.711243
-91 -26.545641 780.906921
-91 -33.833084 783.487488
-91 -40.975479 786.445923
-91 -47.953247 789.774170
-91 -54.747276 793.463013
-91 -61.338928 797.502319
-91 -67.710144 801.881104
-91 -73.843468 806.587341
-91 -79.722084 811.608154
-91 -85.329872 816.929688
-91 -90.651459 822.537415
-91 -95.672279 828.416016
-91 -100.378563 834.549316
-91 -104.757423 840.920532
-91 -108.796814 847.512207
-91 -112.485695 854.306274
-91 -115.813957 861.284058
-91 -118.772453 868.426453
-91 -121.353096 875.713928
-91 -123.548805 883.126465
-91 -125.353569 890.643738
-91 -126.762428 898.245178
-91 -127.771523 905.909912
-91 -128.378098 913.617004
-91 -128.580475 921.345276
-91 -128.378113 929.073486
-91 -127.771553 936.780579
-91 -126.762474 944.445313
-91 -125.353615 952.046753
-91 -123.548882 959.564087
-91 -121.353188 966.976624
-91 -118.772560 974.264099
-91 -115.814064 981.406494
-91 -112.485832 988.384277
-91 -108.796959 995.178345
-91 -104.757568 1001.770020
-91 -100.378731 1008.141235
-91 -95.672455 1014.274536
-91 -90.651619 1020.153198
-91 -85.330009 1025.760986
-91 -79.722214 1031.082520
-91 -73.843575 1036.103394
-91 -67.710236 1040.809570
-91 -61.338989 1045.188477
-91 -54.747307 1049.227783
-91 -47.953247 1052.916626
-91 -40.975441 1056.244873
-91 -33.833015 1059.203369
-91 -26.545542 1061.783936
-91 -19.132998 1063.979614
-91 -11.615694 1065.784302
-91 -4.014244 1067.193115
-91 3.650519 1068.202148
-91 11.357590 1068.808716
-61 26.188492 1147.802002
-61 35.831009 1147.549561
-61 45.447094 1146.792725
-61 55.010395 1145.533691
-61 64.494698 1143.775879
-61 73.874001 1141.524170
-61 83.122604 1138.784546
-61 92.215157 1135.564697
-61 101.126732 1131.873413
-61 109.832916 1127.720825
-61 118.309822 1123.118164
-61 126.534241 1118.078247
-61 134.483612 1112.614868
-61 142.136154 1106.742798
-61 149.470901 1100.478394
-61 156.467728 1093.838623
-61 163.107483 1086.841797
-61 169.371933 1079.507080
-61 175.243942 1071.854492
-61 180.707397 1063.905151
-61 185.747330 1055.680664
-61 190.349899 1047.203857
-61 194.502533 1038.497681
-61 198.193832 1029.586060
-61 201.413666 1020.493530
-61 204.153229 1011.244934
-61 206.404984 1001.865662
-61 208.162811 992.381348
-61 209.421844 982.818054
-61 210.178650 973.201965
-61 210.431152 963.559509
-61 210.178665 953.916992
-61 209.421860 944.300903
-61 208.162842 934.737610
-61 206.405029 925.253296
-61 204.153275 915.874023
-61 201.413727 906.625427
-61 198.193893 897.532898
-61 194.502609 888.621338
-61 190.349991 879.915161
-61 185.747421 871.438232
-61 180.707504 863.213806
-61 175.244064 855.264465
-61 169.372070 847.611938
-61 163.107651 840.277161
-61 156.467911 833.280334
-61 149.471100 826.640564
-61 142.136383 820.376099
-61 134.483856 814.504150
-61 126.534492 809.040649
-61 118.310097 804.000732
-61 109.833199 799.398132
-61 101.127037 795.245483
-61 92.215477 791.554199
-61 83.122948 788.334290
-61 73.874359 785.594727
-61 64.495071 783.342957
-61 55.010780 781.585144
-61 45.447495 780.326050
-61 35.831421 779.569214
-61 26.188915 779.316711
-61 16.546410 779.569214
-61 6.930332 780.325989
-61 -2.632959 781.584961
-61 -12.117256 783.342773
-61 -21.496555 785.594543
-61 -30.745155 788.334045
-61 -39.837708 791.553833
-61 -48.749283 795.245117
-61 -57.455460 799.397705
-61 -65.932381 804.000305
-61 -74.156792 809.040161
-61 -82.106178 814.503601
-61 -89.758728 820.375610
-61 -97.093483 826.640015
-61 -104.090332 833.279724
-61 -110.730087 840.276550
-61 -116.994568 847.611267
-61 -122.866608 855.263794
-61 -128.330124 863.213196
-61 -133.370071 871.437622
-61 -137.972702 879.914551
-61 -142.125366 888.620728
-61 -145.816696 897.532349
-61 -149.036575 906.624939
-61 -151.776169 915.873535
-61 -154.027969 925.252869
-61 -155.785797 934.737183
-61 -157.044846 944.300537
-61 -157.801651 953.916687
-61 -158.054169 963.559204
-61 -157.801682 973.201782
-61 -157.044876 982.817871
-61 -155.785858 992.381226
-61 -154.028030 1001.865540
-61 -151.776245 1011.244873
-61 -149.036682 1020.493530
-61 -145.816833 1029.586060
-61 -142.125519 1038.497681
-61 -137.972870 1047.203857
-61 -133.370255 1055.680908
-61 -128.330307 1063.905273
-61 -122.866821 1071.854736
-61 -116.994781 1079.507202
-61 -110.730286 1086.842041
-61 -104.090515 1093.838867
-61 -97.093651 1100.478638
-61 -89.758865 1106.743042
-61 -82.106285 1112.615112
-61 -74.156868 1118.078491
-61 -65.932419 1123.118408
-61 -57.455460 1127.721069
-61 -48.749237 1131.873657
-61 -39.837624 1135.564941
-61 -30.745029 1138.784790
-61 -21.496387 1141.524292
-61 -12.117039 1143.776001
-61 -2.632696 1145.533813
-61 6.930641 1146.792847
-61 16.546764 1147.549561
-31 38.678642 1158.863525
-31 48.646992 1158.602539
-31 58.588017 1157.820190
-31 68.474472 1156.518555
-31 78.279259 1154.701416
-31 87.975502 1152.373535
-31 97.536629 1149.541382
-31 106.936432 1146.212769
-31 116.149139 1142.396729
-31 125.149513 1138.103760
-31 133.912872 1133.345703
-31 142.415192 1128.135376
-31 150.633179 1122.487305
-31 158.544312 1116.416870
-31 166.126923 1109.940796
-31 173.360168 1103.076660
-31 180.224304 1095.843384
-31 186.700439 1088.260864
-31 192.770844 1080.349731
-31 198.418915 1072.131714
-31 203.629150 1063.629395
-31 208.387268 1054.865967
-31 212.680206 1045.865601
-31 216.496246 1036.652954
-31 219.824890 1027.253174
-31 222.657013 1017.692078
-31 224.984863 1007.995789
-31 226.802094 998.191040
-31 228.103668 988.304626
-31 228.886047 978.363586
-31 229.147095 968.395264
-31 228.886078 958.426880
-31 228.103699 948.485901
-31 226.802124 938.599426
-31 224.984924 928.794678
-31 222.657074 919.098450
-31 219.824951 909.537292
-31 216.496307 900.137512
-31 212.680298 890.924805
-31 208.387360 881.924438
-31 203.629272 873.161133
-31 198.419037 864.658813
-31 192.770996 856.440796
-31 186.700562 848.529663
-31 180.224457 840.947083
-31 173.360352 833.713806
-31 166.127106 826.849670
-31 158.544540 820.373535
-31 150.633423 814.303101
-31 142.415466 808.655029
-31 133.913147 803.444824
-31 125.149803 798.686646
-31 116.149452 794.393677
-31 106.936760 790.577637
-31 97.536987 787.249023
-31 87.975876 784.416870
-31 78.279648 782.088989
-31 68.474869 780.271729
-31 58.588428 778.970154
-31 48.647415 778.187744
-31 38.679081 777.926697
-31 28.710743 778.187744
-31 18.769726 778.970032
-31 8.883280 780.271606
-31 -0.921501 782.088806
-31 -10.617741 784.416626
-31 -20.178864 787.248718
-31 -29.578659 790.577332
-31 -38.791374 794.393311
-31 -47.791740 798.686279
-31 -56.555107 803.444336
-31 -65.057434 808.654541
-31 -73.275436 814.302612
-31 -81.186577 820.372986
-31 -88.769188 826.849121
-31 -96.002464 833.713196
-31 -102.866585 840.946411
-31 -109.342751 848.528992
-31 -115.413216 856.440125
-31 -121.061333 864.658142
-31 -126.271599 873.160461
-31 -131.029755 881.923828
-31 -135.322754 890.924255
-31 -139.138824 900.136963
-31 -142.467499 909.536804
-31 -145.299652 919.097961
-31 -147.627533 928.794189
-31 -149.444794 938.599060
-31 -150.746368 948.485535
-31 -151.528748 958.426575
-31 -151.789795 968.394958
-31 -151.528778 978.363342
-31 -150.746399 988.304382
-31 -149.444824 998.190918
-31 -147.627625 1007.995728
-31 -145.299744 1017.692017
-31 -142.467621 1027.253174
-31 -139.138947 1036.652954
-31 -135.322906 1045.865723
-31 -131.029938 1054.866089
-31 -126.271782 1063.629517
-31 -121.061531 1072.131836
-31 -115.413429 1080.349854
-31 -109.342979 1088.260986
-31 -102.866783 1095.843628
-31 -96.002647 1103.076904
-31 -88.769356 1109.941040
-31 -81.186714 1116.417236
-31 -73.275551 1122.487549
-31 -65.057510 1128.135742
-31 -56.555145 1133.345947
-31 -47.791740 1138.104004
-31 -38.791328 1142.396973
-31 -29.578575 1146.213013
-31 -20.178734 1149.541626
-31 -10.617565 1152.373657
-31 -0.921276 1154.701538
-31 8.883553 1156.518677
-31 18.770046 1157.820313
-31 28.711109 1158.602539
-1 46.037140 1138.172241
-1 55.312565 1137.929321
-1 64.562569 1137.201294
-1 73.761795 1135.990234
-1 82.885025 1134.299316
-1 91.907257 1132.133301
-1 100.803772 1129.498047
-1 109.550171 1126.400757
-1 118.122482 1122.849976
-1 126.497223 1118.855469
-1 134.651413 1114.428101
-1 142.562729 1109.580078
-1 150.209473 1104.324585
-1 157.570679 1098.676147
-1 164.626190 1092.650146
-1 171.356644 1086.263184
-1 177.743622 1079.532715
-1 183.769592 1072.477173
-1 189.418045 1065.115967
-1 194.673508 1057.469238
-1 199.521576 1049.557983
-1 203.948929 1041.403809
-1 207.943466 1033.029053
-1 211.494232 1024.456665
-1 214.591492 1015.710327
-1 217.226761 1006.813843
-1 219.392807 997.791626
-1 221.083694 988.668396
-1 222.294800 979.469177
-1 223.022797 970.219177
-1 223.265686 960.943787
-1 223.022812 951.668335
-1 222.294830 942.418335
-1 221.083740 933.219116
-1 219.392838 924.095886
-1 217.226807 915.073669
-1 214.591553 906.177185
-1 211.494293 897.430786
-1 207.943542 888.858459
-1 203.949020 880.483765
-1 199.521667 872.329590
-1 194.673615 864.418274
-1 189.418167 856.771545
-1 183.769730 849.410278
-1 177.743790 842.354797
-1 171.356827 835.624329
-1 164.626373 829.237366
-1 157.570892 823.211426
-1 150.209686 817.562927
-1 142.562973 812.307495
-1 134.651672 807.459412
-1 126.497498 803.032043
-1 118.122780 799.037476
-1 109.550484 795.486694
-1 100.804100 792.389404
-1 91.907608 789.754150
-1 82.885384 787.588074
-1 73.762161 785.897156
-1 64.562950 784.686035
-1 55.312962 783.958008
-1 46.037548 783.715088
-1 36.762131 783.958008
-1 27.512136 784.685913
-1 18.312922 785.897034
-1 9.189693 787.587891
-1 0.167461 789.753906
-1 -8.729046 792.389160
-1 -17.475441 795.486389
-1 -26.047752 799.037109
-1 -34.422493 803.031616
-1 -42.576691 807.458984
-1 -50.488007 812.307007
-1 -58.134750 817.562439
-1 -65.495972 823.210876
-1 -72.551498 829.236816
-1 -79.281975 835.623779
-1 -85.668961 842.354187
-1 -91.694946 849.409668
-1 -97.343445 856.770874
-1 -102.598953 864.417664
-1 -107.447037 872.328979
-1 -111.874435 880.483154
-1 -115.869019 888.857910
-1 -119.419815 897.430298
-1 -122.517105 906.176697
-1 -125.152405 915.073242
-1 -127.318481 924.095459
-1 -129.009384 933.218750
-1 -130.220505 942.418030
-1 -130.948502 951.668030
-1 -131.191406 960.943481
-1 -130.948532 970.218933
-1 -130.220551 979.468994
-1 -129.009445 988.668274
-1 -127.318542 997.791504
-1 -125.152481 1006.813782
-1 -122.517212 1015.710327
-1 -119.419952 1024.456787
-1 -115.869156 1033.029053
-1 -111.874603 1041.403809
-1 -107.447205 1049.558105
-1 -102.599121 1057.469360
-1 -97.343643 1065.116211
-1 -91.695160 1072.477417
-1 -85.669144 1079.532959
-1 -79.282143 1086.263428
-1 -72.551651 1092.650391
-1 -65.496101 1098.676392
-1 -58.134857 1104.324829
-1 -50.488075 1109.580322
-1 -42.576729 1114.428345
-1 -34.422485 1118.855713
-1 -26.047714 1122.850220
-1 -17.475361 1126.401001
-1 -8.728924 1129.498169
-1 0.167625 1132.133423
-1 9.189899 1134.299438
-1 18.313175 1135.990356
-1 27.512436 1137.201416
-1 36.762474 1137.929321
29 48.214806 1160.410400
29 57.871067 1160.157471
29 67.500854 1159.399658
29 77.077789 1158.138794
29 86.575607 1156.378540
29 95.968285 1154.123535
29 105.230072 1151.380005
29 114.335587 1148.155640
29 123.259865 1144.458984
29 131.978455 1140.300537
29 140.467438 1135.691406
29 148.703583 1130.644287
29 156.664276 1125.172974
29 164.327728 1119.292603
29 171.672943 1113.019287
29 178.679749 1106.369995
29 185.328949 1099.363159
29 191.602356 1092.018066
29 197.482727 1084.354614
29 202.953949 1076.393799
29 208.001068 1068.157715
29 212.610229 1059.668701
29 216.768768 1050.950195
29 220.465332 1042.025879
29 223.689758 1032.920410
29 226.433197 1023.658630
29 228.688171 1014.265930
29 230.448517 1004.768127
29 231.709351 995.191223
29 232.467224 985.561462
29 232.720093 975.905212
29 232.467224 966.248962
29 231.709351 956.619141
29 230.448547 947.042236
29 228.688232 937.544434
29 226.433258 928.151733
29 223.689789 918.889954
29 220.465393 909.784485
29 216.768829 900.860229
29 212.610291 892.141602
29 208.001160 883.652649
29 202.954071 875.416504
29 197.482849 867.455811
29 191.602478 859.792358
29 185.329132 852.447144
29 178.679932 845.440308
29 171.673126 838.791138
29 164.327957 832.517761
29 156.664520 826.637329
29 148.703842 821.166138
29 140.467712 816.119019
29 131.978729 811.509827
29 123.260170 807.351257
29 114.335907 803.654663
29 105.230415 800.430237
29 95.968643 797.686768
29 86.575989 795.431763
29 77.078178 793.671448
29 67.501259 792.410583
29 57.871479 791.652710
29 48.215229 791.399780
29 38.558979 791.652649
29 28.929195 792.410522
29 19.352272 793.671326
29 9.854458 795.431580
29 0.461788 797.686523
29 -8.799995 800.429993
29 -17.905502 803.654419
29 -26.829788 807.350952
29 -35.548378 811.509460
29 -44.037369 816.118591
29 -52.273514 821.165649
29 -60.234222 826.636841
29 -67.897690 832.517212
29 -75.242897 838.790527
29 -82.249718 845.439758
29 -88.898933 852.446533
29 -95.172340 859.791687
29 -101.052757 867.455139
29 -106.524055 875.415833
29 -111.571205 883.651978
29 -116.180382 892.140991
29 -120.338966 900.859619
29 -124.035561 909.783936
29 -127.260033 918.889465
29 -130.003510 928.151306
29 -132.258514 937.544006
29 -134.018860 947.041809
29 -135.279694 956.618774
29 -136.037598 966.248596
29 -136.290466 975.904907
29 -136.037628 985.561218
29 -135.279755 995.191040
29 -134.018921 1004.768005
29 -132.258606 1014.265869
29 -130.003601 1023.658569
29 -127.260139 1032.920410
29 -124.035698 1042.025879
29 -120.339119 1050.950195
29 -116.180550 1059.668823
29 -111.571373 1068.157837
29 -106.524239 1076.394043
29 -101.052971 1084.354736
29 -95.172569 1092.018188
29 -88.899132 1099.363403
29 -82.249901 1106.370239
29 -75.243065 1113.019531
29 -67.897820 1119.292847
29 -60.234337 1125.173218
29 -52.273590 1130.644531
29 -44.037415 1135.691650
29 -35.548370 1140.300781
29 -26.829742 1144.459229
29 -17.905426 1148.155762
29 -8.799870 1151.380249
29 0.461960 1154.123657
29 9.854675 1156.378662
29 19.352537 1158.138916
29 28.929506 1159.399658
29 38.559334 1160.157593
59 31.543089 1107.237305
59 39.629494 1107.025635
59 47.693729 1106.390869
59 55.713703 1105.335083
59 63.667419 1103.860962
59 71.533089 1101.972534
59 79.289154 1099.675171
59 86.914345 1096.974854
59 94.387764 1093.879272
59 101.688942 1090.396851
59 108.797844 1086.536987
59 115.695000 1082.310425
59 122.361496 1077.728638
59 128.779068 1072.804321
59 134.930130 1067.550781
59 140.797806 1061.982544
59 146.366028 1056.114868
59 151.619522 1049.963867
59 156.543900 1043.546265
59 161.125671 1036.879761
59 165.352249 1029.982544
59 169.212067 1022.873718
59 172.694550 1015.572510
59 175.790131 1008.099121
59 178.490356 1000.473938
59 180.787796 992.717896
59 182.676178 984.852234
59 184.150330 976.898499
59 185.206177 968.878540
59 185.840851 960.814331
59 186.052597 952.727905
59 185.840851 944.641541
59 185.206192 936.577332
59 184.150345 928.557373
59 182.676208 920.603638
59 180.787842 912.737976
59 178.490402 904.981934
59 175.790192 897.356750
59 172.694611 889.883301
59 169.212143 882.582153
59 165.352341 875.473267
59 161.125763 868.576111
59 156.544022 861.909607
59 151.619644 855.492004
59 146.366165 849.340942
59 140.797958 843.473267
59 134.930298 837.905029
59 128.779251 832.651550
59 122.361702 827.727173
59 115.695213 823.145386
59 108.798073 818.918823
59 101.689178 815.058960
59 94.388023 811.576538
59 86.914612 808.480896
59 79.289436 805.780640
59 71.533394 803.483215
59 63.667732 801.594849
59 55.714027 800.120667
59 47.694065 799.064819
59 39.629837 798.430115
59 31.543444 798.218323
59 23.457050 798.430054
59 15.392818 799.064697
59 7.372854 800.120544
59 -0.580862 801.594666
59 -8.446527 803.483032
59 -16.202585 805.780457
59 -23.827776 808.480652
59 -31.301199 811.576233
59 -38.602371 815.058655
59 -45.711273 818.918457
59 -52.608437 823.145020
59 -59.274940 827.726746
59 -65.692520 832.651123
59 -71.843590 837.904602
59 -77.711288 843.472778
59 -83.279518 849.340454
59 -88.533028 855.491455
59 -93.457443 861.909058
59 -98.039246 868.575562
59 -102.265854 875.472717
59 -106.125702 882.581665
59 -109.608215 889.882813
59 -112.703842 897.356262
59 -115.404083 904.981506
59 -117.701553 912.737549
59 -119.589966 920.603271
59 -121.064117 928.557007
59 -122.119965 936.577026
59 -122.754654 944.641296
59 -122.966415 952.727722
59 -122.754669 960.814148
59 -122.120010 968.878418
59 -121.064163 976.898376
59 -119.590012 984.852173
59 -117.701630 992.717834
59 -115.404175 1000.473938
59 -112.703949 1008.099121
59 -109.608337 1015.572571
59 -106.125839 1022.873779
59 -102.266006 1029.982666
59 -98.039398 1036.879883
59 -93.457619 1043.546387
59 -88.533211 1049.963989
59 -83.279678 1056.115112
59 -77.711433 1061.982788
59 -71.843727 1067.551025
59 -65.692635 1072.804443
59 -59.275032 1077.728882
59 -52.608498 1082.310669
59 -45.711311 1086.537231
59 -38.602364 1090.396973
59 -31.301161 1093.879517
59 -23.827707 1096.975098
59 -16.202478 1099.675293
59 -8.446383 1101.972656
59 -0.580679 1103.861084
59 7.373075 1105.335205
59 15.393078 1106.390991
59 23.457348 1107.025635
89 33.183102 1051.151855
89 40.048630 1050.972046
89 46.895340 1050.433228
89 53.704464 1049.536865
89 60.457340 1048.285278
89 67.135460 1046.682007
89 73.720520 1044.731323
89 80.194473 1042.438843
89 86.539566 1039.810547
89 92.738411 1036.853882
89 98.774017 1033.576782
89 104.629852 1029.988403
89 110.289856 1026.098389
89 115.738510 1021.917480
89 120.960892 1017.457153
89 125.942673 1012.729614
89 130.670212 1007.747803
89 135.130539 1002.525452
89 139.311447 997.076782
89 143.201462 991.416748
89 146.789917 985.560913
89 150.066971 979.525330
89 153.023666 973.326477
89 155.651901 966.981445
89 157.944443 960.507446
89 159.895020 953.922424
89 161.498291 947.244324
89 162.749878 940.491455
89 163.646317 933.682312
89 164.185165 926.835632
89 164.364944 919.970093
89 164.185165 913.104614
89 163.646332 906.257874
89 162.749893 899.448792
89 161.498322 892.695923
89 159.895050 886.017761
89 157.944473 879.432739
89 155.651947 872.958801
89 153.023727 866.613708
89 150.067032 860.414856
89 146.789978 854.379272
89 143.201538 848.523438
89 139.311539 842.863403
89 135.130646 837.414734
89 130.670334 832.192383
89 125.942795 827.210571
89 120.961029 822.483032
89 115.738663 818.022705
89 110.290024 813.841797
89 104.630035 809.951782
89 98.774216 806.363342
89 92.738617 803.086243
89 86.539780 800.129578
89 80.194702 797.501343
89 73.720764 795.208740
89 67.135712 793.258179
89 60.457603 791.654907
89 53.704735 790.403320
89 46.895622 789.506836
89 40.048920 788.968018
89 33.183403 788.788208
89 26.317883 788.967957
89 19.471180 789.506775
89 12.662062 790.403198
89 5.909189 791.654785
89 -0.768929 793.257996
89 -7.353985 795.208618
89 -13.827934 797.501099
89 -20.173027 800.129333
89 -26.371876 803.085999
89 -32.407490 806.363037
89 -38.263325 809.951477
89 -43.923328 813.841492
89 -49.371990 818.022339
89 -54.594379 822.482666
89 -59.576176 827.210144
89 -64.303726 832.191956
89 -68.764069 837.414307
89 -72.944992 842.862976
89 -76.835037 848.522949
89 -80.423523 854.378784
89 -83.700623 860.414429
89 -86.657349 866.613281
89 -89.285583 872.958374
89 -91.578156 879.432373
89 -93.528763 886.017456
89 -95.132050 892.695557
89 -96.383636 899.448486
89 -97.280090 906.257629
89 -97.818939 913.104370
89 -97.998734 919.969910
89 -97.818954 926.835449
89 -97.280121 933.682190
89 -96.383682 940.491333
89 -95.132095 947.244263
89 -93.528824 953.922363
89 -91.578232 960.507446
89 -89.285690 966.981445
89 -86.657440 973.326538
89 -83.700729 979.525391
89 -80.423645 985.561035
89 -76.835175 991.416870
89 -72.945145 997.076904
89 -68.764221 1002.525574
89 -64.303864 1007.747986
89 -59.576298 1012.729736
89 -54.594494 1017.457275
89 -49.372082 1021.917664
89 -43.923405 1026.098511
89 -38.263378 1029.988525
89 -32.407520 1033.577026
89 -26.371872 1036.854126
89 -20.172997 1039.810791
89 -13.827873 1042.438965
89 -7.353893 1044.731567
89 -0.768806 1046.682129
89 5.909344 1048.285400
89 12.662249 1049.536865
89 19.471401 1050.433350
89 26.318136 1050.972168
119 28.942104 1078.536255
119 36.421333 1078.340454
119 43.880062 1077.753418
119 51.297852 1076.776855
119 58.654358 1075.413452
119 65.929428 1073.666748
119 73.103119 1071.541870
119 80.155769 1069.044434
119 87.068047 1066.181274
119 93.820999 1062.960205
119 100.396133 1059.390259
119 106.775406 1055.480957
119 112.941345 1051.243286
119 118.877060 1046.688599
119 124.566254 1041.829590
119 129.993347 1036.679443
119 135.143494 1031.252441
119 140.002518 1025.563232
119 144.557144 1019.627502
119 148.794891 1013.461548
119 152.704117 1007.082275
119 156.274109 1000.507141
119 159.495102 993.754211
119 162.358261 986.841919
119 164.855728 979.789307
119 166.980667 972.615601
119 168.727264 965.340515
119 170.090714 957.984009
119 171.067291 950.566284
119 171.654312 943.107544
119 171.850159 935.628296
119 171.654312 928.149109
119 171.067307 920.690369
119 170.090744 913.272583
119 168.727295 905.916077
119 166.980713 898.641052
119 164.855774 891.467346
119 162.358307 884.414673
119 159.495163 877.502441
119 156.274185 870.749451
119 152.704193 864.174316
119 148.794968 857.795044
119 144.557251 851.629150
119 140.002640 845.693420
119 135.143616 840.004211
119 129.993500 834.577148
119 124.566406 829.427002
119 118.877228 824.567993
119 112.941528 820.013306
119 106.775604 815.775574
119 100.396347 811.866333
119 93.821228 808.296326
119 87.068283 805.075317
119 80.156021 802.212158
119 73.103386 799.714722
119 65.929703 797.589722
119 58.654648 795.843140
119 51.298149 794.479675
119 43.880371 793.503052
119 36.421654 792.916077
119 28.942432 792.720215
119 21.463211 792.916016
119 14.004488 793.502991
119 6.586710 794.479553
119 -0.769796 795.843018
119 -8.044865 797.589600
119 -15.218552 799.714478
119 -22.271198 802.211914
119 -29.183475 805.075073
119 -35.936436 808.296021
119 -42.511562 811.866028
119 -48.890842 815.775208
119 -55.056789 820.012939
119 -60.992504 824.567566
119 -66.681717 829.426575
119 -72.108826 834.576660
119 -77.258972 840.003723
119 -82.118011 845.692932
119 -86.672668 851.628662
119 -90.910446 857.794556
119 -94.819702 864.173889
119 -98.389725 870.749023
119 -101.610748 877.501953
119 -104.473938 884.414307
119 -106.971436 891.466919
119 -109.096405 898.640625
119 -110.843018 905.915771
119 -112.206482 913.272278
119 -113.183060 920.690063
119 -113.770081 928.148865
119 -113.965942 935.628113
119 -113.770096 943.107361
119 -113.183090 950.566101
119 -112.206512 957.983948
119 -110.843063 965.340454
119 -109.096466 972.615540
119 -106.971512 979.789246
119 -104.474045 986.841919
119 -101.610855 993.754211
119 -98.389862 1000.507202
119 -94.819839 1007.082397
119 -90.910599 1013.461670
119 -86.672836 1019.627625
119 -82.118179 1025.563354
119 -77.259125 1031.252563
119 -72.108963 1036.679688
119 -66.681839 1041.829834
119 -60.992603 1046.688843
119 -55.056873 1051.243530
119 -48.890903 1055.481201
119 -42.511593 1059.390381
119 -35.936428 1062.960449
119 -29.183441 1066.181396
119 -22.271133 1069.044556
119 -15.218452 1071.541992
119 -8.044731 1073.666992
119 -0.769627 1075.413574
119 6.586914 1076.776978
119 14.004728 1077.753418
119 21.463486 1078.340454
149 29.799288 1063.692749
149 36.869591 1063.507568
149 43.920509 1062.952637
149 50.932732 1062.029541
149 57.887020 1060.740601
149 64.764328 1059.089478
149 71.545792 1057.080688
149 78.212837 1054.719849
149 84.747185 1052.013184
149 91.130920 1048.968262
149 97.346550 1045.593506
149 103.377045 1041.897949
149 109.205856 1037.891968
149 114.817024 1033.586426
149 120.195175 1028.993042
149 125.325539 1024.124512
149 130.194092 1018.994080
149 134.787460 1013.615967
149 139.093063 1008.004761
149 143.099106 1002.175964
149 146.794586 996.145447
149 150.169403 989.929810
149 153.214279 983.546143
149 155.920898 977.011780
149 158.281815 970.344727
149 160.290573 963.563293
149 161.941666 956.685974
149 163.230576 949.731689
149 164.153748 942.719482
149 164.708664 935.668579
149 164.893814 928.598267
149 164.708679 921.528015
149 164.153763 914.477051
149 163.230591 907.464844
149 161.941696 900.510559
149 160.290604 893.633301
149 158.281845 886.851807
149 155.920944 880.184753
149 153.214340 873.650452
149 150.169464 867.266724
149 146.794662 861.051086
149 143.099182 855.020569
149 139.093155 849.191772
149 134.787567 843.580627
149 130.194214 838.202454
149 125.325676 833.072083
149 120.195320 828.203552
149 114.817184 823.610168
149 109.206032 819.304565
149 103.377228 815.298523
149 97.346748 811.603027
149 91.131134 808.228210
149 84.747406 805.183289
149 78.213074 802.476685
149 71.546043 800.115723
149 64.764587 798.106995
149 57.887291 796.455872
149 50.933014 795.166992
149 43.920803 794.243774
149 36.869892 793.688843
149 29.799599 793.503662
149 22.729305 793.688843
149 15.678389 794.243713
149 8.666178 795.166870
149 1.711891 796.455750
149 -5.165411 798.106812
149 -11.946875 800.115601
149 -18.613920 802.476440
149 -25.148264 805.183044
149 -31.532003 808.227905
149 -37.747643 811.602722
149 -43.778130 815.298218
149 -49.606956 819.304199
149 -55.218132 823.609802
149 -60.596283 828.203125
149 -65.726669 833.071655
149 -70.595222 838.202026
149 -75.188599 843.580139
149 -79.494232 849.191284
149 -83.500305 855.020142
149 -87.195824 861.050598
149 -90.570663 867.266235
149 -93.615578 873.650024
149 -96.322212 880.184387
149 -98.683167 886.851440
149 -100.691940 893.632935
149 -102.343063 900.510254
149 -103.631973 907.464539
149 -104.555161 914.476807
149 -105.110092 921.527771
149 -105.295242 928.598083
149 -105.110107 935.668396
149 -104.555191 942.719360
149 -103.632019 949.731567
149 -102.343109 956.685913
149 -100.692001 963.563232
149 -98.683243 970.344727
149 -96.322311 977.011780
149 -93.615677 983.546143
149 -90.570778 989.929932
149 -87.195946 996.145569
149 -83.500443 1002.176086
149 -79.494385 1008.004883
149 -75.188766 1013.616089
149 -70.595367 1018.994263
149 -65.726799 1024.124634
149 -60.596405 1028.993164
149 -55.218231 1033.586548
149 -49.607033 1037.892212
149 -43.778191 1041.898193
149 -37.747665 1045.593628
149 -31.532000 1048.968506
149 -25.148233 1052.013428
149 -18.613859 1054.719971
149 -11.946783 1057.080811
149 -5.165285 1059.089600
149 1.712049 1060.740723
149 8.666372 1062.029541
149 15.678616 1062.952759
149 22.729565 1063.507568
179 34.146191 1033.782227
179 40.548828 1033.614502
179 46.933914 1033.112061
179 53.283955 1032.276001
179 59.581535 1031.108887
179 65.809402 1029.613647
179 71.950485 1027.794556
179 77.987946 1025.656616
179 83.905235 1023.205566
179 89.686142 1020.448242
179 95.314819 1017.392090
179 100.775833 1014.045593
179 106.054230 1010.417847
179 111.135513 1006.518860
179 116.005798 1002.359253
179 120.651688 997.950439
179 125.060501 993.304565
179 129.220093 988.434265
179 133.119110 983.352966
179 136.746857 978.074585
179 140.093369 972.613586
179 143.149490 966.984924
179 145.906830 961.203979
179 148.357849 955.286743
179 150.495834 949.249268
179 152.314896 943.108215
179 153.810074 936.880310
179 154.977264 930.582764
179 155.813263 924.232727
179 156.315781 917.847656
179 156.483444 911.445007
179 156.315796 905.042358
179 155.813278 898.657288
179 154.977295 892.307251
179 153.810104 886.009705
179 152.314941 879.781860
179 150.495865 873.640747
179 148.357895 867.603271
179 145.906891 861.686035
179 143.149551 855.905090
179 140.093430 850.276428
179 136.746933 844.815430
179 133.119202 839.537048
179 129.220200 834.455750
179 125.060608 829.585449
179 120.651825 824.939575
179 116.005920 820.530762
179 111.135666 816.371155
179 106.054382 812.472168
179 100.776001 808.844421
179 95.315002 805.497864
179 89.686340 802.441772
179 83.905441 799.684387
179 77.988159 797.233337
179 71.950714 795.095337
179 65.809639 793.276306
179 59.581783 791.781128
179 53.284210 790.613892
179 46.934181 789.777893
179 40.549103 789.275391
179 34.146473 789.107666
179 27.743841 789.275330
179 21.358759 789.777832
179 15.008726 790.613831
179 8.711147 791.781006
179 2.483284 793.276123
179 -3.657791 795.095215
179 -9.695251 797.233154
179 -15.612545 799.684143
179 -21.393456 802.441528
179 -27.022133 805.497620
179 -32.483150 808.844116
179 -37.761547 812.471802
179 -42.842846 816.370789
179 -47.713131 820.530396
179 -52.359043 824.939148
179 -56.767841 829.585083
179 -60.927464 834.455322
179 -64.826508 839.536621
179 -68.454269 844.815002
179 -71.800812 850.276001
179 -74.856964 855.904724
179 -77.614334 861.685608
179 -80.065384 867.602966
179 -82.203384 873.640442
179 -84.022461 879.781494
179 -85.517670 886.009399
179 -86.684860 892.307007
179 -87.520874 898.657043
179 -88.023392 905.042175
179 -88.191071 911.444824
179 -88.023407 917.847473
179 -87.520905 924.232605
179 -86.684906 930.582642
179 -85.517700 936.880249
179 -84.022522 943.108154
179 -82.203445 949.249268
179 -80.065460 955.286743
179 -77.614426 961.204041
179 -74.857071 966.984985
179 -71.800934 972.613647
179 -68.454391 978.074707
179 -64.826645 983.353088
179 -60.927608 988.434387
179 -56.767979 993.304688
179 -52.359158 997.950623
179 -47.713238 1002.359375
179 -42.842937 1006.519043
179 -37.761616 1010.418030
179 -32.483204 1014.045776
179 -27.022156 1017.392273
179 -21.393452 1020.448425
179 -15.612514 1023.205750
179 -9.695198 1025.656738
179 -3.657707 1027.794678
179 2.483398 1029.613770
179 8.711292 1031.108887
179 15.008902 1032.276123
179 21.358965 1033.112061
179 27.744078 1033.614624
209 27.416973 1035.088013
209 33.994774 1034.915771
209 40.554543 1034.399536
209 47.078308 1033.540649
209 53.548180 1032.341553
209 59.946423 1030.805420
209 66.255508 1028.936646
209 72.458145 1026.740112
209 78.537323 1024.222046
209 84.476379 1021.389282
209 90.259048 1018.249512
209 95.869461 1014.811462
209 101.292252 1011.084473
209 106.512573 1007.078796
209 111.516083 1002.805420
209 116.289078 998.276001
209 120.818497 993.502991
209 125.091904 988.499451
209 129.097580 983.279175
209 132.824570 977.856323
209 136.262634 972.245911
209 139.402359 966.463257
209 142.235153 960.524231
209 144.753220 954.445068
209 146.949692 948.242432
209 148.818527 941.933350
209 150.354599 935.535095
209 151.553726 929.065247
209 152.412598 922.541504
209 152.928864 915.981750
209 153.101120 909.403931
209 152.928879 902.826172
209 152.412613 896.266357
209 151.553757 889.742615
209 150.354630 883.272766
209 148.818558 876.874512
209 146.949722 870.565430
209 144.753265 864.362793
209 142.235199 858.283630
209 139.402420 852.344604
209 136.262711 846.561890
209 132.824646 840.951538
209 129.097672 835.528687
209 125.091995 830.308411
209 120.818619 825.304871
209 116.289215 820.531860
209 111.516220 816.002441
209 106.512711 811.729065
209 101.292419 807.723389
209 95.869644 803.996399
209 90.259232 800.558350
209 84.476578 797.418579
209 78.537529 794.585815
209 72.458359 792.067688
209 66.255737 789.871216
209 59.946667 788.002380
209 53.548431 786.466309
209 47.078568 785.267151
209 40.554817 784.408264
209 33.995052 783.891968
209 27.417261 783.719727
209 20.839470 783.891968
209 14.279704 784.408203
209 7.755949 785.267090
209 1.286081 786.466187
209 -5.112164 788.002197
209 -11.421246 789.871033
209 -17.623878 792.067505
209 -23.703056 794.585571
209 -29.642117 797.418335
209 -35.424786 800.558044
209 -41.035206 803.996094
209 -46.458004 807.723022
209 -51.678318 811.728699
209 -56.681843 816.002075
209 -61.454861 820.531494
209 -65.984283 825.304443
209 -70.257690 830.307983
209 -74.263397 835.528259
209 -77.990417 840.951050
209 -81.428513 846.561523
209 -84.568268 852.344177
209 -87.401077 858.283264
209 -89.919189 864.362427
209 -92.115677 870.565063
209 -93.984528 876.874207
209 -95.520630 883.272461
209 -96.719757 889.742371
209 -97.578644 896.266113
209 -98.094910 902.825928
209 -98.267166 909.403748
209 -98.094925 915.981567
209 -97.578674 922.541382
209 -96.719803 929.065125
209 -95.520676 935.535034
209 -93.984589 941.933289
209 -92.115753 948.242432
209 -89.919266 954.445068
209 -87.401184 960.524292
209 -84.568375 966.463379
209 -81.428635 972.246033
209 -77.990555 977.856445
209 -74.263550 983.279297
209 -70.257843 988.499573
209 -65.984406 993.503113
209 -61.454975 998.276123
209 -56.681957 1002.805542
209 -51.678410 1007.078979
209 -46.458080 1011.084656
209 -41.035259 1014.811646
209 -35.424809 1018.249695
209 -29.642113 1021.389404
209 -23.703026 1024.222168
209 -17.623821 1026.740234
209 -11.421158 1028.936768
209 -5.112045 1030.805542
209 1.286230 1032.341553
209 7.756128 1033.540771
209 14.279916 1034.399536
209 20.839710 1034.915771
239 30.334959 1066.427002
239 37.516575 1066.238892
239 44.678505 1065.675293
239 51.801125 1064.737549
239 58.864899 1063.428345
239 65.850479 1061.751343
239 72.738716 1059.710938
239 79.510727 1057.312744
239 86.147942 1054.563599
239 92.632187 1051.470703
239 98.945679 1048.042847
239 105.071114 1044.289185
239 110.991699 1040.220093
239 116.691208 1035.846680
239 122.154022 1031.180908
239 127.365166 1026.235718
239 132.310364 1021.024597
239 136.976044 1015.561829
239 141.349426 1009.862305
239 145.418549 1003.941711
239 149.172211 997.816284
239 152.600159 991.502808
239 155.692978 985.018555
239 158.442200 978.381348
239 160.840302 971.609375
239 162.880676 964.721130
239 164.557770 957.735535
239 165.866974 950.671753
239 166.804672 943.549194
239 167.368332 936.387268
239 167.556396 929.205627
239 167.368347 922.024048
239 166.804688 914.862122
239 165.866989 907.739502
239 164.557800 900.675720
239 162.880722 893.690186
239 160.840332 886.801941
239 158.442245 880.029907
239 155.693024 873.392700
239 152.600220 866.908447
239 149.172287 860.594971
239 145.418625 854.469543
239 141.349533 848.548950
239 136.976151 842.849487
239 132.310486 837.386658
239 127.365303 832.175476
239 122.154175 827.230286
239 116.691368 822.564636
239 110.991875 818.191223
239 105.071304 814.122131
239 98.945885 810.368408
239 92.632401 806.940491
239 86.148170 803.847656
239 79.510963 801.098389
239 72.738968 798.700317
239 65.850746 796.659912
239 58.865177 794.982788
239 51.801407 793.673584
239 44.678802 792.735840
239 37.516880 792.172241
239 30.335274 791.984131
239 23.153667 792.172180
239 15.991742 792.735840
239 8.869133 793.673523
239 1.805359 794.982666
239 -5.180220 796.659729
239 -12.068449 798.700134
239 -18.840456 801.098206
239 -25.477678 803.847412
239 -31.961924 806.940186
239 -38.275414 810.368103
239 -44.400848 814.121765
239 -50.321442 818.190857
239 -56.020958 822.564209
239 -61.483788 827.229858
239 -66.694939 832.175049
239 -71.640144 837.386169
239 -76.305840 842.848999
239 -80.679260 848.548462
239 -84.748405 854.469055
239 -88.502098 860.594543
239 -91.930069 866.908020
239 -95.022926 873.392273
239 -97.772171 880.029541
239 -100.170288 886.801575
239 -102.210693 893.689819
239 -103.887817 900.675415
239 -105.197021 907.739197
239 -106.134735 914.861816
239 -106.698410 922.023804
239 -106.886475 929.205444
239 -106.698425 936.387085
239 -106.134766 943.549011
239 -105.197067 950.671692
239 -103.887863 957.735474
239 -102.210770 964.721069
239 -100.170380 971.609314
239 -97.772278 978.381348
239 -95.023033 985.018616
239 -91.930191 991.502869
239 -88.502228 997.816406
239 -84.748543 1003.941833
239 -80.679413 1009.862427
239 -76.306007 1015.561951
239 -71.640289 1021.024780
239 -66.695076 1026.235962
239 -61.483910 1031.181152
239 -56.021057 1035.846802
239 -50.321518 1040.220215
239 -44.400902 1044.289307
239 -38.275444 1048.042969
239 -31.961920 1051.470947
239 -25.477648 1054.563721
239 -18.840395 1057.312988
239 -12.068357 1059.711060
239 -5.180090 1061.751465
239 1.805521 1063.428467
239 8.869329 1064.737671
239 15.991973 1065.675293
239 23.153931 1066.239014
269 30.381363 1046.424072
269 37.205338 1046.245361
269 44.010609 1045.709839
269 50.778522 1044.818848
269 57.490528 1043.574829
269 64.128227 1041.981201
269 70.673431 1040.042480
269 77.108200 1037.763794
269 83.414886 1035.151489
269 89.576225 1032.212646
269 95.575302 1028.955444
269 101.395691 1025.388672
269 107.021431 1021.522217
269 112.437111 1017.366577
269 117.627884 1012.933289
269 122.579514 1008.234375
269 127.278442 1003.282715
269 131.711777 998.091919
269 135.867371 992.676270
269 139.733841 987.050537
269 143.300583 981.230103
269 146.557816 975.231079
269 149.496613 969.069702
269 152.108932 962.763062
269 154.387604 956.328308
269 156.326370 949.783081
269 157.919952 943.145386
269 159.163940 936.433411
269 160.054962 929.665466
269 160.590546 922.860229
269 160.769241 916.036255
269 160.590561 909.212280
269 160.054977 902.407043
269 159.163971 895.639160
269 157.919983 888.927124
269 156.326416 882.289429
269 154.387634 875.744263
269 152.108978 869.309448
269 149.496674 863.002808
269 146.557877 856.841431
269 143.300659 850.842407
269 139.733917 845.021973
269 135.867462 839.396240
269 131.711884 833.980591
269 127.278564 828.789795
269 122.579643 823.838196
269 117.628029 819.139221
269 112.437271 814.705933
269 107.021606 810.550293
269 101.395874 806.683838
269 95.575493 803.117065
269 89.576431 799.859863
269 83.415108 796.921021
269 77.108429 794.308716
269 70.673676 792.030029
269 64.128479 790.091248
269 57.490791 788.497681
269 50.778793 787.253662
269 44.010891 786.362610
269 37.205627 785.827026
269 30.381662 785.648315
269 23.557695 785.827026
269 16.752430 786.362549
269 9.984524 787.253540
269 3.272522 788.497559
269 -3.365177 790.091064
269 -9.910378 792.029846
269 -16.345142 794.308472
269 -22.651836 796.920776
269 -28.813168 799.859558
269 -34.812248 803.116821
269 -40.632645 806.683533
269 -46.258392 810.549927
269 -51.674072 814.705505
269 -56.864853 819.138855
269 -61.816498 823.837769
269 -66.515434 828.789368
269 -70.948784 833.980103
269 -75.104408 839.395813
269 -78.970909 845.021545
269 -82.537674 850.841919
269 -85.794930 856.841064
269 -88.733765 863.002380
269 -91.346100 869.309082
269 -93.624794 875.743896
269 -95.563591 882.289063
269 -97.157181 888.926819
269 -98.401199 895.638855
269 -99.292221 902.406799
269 -99.827820 909.212097
269 -100.006516 916.036072
269 -99.827835 922.860046
269 -99.292252 929.665344
269 -98.401230 936.433289
269 -97.157234 943.145325
269 -95.563652 949.783081
269 -93.624870 956.328308
269 -91.346199 962.763062
269 -88.733864 969.069763
269 -85.795052 975.231140
269 -82.537796 981.230225
269 -78.971039 987.050659
269 -75.104553 992.676392
269 -70.948936 998.092102
269 -66.515572 1003.282837
269 -61.816628 1008.234497
269 -56.864975 1012.933472
269 -51.674171 1017.366760
269 -46.258469 1021.522400
269 -40.632698 1025.388794
269 -34.812279 1028.955566
269 -28.813164 1032.212769
269 -22.651802 1035.151611
269 -16.345085 1037.763916
269 -9.910290 1040.042603
269 -3.365055 1041.981323
269 3.272675 1043.574951
269 9.984711 1044.818848
269 16.752651 1045.709839
269 23.557947 1046.245361
299 33.320263 931.849792
299 37.241604 931.747070
299 41.152195 931.439331
299 45.041321 930.927307
299 48.898319 930.212463
299 52.712616 929.296692
299 56.473766 928.182617
299 60.171448 926.873169
299 63.795540 925.372070
299 67.336098 923.683289
299 70.783417 921.811523
299 74.128052 919.761963
299 77.360840 917.540100
299 80.472916 915.152161
299 83.455750 912.604553
299 86.301163 909.904358
299 89.001366 907.058960
299 91.548943 904.076111
299 93.936920 900.964050
299 96.158752 897.731262
299 98.208359 894.386597
299 100.080093 890.939270
299 101.768845 887.398743
299 103.269989 883.774658
299 104.579407 880.076965
299 105.693512 876.315857
299 106.609238 872.501526
299 107.324097 868.644531
299 107.836121 864.755432
299 108.143890 860.844849
299 108.246567 856.923523
299 108.143890 853.002197
299 107.836121 849.091553
299 107.324112 845.202454
299 106.609268 841.345459
299 105.693542 837.531189
299 104.579437 833.770020
299 103.270020 830.072327
299 101.768875 826.448242
299 100.080124 822.907715
299 98.208389 819.460388
299 96.158798 816.115723
299 93.936974 812.882935
299 91.548996 809.770874
299 89.001434 806.788025
299 86.301239 803.942627
299 83.455826 801.242432
299 80.473007 798.694885
299 77.360939 796.306885
299 74.128159 794.085022
299 70.783524 792.035461
299 67.336212 790.163696
299 63.795662 788.474915
299 60.171581 786.973755
299 56.473904 785.664368
299 52.712761 784.550232
299 48.898468 783.634521
299 45.041477 782.919678
299 41.152359 782.407593
299 37.241772 782.099854
299 33.320435 781.997131
299 29.399099 782.099854
299 25.488510 782.407593
299 21.599388 782.919617
299 17.742393 783.634460
299 13.928095 784.550171
299 10.166950 785.664246
299 6.469265 786.973633
299 2.845179 788.474792
299 -0.695381 790.163513
299 -4.142704 792.035278
299 -7.487343 794.084839
299 -10.720131 796.306702
299 -13.832211 798.694641
299 -16.815048 801.242188
299 -19.660473 803.942383
299 -22.360672 806.787781
299 -24.908260 809.770630
299 -27.296257 812.882690
299 -29.518108 816.115479
299 -31.567722 819.460144
299 -33.439480 822.907471
299 -35.128254 826.447998
299 -36.629414 830.072144
299 -37.938847 833.769836
299 -39.052959 837.530945
299 -39.968700 841.345276
299 -40.683559 845.202271
299 -41.195576 849.091431
299 -41.503353 853.002014
299 -41.606045 856.923401
299 -41.503361 860.844727
299 -41.195599 864.755371
299 -40.683582 868.644470
299 -39.968723 872.501526
299 -39.052990 876.315796
299 -37.938885 880.076965
299 -36.629467 883.774658
299 -35.128307 887.398743
299 -33.439541 890.939331
299 -31.567791 894.386658
299 -29.518185 897.731323
299 -27.296341 900.964111
299 -24.908348 904.076172
299 -22.360752 907.059021
299 -19.660542 909.904480
299 -16.815117 912.604675
299 -13.832264 915.152222
299 -10.720177 917.540222
299 -7.487373 919.762024
299 -4.142719 921.811646
299 -0.695377 923.683411
299 2.845196 925.372131
299 6.469299 926.873291
299 10.167002 928.182678
299 13.928164 929.296814
299 17.742481 930.212524
299 21.599497 930.927368
299 25.488636 931.439331
299 29.399244 931.747070
329 43.997910 957.135254
329 48.942497 957.005798
329 53.873535 956.617676
329 58.777504 955.972046
329 63.640961 955.070679
329 68.450577 953.916016
329 73.193169 952.511169
329 77.855743 950.860107
329 82.425507 948.967224
329 86.889954 946.837769
329 91.236832 944.477600
329 95.454231 941.893188
329 99.530594 939.091614
329 103.454742 936.080505
329 107.215927 932.868103
329 110.803833 929.463318
329 114.208633 925.875427
329 117.420990 922.114258
329 120.432091 918.190063
329 123.233704 914.113708
329 125.818130 909.896301
329 128.178284 905.549438
329 130.307709 901.085022
329 132.200577 896.515259
329 133.851685 891.852661
329 135.256500 887.110107
329 136.411179 882.300476
329 137.312561 877.437012
329 137.958191 872.533081
329 138.346283 867.602051
329 138.475754 862.657471
329 138.346283 857.712891
329 137.958191 852.781860
329 137.312592 847.877869
329 136.411194 843.014404
329 135.256531 838.204834
329 133.851715 833.462219
329 132.200607 828.799683
329 130.307755 824.229919
329 128.178329 819.765442
329 125.818176 815.418579
329 123.233757 811.201172
329 120.432159 807.124817
329 117.421059 803.200684
329 114.208717 799.439514
329 110.803932 795.851563
329 107.216034 792.446777
329 103.454857 789.234436
329 99.530716 786.223328
329 95.454361 783.421692
329 91.236969 780.837280
329 86.890106 778.477112
329 82.425667 776.347656
329 77.855911 774.454834
329 73.193344 772.803711
329 68.450760 771.398865
329 63.641151 770.244202
329 58.777699 769.342773
329 53.873737 768.697144
329 48.942711 768.309082
329 43.998127 768.179565
329 39.053543 768.309021
329 34.122513 768.697083
329 29.218550 769.342712
329 24.355095 770.244080
329 19.545481 771.398743
329 14.802889 772.803589
329 10.140316 774.454651
329 5.570549 776.347534
329 1.106102 778.476929
329 -3.240776 780.837036
329 -7.458176 783.421448
329 -11.534542 786.223083
329 -15.458698 789.234131
329 -19.219891 792.446472
329 -22.807808 795.851257
329 -26.212608 799.439148
329 -29.424973 803.200317
329 -32.436096 807.124512
329 -35.237732 811.200867
329 -37.822174 815.418274
329 -40.182350 819.765137
329 -42.311806 824.229614
329 -44.204681 828.799377
329 -45.855797 833.461975
329 -47.260635 838.204590
329 -48.415337 843.014221
329 -49.316734 847.877686
329 -49.962357 852.781677
329 -50.350449 857.712708
329 -50.479935 862.657349
329 -50.350456 867.601929
329 -49.962379 872.532959
329 -49.316765 877.436951
329 -48.415367 882.300415
329 -47.260681 887.110046
329 -45.855858 891.852661
329 -44.204750 896.515259
329 -42.311874 901.085083
329 -40.182442 905.549500
329 -37.822266 909.896423
329 -35.237823 914.113831
329 -32.436203 918.190186
329 -29.425079 922.114319
329 -26.212708 925.875549
329 -22.807892 929.463440
329 -19.219975 932.868286
329 -15.458767 936.080627
329 -11.534599 939.091736
329 -7.458218 941.893311
329 -3.240795 944.477783
329 1.106106 946.837891
329 5.570572 948.967346
329 10.140358 950.860168
329 14.802954 952.511292
329 19.545568 953.916077
329 24.355207 955.070740
329 29.218685 955.972107
329 34.122673 956.617737
329 39.053726 957.005798
359 24.470154 953.273254
359 29.319855 953.146240
359 34.156261 952.765625
359 38.966118 952.132385
359 43.736244 951.248291
359 48.453564 950.115784
359 53.105148 948.737915
359 57.678242 947.118469
359 62.160316 945.261963
359 66.539085 943.173401
359 70.802544 940.858521
359 74.939011 938.323669
359 78.937149 935.575867
359 82.785988 932.622498
359 86.474991 929.471802
359 89.994049 926.132324
359 93.333511 922.613281
359 96.484215 918.924316
359 99.437538 915.075439
359 102.185379 911.077332
359 104.720215 906.940857
359 107.035080 902.677368
359 109.123642 898.298645
359 110.980179 893.816528
359 112.599594 889.243469
359 113.977448 884.591919
359 115.109978 879.874573
359 115.994072 875.104431
359 116.627304 870.294617
359 117.007935 865.458191
359 117.134933 860.608521
359 117.007942 855.758789
359 116.627312 850.922424
359 115.994087 846.112549
359 115.110001 841.342468
359 113.977478 836.625122
359 112.599617 831.973572
359 110.980209 827.400452
359 109.123680 822.918396
359 107.035118 818.539612
359 104.720261 814.276184
359 102.185440 810.139709
359 99.437599 806.141541
359 96.484283 802.292725
359 93.333595 798.603699
359 89.994141 795.084656
359 86.475098 791.745178
359 82.786102 788.594482
359 78.937271 785.641174
359 74.939140 782.893311
359 70.802681 780.358459
359 66.539230 778.043579
359 62.160469 775.955017
359 57.678402 774.098511
359 53.105316 772.479065
359 48.453743 771.101196
359 43.736435 769.968689
359 38.966312 769.084595
359 34.156464 768.451294
359 29.320061 768.070679
359 24.470367 767.943665
359 19.620672 768.070679
359 14.784269 768.451294
359 9.974416 769.084473
359 5.204292 769.968567
359 0.486977 771.101074
359 -4.164604 772.478943
359 -8.737698 774.098328
359 -13.219772 775.954895
359 -17.598541 778.043396
359 -21.862003 780.358276
359 -25.998470 782.893066
359 -29.996609 785.640930
359 -33.845459 788.594238
359 -37.534473 791.744934
359 -41.053535 795.084351
359 -44.392998 798.603394
359 -47.543716 802.292358
359 -50.497055 806.141235
359 -53.244926 810.139404
359 -55.779770 814.275879
359 -58.094658 818.539307
359 -60.183243 822.918091
359 -62.039795 827.400208
359 -63.659233 831.973267
359 -65.037102 836.624878
359 -66.169647 841.342224
359 -67.053749 846.112366
359 -67.686981 850.922241
359 -68.067627 855.758667
359 -68.194626 860.608398
359 -68.067635 865.458069
359 -67.687004 870.294495
359 -67.053780 875.104370
359 -66.169678 879.874512
359 -65.037148 884.591858
359 -63.659286 889.243469
359 -62.039864 893.816589
359 -60.183319 898.298645
359 -58.094742 902.677429
359 -55.779861 906.940918
359 -53.245018 911.077393
359 -50.497162 915.075562
359 -47.543823 918.924377
359 -44.393097 922.613403
359 -41.053619 926.132446
359 -37.534554 929.471924
359 -33.845528 932.622620
359 -29.996666 935.575989
359 -25.998512 938.323792
359 -21.862022 940.858643
359 -17.598541 943.173523
359 -13.219749 945.262085
359 -8.737656 947.118591
359 -4.164541 948.737976
359 0.487062 950.115845
359 5.204401 951.248352
359 9.974548 952.132446
359 14.784425 952.765625
359 19.620850 953.146240
389 33.716652 902.425842
389 36.597538 902.350403
389 39.470524 902.124329
389 42.327744 901.748169
389 45.161358 901.222961
389 47.963600 900.550232
389 50.726799 899.731750
389 53.443367 898.769714
389 56.105873 897.666870
389 58.707008 896.426208
389 61.239647 895.051086
389 63.696846 893.545349
389 66.071869 891.913025
389 68.358215 890.158630
389 70.549606 888.287048
389 72.640045 886.303284
389 74.623795 884.212830
389 76.495422 882.021423
389 78.249786 879.735107
389 79.882103 877.360046
389 81.387878 874.902893
389 82.762985 872.370239
389 84.003662 869.769104
389 85.106506 867.106628
389 86.068497 864.390015
389 86.886986 861.626831
389 87.559746 858.824585
389 88.084930 855.990967
389 88.461090 853.133789
389 88.687195 850.260803
389 88.762634 847.379883
389 88.687202 844.499023
389 88.461090 841.626038
389 88.084938 838.768860
389 87.559761 835.935242
389 86.887009 833.132996
389 86.068512 830.369812
389 85.106522 827.653198
389 84.003685 824.990723
389 82.763016 822.389587
389 81.387909 819.856934
389 79.882141 817.399719
389 78.249832 815.024719
389 76.495461 812.738403
389 74.623840 810.546997
389 72.640099 808.456543
389 70.549667 806.472778
389 68.358276 804.601196
389 66.071945 802.846802
389 63.696922 801.214478
389 61.239727 799.708679
389 58.707092 798.333618
389 56.105965 797.092896
389 53.443466 795.990051
389 50.726898 795.028076
389 47.963707 794.209595
389 45.161469 793.536804
389 42.327858 793.011597
389 39.470642 792.635437
389 36.597660 792.409363
389 33.716778 792.333923
389 30.835897 792.409302
389 27.962912 792.635437
389 25.105698 793.011597
389 22.272083 793.536743
389 19.469841 794.209534
389 16.706646 795.028015
389 13.990074 795.989990
389 11.327572 797.092834
389 8.726435 798.333496
389 6.193796 799.708557
389 3.736595 801.214355
389 1.361568 802.846680
389 -0.924778 804.601013
389 -3.116177 806.472656
389 -5.206615 808.456360
389 -7.190369 810.546814
389 -9.062000 812.738159
389 -10.816383 815.024536
389 -12.448711 817.399536
389 -13.954494 819.856750
389 -15.329617 822.389404
389 -16.570305 824.990540
389 -17.673161 827.653076
389 -18.635159 830.369629
389 -19.453659 833.132813
389 -20.126431 835.935059
389 -20.651615 838.768738
389 -21.027779 841.625916
389 -21.253891 844.498962
389 -21.329334 847.379822
389 -21.253899 850.260742
389 -21.027790 853.133728
389 -20.651630 855.990967
389 -20.126450 858.824585
389 -19.453686 861.626831
389 -18.635189 864.390015
389 -17.673199 867.106628
389 -16.570347 869.769104
389 -15.329666 872.370300
389 -13.954548 874.902893
389 -12.448765 877.360107
389 -10.816448 879.735168
389 -9.062065 882.021484
389 -7.190430 884.212891
389 -5.206669 886.303345
389 -3.116226 888.287109
389 -0.924816 890.158691
389 1.361534 891.913086
389 3.736572 893.545410
389 6.193785 895.051147
389 8.726437 896.426270
389 11.327585 897.666992
389 13.990099 898.769775
389 16.706684 899.731812
389 19.469891 900.550293
389 22.272148 901.223022
389 25.105776 901.748169
389 27.963005 902.124329
389 30.836002 902.350464
419 35.391552 924.619690
419 38.561909 924.536682
419 41.723576 924.287842
419 44.867886 923.873901
419 47.986221 923.295898
419 51.070038 922.555542
419 54.110878 921.654846
419 57.100414 920.596191
419 60.030445 919.382507
419 62.892944 918.017212
419 65.680061 916.503906
419 68.384163 914.846802
419 70.997833 913.050476
419 73.513901 911.119873
419 75.925491 909.060181
419 78.225967 906.877075
419 80.409058 904.576599
419 82.468735 902.165039
419 84.399391 899.648926
419 86.195717 897.035278
419 87.852791 894.331177
419 89.366074 891.544067
419 90.731415 888.681580
419 91.945068 885.751526
419 93.003723 882.762024
419 93.904449 879.721191
419 94.644814 876.637329
419 95.222763 873.519043
419 95.636719 870.374695
419 95.885551 867.213074
419 95.968567 864.042725
419 95.885559 860.872314
419 95.636734 857.710693
419 95.222778 854.566345
419 94.644821 851.448059
419 93.904472 848.364197
419 93.003738 845.323364
419 91.945091 842.333862
419 90.731438 839.403809
419 89.366104 836.541321
419 87.852829 833.754211
419 86.195755 831.050110
419 84.399429 828.436462
419 82.468781 825.920349
419 80.409103 823.508789
419 78.226028 821.208313
419 75.925552 819.025208
419 73.513977 816.965515
419 70.997910 815.034912
419 68.384247 813.238525
419 65.680153 811.581482
419 62.893036 810.068176
419 60.030548 808.702820
419 57.100521 807.489197
419 54.110992 806.430542
419 51.070156 805.529785
419 47.986343 804.789429
419 44.868011 804.211487
419 41.723705 803.797485
419 38.562042 803.548645
419 35.391689 803.465637
419 32.221336 803.548645
419 29.059675 803.797485
419 25.915367 804.211426
419 22.797031 804.789368
419 19.713219 805.529724
419 16.672377 806.430420
419 13.682844 807.489075
419 10.752811 808.702759
419 7.890314 810.068054
419 5.103195 811.581360
419 2.399094 813.238403
419 -0.214577 815.034729
419 -2.730656 816.965332
419 -5.142246 819.025024
419 -7.442734 821.208130
419 -9.625816 823.508606
419 -11.685509 825.920166
419 -13.616173 828.436218
419 -15.412518 831.049927
419 -17.069603 833.754028
419 -18.582893 836.541138
419 -19.948250 839.403625
419 -21.161919 842.333679
419 -22.220577 845.323242
419 -23.121326 848.364075
419 -23.861694 851.447876
419 -24.439651 854.566223
419 -24.853611 857.710571
419 -25.102444 860.872253
419 -25.185467 864.042603
419 -25.102451 867.212952
419 -24.853626 870.374634
419 -24.439667 873.518982
419 -23.861713 876.637329
419 -23.121353 879.721130
419 -22.220615 882.762024
419 -21.161961 885.751526
419 -19.948296 888.681580
419 -18.582951 891.544067
419 -17.069660 894.331238
419 -15.412579 897.035339
419 -13.616241 899.648987
419 -11.685581 902.165100
419 -9.625881 904.576660
419 -7.442791 906.877136
419 -5.142300 909.060242
419 -2.730701 911.119934
419 -0.214615 913.050598
419 2.399067 914.846924
419 5.103182 916.503967
419 7.890314 918.017273
419 10.752827 919.382568
419 13.682871 920.596252
419 16.672419 921.654907
419 19.713274 922.555603
419 22.797104 923.295959
419 25.915453 923.873901
419 29.059776 924.287842
419 32.221455 924.536682
449 21.741951 944.091919
449 24.759867 944.012878
449 27.769512 943.776001
449 30.762634 943.381958
449 33.731033 942.831787
449 36.666569 942.127075
449 39.561199 941.269653
449 42.406990 940.261841
449 45.196136 939.106567
449 47.920998 937.806885
449 50.574100 936.366333
449 53.148178 934.788940
449 55.636173 933.078979
449 58.031269 931.241211
449 60.326900 929.280518
449 62.516766 927.202454
449 64.594879 925.012573
449 66.555527 922.716919
449 68.393349 920.321838
449 70.103302 917.833862
449 71.680702 915.259766
449 73.121216 912.606628
449 74.420906 909.881775
449 75.576210 907.092651
449 76.583954 904.246887
449 77.441383 901.352234
449 78.146141 898.416687
449 78.696304 895.448303
449 79.090355 892.455200
449 79.327225 889.445557
449 79.406250 886.427673
449 79.327225 883.409729
449 79.090363 880.400085
449 78.696320 877.406982
449 78.146156 874.438599
449 77.441399 871.503052
449 76.583969 868.608398
449 75.576233 865.762634
449 74.420929 862.973511
449 73.121246 860.248596
449 71.680733 857.595520
449 70.103340 855.021423
449 68.393387 852.533447
449 66.555573 850.138367
449 64.594925 847.842712
449 62.516827 845.652832
449 60.326962 843.574768
449 58.031338 841.614075
449 55.636250 839.776245
449 53.148258 838.066284
449 50.574188 836.488892
449 47.921085 835.048401
449 45.196228 833.748718
449 42.407089 832.593384
449 39.561306 831.585632
449 36.666679 830.728210
449 33.731148 830.023438
449 30.762756 829.473267
449 27.769636 829.079224
449 24.759996 828.842346
449 21.742083 828.763306
449 18.724171 828.842346
449 15.714529 829.079163
449 12.721408 829.473267
449 9.753012 830.023376
449 6.817476 830.728149
449 3.922848 831.585571
449 1.077061 832.593323
449 -1.712086 833.748596
449 -4.436949 835.048279
449 -7.090054 836.488770
449 -9.664133 838.066162
449 -12.152134 839.776123
449 -14.547230 841.613953
449 -16.842865 843.574585
449 -19.032738 845.652649
449 -21.110851 847.842529
449 -23.071507 850.138123
449 -24.909340 852.533264
449 -26.619308 855.021240
449 -28.196716 857.595337
449 -29.637249 860.248413
449 -30.936951 862.973328
449 -32.092262 865.762451
449 -33.100021 868.608276
449 -33.957455 871.502869
449 -34.662224 874.438416
449 -35.212391 877.406860
449 -35.606449 880.399963
449 -35.843315 883.409607
449 -35.922348 886.427551
449 -35.843323 889.445496
449 -35.606461 892.455139
449 -35.212410 895.448303
449 -34.662247 898.416687
449 -33.957485 901.352234
449 -33.100056 904.246887
449 -32.092304 907.092651
449 -30.936996 909.881836
449 -29.637299 912.606689
449 -28.196774 915.259827
449 -26.619366 917.833862
449 -24.909405 920.321899
449 -23.071575 922.716980
449 -21.110912 925.012634
449 -19.032791 927.202515
449 -16.842915 929.280640
449 -14.547272 931.241272
449 -12.152168 933.079102
449 -9.664158 934.789063
449 -7.090067 936.366455
449 -4.436947 937.806946
449 -1.712072 939.106628
449 1.077085 940.261963
449 3.922888 941.269653
449 6.817530 942.127075
449 9.753080 942.831848
449 12.721491 943.382019
449 15.714626 943.776062
449 18.724281 944.012878
