122.845787
127.431190
132.004028
136.551758
141.061920
145.522156
149.920227
154.244095
158.481903
162.622040
166.653152
170.564194
174.344437
177.983521
181.471497
184.798767
187.956238
190.935226
193.727600
196.325684
198.722382
200.911102
202.885834
204.641190
206.172363
207.475128
208.545929
209.381836
209.980560
210.340454
210.460526
210.340454
209.980560
209.381866
208.545944
207.475143
206.172379
204.641220
202.885864
200.911133
198.722427
196.325745
193.727661
190.935303
187.956299
184.798859
181.471588
177.983627
174.344543
170.564316
166.653290
162.622192
158.482056
154.244263
149.920395
145.522324
141.062088
136.551941
132.004211
127.431381
122.845985
118.260590
113.687759
109.140038
104.629875
100.169647
95.771561
91.447693
87.209885
83.069748
79.038635
75.127594
71.347351
67.708252
64.220291
60.893005
57.735535
54.756531
51.964134
49.366020
46.969322
44.780586
42.805824
41.050453
39.519272
38.216492
37.145668
36.309753
35.711021
35.351128
35.231049
35.351120
35.711006
36.309723
37.145638
38.216446
39.519218
41.050392
42.805756
44.780510
46.969238
49.365936
51.964035
54.756424
57.735443
60.892921
64.220207
67.708191
71.347298
75.127563
79.038620
83.069748
87.209900
91.447739
95.771622
100.169724
104.629974
109.140160
113.687912
118.260757
130.026062
135.060577
140.081284
145.074432
150.026337
154.923431
159.752274
164.499634
169.152512
173.698151
178.124084
182.418182
186.568665
190.564178
194.393768
198.046936
201.513641
204.784424
207.850281
210.702850
213.334274
215.737350
217.905502
219.832794
221.513916
222.944275
224.119965
225.037750
225.695114
226.090256
226.222092
226.090271
225.695129
225.037781
224.119995
222.944305
221.513947
219.832825
217.905548
215.737396
213.334320
210.702911
207.850357
204.784485
201.513733
198.047028
194.393875
190.564301
186.568787
182.418304
178.124222
173.698303
169.152679
164.499802
159.752441
154.923615
150.026535
145.074646
140.081497
135.060791
130.026276
124.991776
119.971069
114.977921
110.026024
105.128937
100.300095
95.552734
90.899857
86.354218
81.928284
77.634186
73.483688
69.488174
65.658577
62.005409
58.538689
55.267906
52.202019
49.349434
46.717987
44.314888
42.146713
40.219406
38.538261
37.107880
35.932175
35.014389
34.357018
33.961876
33.830032
33.961861
34.356995
35.014359
35.932144
37.107834
38.538208
40.219337
42.146637
44.314796
46.717896
49.349335
52.201904
55.267792
58.538582
62.005318
65.658493
69.488098
73.483627
77.634148
81.928268
86.354218
90.899879
95.552780
100.300163
105.129028
110.026138
114.978058
119.971230
124.991959
107.886559
113.541756
119.181458
124.790199
130.352600
135.853439
141.277618
146.610260
151.836777
156.942825
161.914413
166.737915
171.400116
175.888214
180.189941
184.293488
188.187607
191.861618
195.305466
198.509705
201.465546
204.164902
206.600357
208.765259
210.653641
212.260345
213.580978
214.611908
215.350327
215.794189
215.942261
215.794189
215.350342
214.611938
213.581009
212.260376
210.653671
208.765289
206.600403
204.164948
201.465607
198.509766
195.305542
191.861694
188.187698
184.293594
180.190063
175.888351
171.400253
166.738068
161.914581
156.942993
151.836960
146.610443
141.277802
135.853638
130.352814
124.790421
119.181686
113.542000
107.886810
102.231613
96.591919
90.983185
85.420776
79.919952
74.495781
69.163132
63.936615
58.830563
53.858974
49.035469
44.373272
39.885155
35.583427
31.479874
27.585747
23.911720
20.467850
17.263588
14.307716
11.608345
9.172859
7.007950
5.119537
3.512810
2.192162
1.161217
0.422806
-0.021057
-0.169151
-0.021065
0.422783
1.161186
2.192123
3.512756
5.119476
7.007874
9.172775
11.608246
14.307617
17.263474
20.467728
23.911598
27.585632
31.479767
35.583328
39.885078
44.373207
49.035423
53.858952
58.830566
63.936642
69.163177
74.495850
79.920052
85.420906
90.983337
96.592102
102.231819
110.727234
117.277069
123.808952
130.304977
136.747345
143.118393
149.400665
155.576920
161.630249
167.544067
173.302155
178.888718
184.288452
189.486572
194.468811
199.221527
203.731689
207.986923
211.975586
215.686722
219.110168
222.236542
225.057281
227.564667
229.751801
231.612671
233.142242
234.336258
235.191483
235.705551
235.877075
235.705566
235.191498
234.336273
233.142258
231.612717
229.751831
227.564713
225.057343
222.236603
219.110245
215.686798
211.975677
207.987030
203.731812
199.221649
194.468964
189.486725
184.288620
178.888885
173.302338
167.544266
161.630463
155.577148
149.400894
143.118637
136.747604
130.305237
123.809227
117.277351
110.727524
104.177689
97.645813
91.149796
84.707428
78.336388
72.054123
65.877861
59.824528
53.910713
48.152630
42.566063
37.166313
31.968193
26.985939
22.233215
17.723053
13.467804
9.479118
5.767944
2.344475
-0.781937
-3.602707
-6.110100
-8.297249
-10.158165
-11.687737
-12.881767
-13.737000
-14.251076
-14.422600
-14.251091
-13.737022
-12.881805
-11.687782
-10.158218
-8.297325
-6.110191
-3.602806
-0.782051
2.344353
5.767822
9.478981
13.467659
17.722916
22.233093
26.985825
31.968102
37.166237
42.566010
48.152603
53.910717
59.824558
65.877914
72.054214
78.336502
84.707581
91.149971
97.646027
104.177933
117.037125
124.464378
131.871262
139.237503
146.542892
153.767395
160.891235
167.894867
174.759094
181.465134
187.994568
194.329498
200.452591
206.347046
211.996704
217.386093
222.500427
227.325699
231.848663
236.056946
239.939026
243.484192
246.682800
249.526062
252.006180
254.116348
255.850800
257.204773
258.174561
258.757507
258.951996
258.757507
258.174561
257.204803
255.850830
254.116394
252.006226
249.526123
246.682861
243.484268
239.939087
236.057037
231.848770
227.325806
222.500549
217.386230
211.996857
206.347214
200.452789
194.329697
187.994781
181.465347
174.759338
167.895111
160.891495
153.767670
146.543167
139.237793
131.871582
124.464691
117.037453
109.610207
102.203323
94.837097
87.531715
80.307205
73.183380
66.179741
59.315506
52.609482
46.080048
39.745102
33.622002
27.727539
22.077866
16.688469
11.574127
6.748848
2.225845
-1.982475
-5.864563
-9.409782
-12.608429
-15.451706
-17.931854
-20.042038
-21.776520
-23.130508
-24.100296
-24.683243
-24.877747
-24.683258
-24.100327
-23.130554
-21.776566
-20.042114
-17.931931
-15.451813
-12.608536
-9.409912
-5.864700
-1.982620
2.225685
6.748680
11.573975
16.688339
22.077744
27.727440
33.621918
39.745041
46.080017
52.609482
59.315540
66.179810
73.183472
80.307343
87.531883
94.837296
102.203560
109.610481
114.200737
121.818504
129.415390
136.970581
144.463348
151.873184
159.179749
166.363037
173.403351
180.281403
186.978302
193.475754
199.755905
205.801559
211.596146
217.123764
222.369293
227.318329
231.957321
236.273560
240.255188
243.891327
247.171967
250.088165
252.631897
254.796204
256.575134
257.963837
258.958496
259.556396
259.755890
259.556396
258.958527
257.963867
256.575165
254.796234
252.631958
250.088226
247.172028
243.891388
240.255280
236.273651
231.957428
227.318451
222.369415
217.123917
211.596298
205.801727
199.756104
193.475952
186.978516
180.281616
173.403595
166.363297
159.180023
151.873459
144.463654
136.970886
129.415710
121.818832
114.201073
106.583313
98.986427
91.431252
83.938484
76.528656
69.222092
62.038807
54.998493
48.120453
41.423531
34.926086
28.645927
22.600266
16.805672
11.278030
6.032501
1.083443
-3.555580
-7.871849
-11.853516
-15.489677
-18.770363
-21.686577
-24.230339
-26.394661
-28.173637
-29.562355
-30.557014
-31.154915
-31.354408
-31.154930
-30.557060
-29.562401
-28.173683
-26.394737
-24.230431
-21.686684
-18.770470
-15.489799
-11.853653
-7.872002
-3.555748
1.083267
6.032341
11.277893
16.805542
22.600159
28.645836
34.926025
41.423500
48.120453
54.998528
62.038872
69.222191
76.528793
83.938652
91.431458
98.986679
106.583595
118.840096
127.581039
136.298035
144.967163
153.564697
162.067032
170.450897
178.693298
186.771652
194.663803
202.348129
209.803558
217.009674
223.946716
230.595657
236.938293
242.957230
248.635956
253.958923
258.911560
263.480255
267.652496
271.416870
274.763031
277.681824
280.165222
282.206451
283.799927
284.941223
285.627258
285.856171
285.627289
284.941254
283.799927
282.206482
280.165253
277.681854
274.763092
271.416931
267.652588
263.480347
258.911652
253.959045
248.636078
242.957382
236.938446
230.595840
223.946899
217.009888
209.803802
202.348389
194.664063
186.771927
178.693604
170.451202
162.067352
153.565033
144.967514
136.298386
127.581413
118.840477
110.099541
101.382561
92.713432
84.115921
75.613571
67.229713
58.987312
50.908966
43.016808
35.332481
27.877045
20.670921
13.733879
7.084915
0.742271
-5.276672
-10.955421
-16.278435
-21.231102
-25.799828
-29.972115
-33.736504
-37.082695
-40.001518
-42.484962
-44.526222
-46.119698
-47.261009
-47.947075
-48.175972
-47.947090
-47.261055
-46.119743
-44.526268
-42.485039
-40.001625
-37.082817
-33.736641
-29.972267
-25.799995
-21.231270
-16.278618
-10.955620
-5.276848
0.742111
7.084770
13.733757
20.670822
27.876968
35.332443
43.016815
50.909004
58.987389
67.229828
75.613724
84.116112
92.713676
101.382843
110.099869
112.127602
119.680695
127.213089
134.704132
142.133301
149.480209
156.724747
163.847046
170.827591
177.647247
184.287292
190.729584
196.956421
202.950745
208.696136
214.176819
219.377823
224.284851
228.884445
233.164032
237.111877
240.717133
243.969940
246.861359
249.383514
251.529419
253.293274
254.670197
255.656403
256.249207
256.446991
256.249207
255.656403
254.670197
253.293304
251.529480
249.383545
246.861420
243.970001
240.717194
237.111938
233.164124
228.884552
224.284943
219.377960
214.176971
208.696289
202.950912
196.956604
190.729782
184.287506
177.647461
170.827835
163.847305
156.725021
149.480484
142.133575
134.704437
127.213402
119.681015
112.127930
104.574844
97.042465
89.551430
82.122269
74.775360
67.530823
60.408520
53.427979
46.608330
39.968262
33.525986
27.299141
21.304810
15.559410
10.078697
4.877701
-0.029335
-4.628975
-8.908600
-12.856461
-16.461754
-19.714592
-22.606041
-25.128212
-27.274162
-29.038017
-30.414955
-31.401176
-31.993996
-32.191795
-31.994011
-31.401207
-30.415001
-29.038078
-27.274223
-25.128304
-22.606148
-19.714699
-16.461876
-12.856598
-8.908752
-4.629143
-0.029510
4.877548
10.078560
15.559280
21.304703
27.299057
33.525925
39.968231
46.608330
53.428013
60.408585
67.530914
74.775490
82.122437
89.551636
97.042709
104.575127
104.843155
111.537292
118.213081
124.852226
131.436523
137.947937
144.368607
150.680939
156.867630
162.911728
168.796661
174.506317
180.025024
185.337646
190.429657
195.287079
199.896606
204.245590
208.322113
212.115021
215.613892
218.809143
221.692047
224.254639
226.489960
228.391846
229.955093
231.175430
232.049500
232.574890
232.750183
232.574890
232.049500
231.175446
229.955124
228.391876
226.489990
224.254700
221.692093
218.809204
215.613968
212.115097
208.322205
204.245697
199.896729
195.287201
190.429810
185.337799
180.025177
174.506500
168.796860
162.911926
156.867844
150.681152
144.368835
137.948181
131.436783
124.852493
118.213356
111.537575
104.843452
98.149323
91.473534
84.834396
78.250107
71.738701
65.318031
59.005699
52.819004
46.774902
40.889961
35.180313
29.661606
24.348961
19.256943
14.399513
9.789986
5.440987
1.364433
-2.428505
-5.927406
-9.122688
-12.005608
-14.568237
-16.803574
-18.705482
-20.268753
-21.489098
-22.363167
-22.888573
-23.063873
-22.888588
-22.363197
-21.489136
-20.268799
-18.705544
-16.803650
-14.568329
-12.005707
-9.122803
-5.927528
-2.428635
1.364288
5.440834
9.789848
14.399391
19.256828
24.348869
29.661530
35.180260
40.889935
46.774906
52.819035
59.005756
65.318115
71.738815
78.250259
84.834579
91.473755
98.149567
111.680794
118.557701
125.415764
132.236176
139.000259
145.689453
152.285431
158.770111
165.125717
171.334839
177.380463
183.246002
188.915375
194.373077
199.604126
204.594147
209.329529
213.797272
217.985092
221.881561
225.475967
228.758453
231.720062
234.352631
236.648987
238.602798
240.208740
241.462372
242.360321
242.900055
243.080139
242.900055
242.360321
241.462402
240.208771
238.602844
236.649017
234.352692
231.720123
228.758514
225.476044
221.881638
217.985184
213.797363
209.329651
204.594299
199.604248
194.373230
188.915558
183.246185
177.380661
171.335052
165.125946
158.770340
152.285675
145.689697
139.000519
132.236450
125.416046
118.557999
111.681099
104.804192
97.946136
91.125732
84.361664
77.672470
71.076492
64.591812
58.236202
52.027073
45.981453
40.115913
34.446526
28.988823
23.757782
18.767723
14.032341
9.564598
5.376740
1.480240
-2.114189
-5.396721
-8.358345
-10.990952
-13.287323
-15.241158
-16.847115
-18.100777
-18.998711
-19.538460
-19.718544
-19.538475
-18.998741
-18.100807
-16.847160
-15.241219
-13.287399
-10.991043
-8.358444
-5.396835
-2.114311
1.480110
5.376587
9.564445
14.032196
18.767593
23.757660
28.988731
34.446442
40.115860
45.981430
52.027077
58.236233
64.591873
71.076584
77.672592
84.361816
91.125916
97.946358
104.804443
112.776680
120.259750
127.722305
135.143906
142.504196
149.782990
156.960373
164.016647
170.932465
177.688904
184.267395
190.649948
196.819061
202.757813
208.449936
213.879822
219.032593
223.894135
228.451080
232.691010
236.602234
240.174072
243.396698
246.261353
248.760101
250.886139
252.633606
253.997772
254.974823
255.562164
255.758118
255.562164
254.974854
253.997803
252.633636
250.886169
248.760132
246.261383
243.396759
240.174133
236.602310
232.691086
228.451187
223.894226
219.032715
213.879959
208.450089
202.757980
196.819244
190.650146
184.267609
177.689117
170.932709
164.016891
156.960632
149.783279
142.504486
135.144196
127.722618
120.260071
112.777008
105.293945
97.831390
90.409805
83.049522
75.770721
68.593353
61.537079
54.621254
47.864830
41.286324
34.903770
28.734657
22.795891
17.103760
11.673859
6.521080
1.659531
-2.897461
-7.137413
-11.048676
-14.620537
-17.843208
-20.707863
-23.206657
-25.332710
-27.080208
-28.444374
-29.421455
-30.008781
-30.204750
-30.008797
-29.421501
-28.444420
-27.080269
-25.332771
-23.206734
-20.707970
-17.843330
-14.620667
-11.048805
-7.137558
-2.897629
1.659363
6.520927
11.673721
17.103630
22.795792
28.734566
34.903709
41.286293
47.864830
54.621288
61.537144
68.593445
75.770859
83.049690
90.410011
97.831635
105.294220
119.401993
127.105820
134.788528
142.429077
150.006500
157.500031
164.889160
172.153595
179.273438
186.229187
193.001770
199.572601
205.923706
212.037659
217.897705
223.487793
228.792572
233.797516
238.488922
242.853912
246.880539
250.557739
253.875458
256.824585
259.397064
261.585815
263.384857
264.789246
265.795166
266.399780
266.601532
266.399811
265.795166
264.789276
263.384888
261.585876
259.397095
256.824646
253.875519
250.557816
246.880615
242.854004
238.489029
233.797638
228.792709
223.487930
217.897873
212.037842
205.923904
199.572815
193.001984
186.229416
179.273682
172.153854
164.889420
157.500320
150.006790
142.429382
134.788849
127.106148
119.402328
111.698509
104.015808
96.375275
88.797852
81.304321
73.915207
66.650772
59.530918
52.575172
45.802589
39.231743
32.880638
26.766670
20.906616
15.316528
10.011734
5.006767
0.315338
-4.049698
-8.076340
-11.753586
-15.071335
-18.020493
-20.593002
-22.781769
-24.580841
-25.985245
-26.991150
-27.595795
-27.797546
-27.595825
-26.991180
-25.985291
-24.580887
-22.781845
-20.593079
-18.020599
-15.071442
-11.753708
-8.076485
-4.049850
0.315170
5.006592
10.011574
15.316383
20.906487
26.766571
32.880547
39.231682
45.802559
52.575172
59.530956
66.650833
73.915306
81.304459
88.798027
96.375481
104.016052
111.698792
124.374992
131.664246
138.933517
146.162872
153.332520
160.422806
167.414276
174.287781
181.024475
187.605896
194.014008
200.231262
206.240570
212.025513
217.570190
222.859436
227.878754
232.614365
237.053299
241.183395
244.993317
248.472641
251.611816
254.402252
256.836273
258.907257
260.609467
261.938293
262.890045
263.462158
263.653046
263.462158
262.890076
261.938324
260.609497
258.907288
256.836334
254.402283
251.611877
248.472717
244.993408
241.183472
237.053406
232.614471
227.878876
222.859589
217.570343
212.025665
206.240753
200.231445
194.014221
187.606125
181.024704
174.288025
167.414536
160.423065
153.332809
146.163177
138.933807
131.664551
124.375313
117.086067
109.816803
102.587448
95.417801
88.327530
81.336060
74.462555
67.725861
61.144432
54.736320
48.519081
42.509750
36.724808
31.180107
25.890854
20.871536
16.135910
11.696945
7.566811
3.756859
0.277512
-2.861694
-5.652153
-8.086220
-10.157204
-11.859444
-13.188286
-14.140053
-14.712166
-14.903053
-14.712181
-14.140083
-13.188316
-11.859505
-10.157265
-8.086296
-5.652260
-2.861801
0.277390
3.756729
7.566673
11.696785
16.135742
20.871384
25.890717
31.179985
36.724709
42.509666
48.519020
54.736290
61.144436
67.725891
74.462616
81.336151
88.327660
95.417969
102.587646
109.817039
117.086342
125.360062
133.060226
140.739273
148.376175
155.949997
163.439972
170.825562
178.086533
185.203003
192.155426
198.924774
205.492493
211.840576
217.951614
223.808868
229.396286
234.698547
239.701111
244.390289
248.753204
252.777893
256.453369
259.769470
262.717224
265.288452
267.476196
269.274353
270.678101
271.683502
272.287842
272.489502
272.287872
271.683533
270.678101
269.274414
267.476227
265.288513
262.717285
259.769531
256.453430
252.777985
248.753296
244.390381
239.701233
234.698685
229.396423
223.809036
217.951782
211.840759
205.492706
198.925003
192.155670
185.203247
178.086792
170.825836
163.440247
155.950287
148.376480
140.739594
133.060547
125.360397
117.660248
109.981201
102.344307
94.770493
87.280533
79.894936
72.633957
65.517502
58.565063
51.795708
45.227989
38.879906
32.768860
26.911591
21.324165
16.021896
11.019318
6.330116
1.967163
-2.057564
-5.733047
-9.049225
-11.996979
-14.568253
-16.755997
-18.554199
-19.957947
-20.963364
-21.567734
-21.769379
-21.567749
-20.963394
-19.957977
-18.554245
-16.756058
-14.568344
-11.997086
-9.049347
-5.733185
-2.057709
1.967010
6.329948
11.019142
16.021736
21.324020
26.911461
32.768753
38.879822
45.227928
51.795677
58.565071
65.517532
72.634026
79.895035
87.280670
94.770668
102.344513
109.981445
117.660530
127.385780
134.911789
142.417175
149.881348
157.283875
164.604446
171.822998
178.919769
185.875275
192.670471
199.286713
205.705902
211.910400
217.883240
223.608032
229.069061
234.251404
239.140839
243.723938
247.988190
251.921875
255.514191
258.755341
261.636383
264.149475
266.287720
268.045227
269.417206
270.399902
270.990570
271.187653
270.990601
270.399902
269.417236
268.045258
266.287750
264.149536
261.636444
258.755402
255.514252
251.921936
247.988281
243.724060
239.140945
234.251541
229.069214
223.608185
217.883408
211.910583
205.706100
199.286926
192.670685
185.875519
178.920013
171.823273
164.604721
157.284164
149.881653
142.417480
134.912109
127.386108
119.860107
112.354736
104.890564
97.488045
90.167480
82.948914
75.852158
68.896652
62.101456
55.485199
49.066017
42.861511
36.888672
31.163872
25.702812
20.520470
15.631027
11.047882
6.783600
2.849899
-0.742455
-3.983635
-6.864723
-9.377846
-11.516106
-13.273628
-14.645622
-15.628319
-16.219017
-16.416100
-16.219032
-15.628349
-14.645668
-13.273689
-11.516167
-9.377922
-6.864830
-3.983742
-0.742592
2.849762
6.783455
11.047714
15.630859
20.520317
25.702675
31.163742
36.888565
42.861420
49.065964
55.485168
62.101456
68.896683
75.852219
82.949020
90.167603
97.488213
104.890770
112.354980
119.860390
115.847359
123.057304
130.247482
137.398209
144.489853
151.502991
158.418396
165.217117
171.880524
178.390350
184.728729
190.878326
196.822266
202.544266
208.028641
213.260345
218.225037
222.909134
227.299774
231.384933
235.153412
238.594879
241.699890
244.459961
246.867523
248.915955
250.599670
251.914032
252.855438
253.421326
253.610107
253.421326
252.855438
251.914032
250.599701
248.915985
246.867554
244.460022
241.699951
238.594940
235.153488
231.385010
227.299866
222.909241
218.225159
213.260468
208.028778
202.544434
196.822449
190.878525
184.728943
178.390564
171.880753
165.217361
158.418640
151.503250
144.490128
137.398499
130.247787
123.057610
115.847672
108.637741
101.447563
94.296852
87.205215
80.192078
73.276672
66.477951
59.814548
53.304722
46.966324
40.816727
34.872780
29.150780
23.666397
18.434685
13.469978
8.785873
4.395203
0.310005
-3.458496
-6.899994
-10.005043
-12.765144
-15.172722
-17.221184
-18.904900
-20.219276
-21.160698
-21.726585
-21.915398
-21.726601
-21.160728
-20.219322
-18.904961
-17.221245
-15.172798
-12.765236
-10.005150
-6.900116
-3.458626
0.309868
4.395042
8.785706
13.469826
18.434555
23.666275
29.150681
34.872696
40.816666
46.966293
53.304726
59.814579
66.478012
73.276764
80.192207
87.205376
94.297050
101.447792
108.638000
122.582611
129.520691
136.439758
143.320831
150.145065
156.893768
163.548401
170.090775
176.502914
182.767273
188.866669
194.784378
200.504181
206.010422
211.287994
216.322418
221.099915
225.607376
229.832458
233.763580
237.389954
240.701660
243.689590
246.345581
248.662354
250.633560
252.253769
253.518570
254.424484
254.969025
255.150711
254.969040
254.424500
253.518600
252.253799
250.633591
248.662399
246.345642
243.689651
240.701721
237.390030
233.763657
229.832550
225.607483
221.100037
216.322540
211.288132
206.010574
200.504364
194.784546
188.866852
182.767487
176.503143
170.091003
163.548645
156.894012
150.145340
143.321106
136.440033
129.520981
122.582916
115.644844
108.725792
101.844711
95.020477
88.271790
81.617149
75.074783
68.662643
62.398285
56.298889
50.381180
44.661362
39.155121
33.877541
28.843102
24.065598
19.558121
15.333008
11.401855
7.775452
4.463730
1.475754
-1.180267
-3.497063
-5.468277
-7.088516
-8.353333
-9.259247
-9.803802
-9.985489
-9.803818
-9.259277
-8.353363
-7.088562
-5.468338
-3.497139
-1.180359
1.475655
4.463608
7.775330
11.401718
15.332855
19.557961
24.065460
28.842979
33.877426
39.155022
44.661285
50.381126
56.298866
62.398289
68.662674
75.074844
81.617241
88.271912
95.020638
101.844910
108.726013
115.645103
121.060707
128.132416
135.184738
142.198349
149.154022
156.032684
162.815506
169.483871
176.019516
182.404526
188.621384
194.653076
200.483047
206.095337
211.474548
216.605927
221.475449
226.069733
230.376190
234.383026
238.079239
241.454712
244.500198
247.207352
249.568756
251.577911
253.229309
254.518494
255.441833
255.996887
256.182068
255.996887
255.441864
254.518524
253.229340
251.577942
249.568787
247.207397
244.500259
241.454773
238.079315
234.383087
230.376282
226.069824
221.475571
216.606064
211.474686
206.095490
200.483215
194.653259
188.621582
182.404724
176.019745
169.484100
162.815750
156.032944
149.154297
142.198624
135.185028
128.132721
121.061020
113.989319
106.937004
99.923401
92.967735
86.089066
79.306259
72.637886
66.102249
59.717236
53.500366
47.468681
41.638702
36.026405
30.647186
25.515785
20.646263
16.051971
11.745483
7.738617
4.042374
0.666862
-2.378662
-5.085838
-7.447258
-9.456429
-11.107872
-12.397041
-13.320412
-13.875450
-14.060646
-13.875465
-13.320442
-12.397087
-11.107918
-9.456490
-7.447334
-5.085930
-2.378761
0.666740
4.042244
7.738480
11.745331
16.051811
20.646118
25.515656
30.647064
36.026314
41.638618
47.468620
53.500343
59.717239
66.102280
72.637947
79.306351
86.089188
92.967896
99.923599
106.937233
113.989578
117.316391
123.732620
130.131256
136.494781
142.805725
149.046814
155.200928
161.251205
167.181061
172.974243
178.614868
184.087463
189.377060
194.469147
199.349762
204.005524
208.423676
212.592102
216.499390
220.134842
223.488464
226.551056
229.314270
231.770493
233.912994
235.735931
237.234283
238.403961
239.241730
239.745316
239.913330
239.745331
239.241730
238.403976
237.234314
235.735962
233.913040
231.770538
229.314316
226.551117
223.488525
220.134918
216.499481
212.592194
208.423798
204.005646
199.349884
194.469299
189.377228
184.087646
178.615051
172.974426
167.181259
161.251419
155.201157
149.047058
142.805969
136.495041
130.131531
123.732895
117.316673
110.900452
104.501816
98.138306
91.827362
85.586273
79.432159
73.381889
67.452034
61.658855
56.018227
50.545616
45.256020
40.163933
35.283310
30.627533
26.209373
22.040932
18.133606
14.498138
11.144501
8.081863
5.318634
2.862389
0.719849
-1.103096
-2.601471
-3.771149
-4.608932
-5.112526
-5.280548
-5.112541
-4.608955
-3.771187
-2.601517
-1.103157
0.719780
2.862297
5.318542
8.081757
11.144379
14.498016
18.133469
22.040779
26.209244
30.627419
35.283203
40.163841
45.255943
50.545563
56.018204
61.658855
67.452065
73.381943
79.432251
85.586388
91.827499
98.138481
104.502022
110.900688
119.479668
126.151779
132.805603
139.422913
145.985535
152.475525
158.875061
165.166626
171.332977
177.357193
183.222763
188.913635
194.414185
199.709320
204.784576
209.626022
214.220383
218.555054
222.618164
226.398590
229.885956
233.070709
235.944092
238.498291
240.726242
242.621872
244.179977
245.396301
246.267487
246.791138
246.965866
246.791153
246.267487
245.396317
244.180008
242.621918
240.726288
238.498322
235.944153
233.070770
229.886017
226.398682
222.618256
218.555145
214.220490
209.626160
204.784729
199.709473
194.414337
188.913803
183.222961
177.357391
171.333191
165.166855
158.875305
152.475769
145.985794
139.423172
132.805878
126.152061
119.479958
112.807854
106.154037
99.536743
92.974113
86.484131
80.084587
73.793022
67.626678
61.602467
55.736889
50.046028
44.545471
39.250305
34.175041
29.333595
24.739235
20.404549
16.341400
12.560944
9.073555
5.888786
3.015358
0.461151
-1.766830
-3.662483
-5.220612
-6.436935
-7.308128
-7.831802
-8.006531
-7.831818
-7.308159
-6.436974
-5.220657
-3.662544
-1.766907
0.461060
3.015259
5.888672
9.073433
12.560814
16.341255
20.404396
24.739098
29.333473
34.174934
39.250214
44.545395
50.045975
55.736862
61.602470
67.626709
73.793076
80.084671
86.484253
92.974258
99.536926
106.154251
112.808098
116.457054
122.876900
129.279144
135.646255
141.960754
148.205368
154.362946
160.416641
166.349838
172.146271
177.790085
183.265778
188.558350
193.653305
198.536667
203.195053
207.615692
211.786484
215.695984
219.333466
222.688980
225.753311
228.518066
230.975677
233.119400
234.943359
236.442551
237.612885
238.451126
238.954987
239.123108
238.955002
238.451141
237.612900
236.442581
234.943390
233.119446
230.975723
228.518127
225.753357
222.689041
219.333542
215.696075
211.786591
207.615814
203.195175
198.536804
193.653442
188.558502
183.265945
177.790268
172.146469
166.350037
160.416855
154.363174
148.205597
141.961014
135.646515
129.279419
122.877174
116.457336
110.037498
103.635254
97.268158
90.953651
84.709053
78.551468
72.497787
66.564590
60.768139
55.124332
49.648636
44.356056
39.261101
34.377724
29.719330
25.298676
21.127876
17.218361
13.580833
10.225304
7.160942
4.396156
1.938522
-0.205215
-2.029198
-3.528412
-4.698753
-5.537003
-6.040878
-6.209000
-6.040894
-5.537033
-4.698784
-3.528458
-2.029251
-0.205292
1.938438
4.396065
7.160835
10.225189
13.580711
17.218216
21.127731
25.298546
29.719208
34.377617
39.261009
44.355988
49.648590
55.124310
60.768143
66.564621
72.497833
78.551552
84.709167
90.953796
97.268333
103.635460
110.037735
117.719551
123.822212
129.908142
135.960678
141.963196
147.899277
153.752640
159.507233
165.147278
170.657349
176.022308
181.227463
186.258545
191.101776
195.743866
200.172089
204.374344
208.339050
212.055389
215.513168
218.702896
221.615829
224.243988
226.580170
228.617981
230.351822
231.776947
232.889450
233.686279
234.165253
234.325073
234.165268
233.686295
232.889465
231.776978
230.351852
228.618011
226.580215
224.244034
221.615875
218.702957
215.513245
212.055481
208.339142
204.374451
200.172211
195.743988
191.101913
186.258698
181.227631
176.022491
170.657532
165.147476
159.507431
153.752853
147.899506
141.963440
135.960922
129.908401
123.822472
117.719818
111.617165
105.531235
99.478714
93.476189
87.540115
81.686760
75.932167
70.292114
64.782043
59.417088
54.211926
49.180832
44.337601
39.695503
35.267258
31.065018
27.100288
23.383926
19.926117
16.736374
13.823418
11.195229
8.859016
6.821190
5.087334
3.662186
2.549667
1.752831
1.273849
1.114037
1.273834
1.752808
2.549637
3.662148
5.087273
6.821121
8.858932
11.195137
13.823311
16.736267
19.926003
23.383789
27.100151
31.064896
35.267151
39.695396
44.337517
49.180763
54.211876
59.417061
64.782051
70.292137
75.932220
81.686844
87.540222
93.476326
99.478882
105.531433
111.617386
120.932663
127.032509
133.115631
139.165375
145.165131
151.098465
156.949127
162.701050
168.338516
173.846039
179.208511
184.411270
189.440033
194.281036
198.920975
203.347168
207.547455
211.510345
215.224976
218.681152
221.869415
224.780991
227.407928
229.743042
231.779907
233.512955
234.937424
236.049408
236.845886
237.324631
237.484375
237.324646
236.845886
236.049438
234.937439
233.513000
231.779953
229.743088
227.407990
224.781052
221.869476
218.681213
215.225067
211.510437
207.547577
203.347290
198.921112
194.281158
189.440186
184.411438
179.208694
173.846207
168.338715
162.701263
156.949341
151.098694
145.165359
139.165619
133.115891
127.032768
120.932930
114.833092
108.749969
102.700241
96.700493
90.767151
84.916504
79.164566
73.527115
68.019592
62.657101
57.454346
52.425575
47.584579
42.944618
38.518417
34.318115
30.355217
26.640564
23.184364
19.996086
17.084473
14.457497
12.122368
10.085480
8.352417
6.927933
5.815926
5.019463
4.540695
4.380959
4.540688
5.019432
5.815895
6.927887
8.352364
10.085411
12.122284
14.457405
17.084366
19.995979
23.184242
26.640434
30.355080
34.317993
38.518311
42.944511
47.584496
52.425507
57.454296
62.657078
68.019592
73.527138
79.164612
84.916580
90.767258
96.700623
102.700409
108.750168
114.833321
122.903580
128.850800
134.781708
140.680054
146.529694
152.314560
158.018829
163.626831
169.123230
174.492935
179.721237
184.793808
189.696747
194.416595
198.940445
203.255875
207.351074
211.214813
214.836487
218.206177
221.314636
224.153381
226.714600
228.991272
230.977173
232.666840
234.055664
235.139847
235.916382
236.383148
236.538879
236.383148
235.916382
235.139862
234.055695
232.666885
230.977203
228.991318
226.714645
224.153442
221.314697
218.206238
214.836548
211.214890
207.351166
203.255981
198.940567
194.416733
189.696884
184.793961
179.721405
174.493103
169.123413
163.627029
158.019028
152.314789
146.529922
140.680298
134.781952
128.851044
122.903839
116.956635
111.025726
105.127380
99.277756
93.492882
87.788620
82.180618
76.684219
71.314514
66.086212
61.013638
56.110703
51.390839
46.866982
42.551537
38.456337
34.592598
30.970894
27.601173
24.492676
21.653915
19.092674
16.815971
14.830055
13.140358
11.751511
10.667336
9.890793
9.424019
9.268272
9.424004
9.890770
10.667305
11.751472
13.140305
14.829987
16.815887
19.092583
21.653816
24.492569
27.601051
30.970764
34.592461
38.456215
42.551430
46.866875
51.390755
56.110634
61.013592
66.086182
71.314514
76.684250
82.180664
87.788704
93.492989
99.277885
105.127541
111.025917
116.956856
153.723709
159.894791
166.048965
172.169357
178.239197
184.241821
190.160812
195.979919
201.683228
207.255066
212.680176
217.943695
223.031189
227.928726
232.622864
237.100739
241.350098
245.359283
249.117279
252.613831
255.839325
258.784912
261.442535
263.804932
265.865570
267.618866
269.059967
270.184937
270.990723
271.475037
271.636658
271.475067
270.990723
270.184967
269.059998
267.618896
265.865601
263.804962
261.442596
258.784973
255.839386
252.613892
249.117371
245.359375
241.350220
237.100861
232.622986
227.928864
223.031342
217.943863
212.680359
207.255249
201.683411
195.980133
190.161026
184.242050
178.239426
172.169601
166.049225
159.895065
153.723984
147.552902
141.398727
135.278351
129.208527
123.205887
117.286903
111.467789
105.764496
100.192650
94.767532
89.504013
84.416512
79.518974
74.824821
70.346931
66.097572
62.088387
58.330353
54.833778
51.608269
48.662651
46.004990
43.642593
41.581909
39.828613
38.387489
37.262497
36.456726
35.972374
35.810768
35.972359
36.456696
37.262459
38.387444
39.828552
41.581841
43.642509
46.004898
48.662544
51.608154
54.833664
58.330223
62.088249
66.097443
70.346817
74.824715
79.518890
84.416443
89.503960
94.767509
100.192657
105.764526
111.467842
117.286987
123.206001
129.208664
135.278519
141.398926
147.553131
125.184113
130.240479
135.282990
140.297821
145.271225
150.189560
155.039368
159.807343
164.480423
169.045792
173.490936
177.803680
181.972198
185.985046
189.831268
193.500275
196.982056
200.267029
203.346191
206.211151
208.854004
211.267517
213.445068
215.380737
217.069153
218.505737
219.686523
220.608292
221.268494
221.665359
221.797760
221.665375
221.268524
220.608307
219.686539
218.505768
217.069183
215.380768
213.445114
211.267548
208.854050
206.211212
203.346268
200.267090
196.982147
193.500381
189.831375
185.985168
181.972321
177.803818
173.491089
169.045944
164.480591
159.807526
155.039551
150.189758
145.271423
140.298019
135.283203
130.240692
125.184334
120.127975
115.085464
110.070641
105.097244
100.178902
95.329094
90.561119
85.888046
81.322678
76.877525
72.564789
68.396271
64.383400
60.537186
56.868156
53.386383
50.101402
47.022202
44.157234
41.514366
39.100830
36.923241
34.987572
33.299126
31.862534
30.681732
29.759956
29.099731
28.702873
28.570457
28.702858
29.099709
29.759926
30.681694
31.862488
33.299072
34.987503
36.923164
39.100746
41.514275
44.157135
47.022095
50.101288
53.386276
56.868065
60.537094
64.383331
68.396210
72.564743
76.877502
81.322678
85.888062
90.561165
95.329163
100.178986
105.097359
110.070786
115.085632
120.128159
120.357788
127.820961
135.263687
142.665543
150.006256
157.265717
164.424011
171.461517
178.358948
185.097412
191.658417
198.024017
204.176712
210.099670
215.776672
221.192108
226.331192
231.179794
235.724640
239.953278
243.854126
247.416443
250.630524
253.487534
255.979660
258.100037
259.842865
261.203400
262.177856
262.763611
262.959045
262.763641
262.177887
261.203430
259.842896
258.100067
255.979691
253.487595
250.630585
247.416519
243.854187
239.953369
235.724747
231.179901
226.331329
221.192261
215.776825
210.099854
204.176895
198.024200
191.658630
185.097626
178.359192
171.461761
164.424271
157.265991
150.006546
142.665833
135.263992
127.821281
120.358116
112.894951
105.452240
98.050385
90.709671
83.450218
76.291931
69.254425
62.356987
55.618523
49.057510
42.691925
36.539215
30.616241
24.939240
19.523781
14.384697
9.536079
4.991196
0.762520
-3.138336
-6.700706
-9.914810
-12.771851
-15.263992
-17.384399
-19.127258
-20.487793
-21.462280
-22.048050
-22.243484
-22.048065
-21.462311
-20.487839
-19.127304
-17.384460
-15.264084
-12.771957
-9.914932
-6.700836
-3.138474
0.762375
4.991035
9.535912
14.384544
19.523643
24.939117
30.616142
36.539131
42.691864
49.057480
55.618530
62.357021
69.254486
76.292030
83.450348
90.709839
98.050583
105.452477
112.895226
126.197456
128.562744
130.921570
133.267426
135.593918
137.894638
140.163315
142.393707
144.579697
146.715302
148.794678
150.812119
152.762085
154.639252
156.438446
158.154755
159.783478
161.320145
162.760544
164.100708
165.337006
166.466003
167.484650
168.390106
169.179932
169.851944
170.404297
170.835495
171.144333
171.329971
171.391907
171.329971
171.144333
170.835495
170.404312
169.851959
169.179947
168.390137
167.484665
166.466034
165.337036
164.100739
162.760574
161.320175
159.783524
158.154800
156.438492
154.639297
152.762146
150.812180
148.794754
146.715378
144.579773
142.393784
140.163391
137.894730
135.594009
133.267517
130.921661
128.562851
126.197563
123.832268
121.473457
119.127594
116.801117
114.500381
112.231720
110.001328
107.815331
105.679718
103.600342
101.582901
99.632935
97.755775
95.956566
94.240250
92.611526
91.074860
89.634460
88.294266
87.057968
85.928955
84.910309
84.004837
83.215004
82.542984
81.990623
81.559433
81.250587
81.064941
81.003006
81.064941
81.250580
81.559418
81.990608
82.542969
83.214981
84.004807
84.910278
85.928917
87.057930
88.294220
89.634407
91.074814
92.611481
94.240204
95.956528
97.755737
99.632904
101.582886
103.600334
105.679718
107.815338
110.001343
112.231750
114.500427
116.801163
119.127663
121.473534
123.832352
