976.549744
976.418091
976.023376
975.366760
974.450012
973.275635
971.846802
970.167542
968.242432
966.076660
963.676270
961.047729
958.198364
955.135864
951.868774
948.405884
944.756775
940.931458
936.940369
932.794495
928.505188
924.084167
919.543579
914.895874
910.153809
905.330322
900.438660
895.492249
890.504639
885.489563
880.460632
875.431702
870.416565
865.428955
860.482605
855.590942
850.767456
846.025391
841.377686
836.837097
832.416077
828.126709
823.980835
819.989807
816.164429
812.515381
809.052490
805.785339
802.722900
799.873474
797.244995
794.844543
792.678772
790.753662
789.074341
787.645569
786.471191
785.554443
784.897766
784.503052
784.371399
784.503052
784.897705
785.554382
786.471130
787.645508
789.074219
790.753479
792.678589
794.844360
797.244751
799.873230
802.722595
805.785034
809.052185
812.515015
816.164124
819.989441
823.980530
828.126404
832.415771
836.836792
841.377380
846.025085
850.767212
855.590698
860.482361
865.428772
870.416382
875.431519
880.460510
885.489441
890.504578
895.492188
900.438599
905.330261
910.153809
914.895874
919.543579
924.084229
928.505249
932.794556
936.940491
940.931580
944.756897
948.406006
951.868896
955.136047
958.198486
961.047852
963.676392
966.076782
968.242554
970.167664
971.846924
973.275696
974.450073
975.366821
976.023438
976.418091
989.391479
989.232605
988.756348
987.964111
986.857910
985.440918
983.716980
981.690735
979.367920
976.754700
973.858398
970.686829
967.248779
963.553589
959.611511
955.433228
951.030212
946.414612
941.598999
936.596558
931.421082
926.086731
920.608093
915.000183
909.278381
903.458435
897.556152
891.587891
885.569824
879.518616
873.450745
867.382874
861.331665
855.313599
849.345337
843.443115
837.623108
831.901306
826.293396
820.814758
815.480408
810.304932
805.302490
800.486877
795.871216
791.468262
787.289978
783.347839
779.652710
776.214661
773.043091
770.146729
767.533569
765.210693
763.184448
761.460510
760.043518
758.937317
758.145020
757.668762
757.509888
757.668762
758.144958
758.937256
760.043396
761.460388
763.184326
765.210510
767.533325
770.146484
773.042847
776.214355
779.652405
783.347534
787.289612
791.467896
795.870850
800.486450
805.302124
810.304504
815.479980
820.814392
826.293030
831.901001
837.622803
843.442810
849.345032
855.313354
861.331421
867.382690
873.450562
879.518494
885.569702
891.587769
897.556091
903.458374
909.278381
915.000183
920.608093
926.086792
931.421204
936.596680
941.599121
946.414734
951.030396
955.433350
959.611633
963.553772
967.248962
970.687012
973.858521
976.754883
979.368042
981.690918
983.717041
985.441040
986.858032
987.964172
988.756409
989.232666
971.418091
971.255737
970.769287
969.960022
968.830200
967.382813
965.621887
963.552246
961.179565
958.510376
955.551941
952.312439
948.800659
945.026306
940.999634
936.731812
932.234436
927.519836
922.601013
917.491333
912.204895
906.756165
901.160095
895.431946
889.587524
883.642761
877.614014
871.517761
865.370728
859.189758
852.991821
846.793884
840.612915
834.465881
828.369629
822.340881
816.396118
810.551697
804.823547
799.227478
793.778748
788.492310
783.382629
778.463806
773.749207
769.251831
764.984009
760.957336
757.182983
753.671204
750.431641
747.473267
744.804016
742.431335
740.361694
738.600769
737.153381
736.023499
735.214233
734.727783
734.565430
734.727722
735.214172
736.023438
737.153320
738.600647
740.361572
742.431152
744.803833
747.473022
750.431396
753.670898
757.182678
760.957031
764.983643
769.251465
773.748779
778.463379
783.382202
788.491882
793.778320
799.227051
804.823181
810.551331
816.395813
822.340576
828.369324
834.465637
840.612671
846.793701
852.991638
859.189636
865.370605
871.517700
877.613953
883.642761
889.587524
895.432007
901.160156
906.756226
912.205017
917.491455
922.601135
927.519958
932.234558
936.731934
940.999817
945.026428
948.800842
952.312561
955.552124
958.510498
961.179688
963.552368
965.622009
967.382935
968.830261
969.960083
970.769348
971.255798
1043.983032
1043.771362
1043.136719
1042.080933
1040.606934
1038.718750
1036.421509
1033.721436
1030.626099
1027.143921
1023.284424
1019.058228
1014.476807
1009.552856
1004.299805
998.731995
992.864807
986.714294
980.297241
973.631287
966.734680
959.626404
952.325806
944.853027
937.228455
929.473083
921.608032
913.655029
905.635681
897.572144
889.486389
881.400696
873.337097
865.317810
857.364746
849.499756
841.744324
834.119812
826.646973
819.346436
812.238098
805.341553
798.675598
792.258545
786.107971
780.240784
774.673035
769.419983
764.495972
759.914612
755.688354
751.828857
748.346680
745.251343
742.551270
740.254028
738.365784
736.891724
735.835999
735.201355
734.989624
735.201294
735.835938
736.891663
738.365662
740.253845
742.551086
745.251038
748.346375
751.828552
755.687988
759.914185
764.495605
769.419495
774.672546
780.240295
786.107483
792.257996
798.675049
805.341003
812.237610
819.345947
826.646484
834.119324
841.743896
849.499329
857.364380
865.317505
873.336792
881.400391
889.486206
897.571960
905.635559
913.654907
921.607971
929.473022
937.228455
944.853027
952.325867
959.626465
966.734802
973.631409
980.297363
986.714417
992.864990
998.732178
1004.299988
1009.553040
1014.477051
1019.058411
1023.284668
1027.144165
1030.626343
1033.721680
1036.421631
1038.718872
1040.607056
1042.081055
1043.136719
1043.771362
1011.664795
1011.469971
1010.886230
1009.914978
1008.558960
1006.821960
1004.708618
1002.224854
999.377319
996.174011
992.623535
988.735718
984.521179
979.991455
975.158997
970.037109
964.639709
958.981628
953.078430
946.946228
940.601868
934.062744
927.346741
920.472290
913.458252
906.323853
899.088623
891.772400
884.395203
876.977295
869.539001
862.100708
854.682861
847.305664
839.989441
832.754150
825.619751
818.605713
811.731262
805.015320
798.476135
792.131836
785.999634
780.096375
774.438354
769.040955
763.919006
759.086548
754.556885
750.342285
746.454468
742.903992
739.700623
736.853149
734.369324
732.255981
730.518921
729.162964
728.191711
727.607910
727.413086
727.607849
728.191650
729.162842
730.518799
732.255859
734.369141
736.852905
739.700378
742.903687
746.454163
750.341980
754.556458
759.086121
763.918579
769.040466
774.437866
780.095886
785.999146
792.131287
798.475708
805.014832
811.730835
818.605286
825.619385
832.753784
839.989075
847.305359
854.682556
862.100464
869.538818
876.977112
884.395081
891.772278
899.088562
906.323792
913.458252
920.472351
927.346802
934.062805
940.601990
946.946350
953.078552
958.981812
964.639832
970.037231
975.159180
979.991638
984.521362
988.735901
992.623718
996.174194
999.377563
1002.224976
1004.708801
1006.822083
1008.559082
1009.915039
1010.886230
1011.470032
1049.412109
1049.190918
1048.527832
1047.424561
1045.884399
1043.911377
1041.510864
1038.689575
1035.455200
1031.816650
1027.783691
1023.367676
1018.580444
1013.435303
1007.946289
1002.128418
995.997620
989.570801
982.865479
975.900085
968.693726
961.266113
953.637573
945.829102
937.862061
929.758240
921.539917
913.229614
904.850098
896.424316
887.975342
879.526428
871.100647
862.721130
854.410767
846.192444
838.088684
830.121643
822.313110
814.684631
807.257019
800.050598
793.085205
786.379944
779.953064
773.822327
768.004456
762.515381
757.370239
752.583069
748.166992
744.134094
740.495483
737.261108
734.439758
732.039307
730.066284
728.526001
727.422791
726.759644
726.538391
726.759644
727.422729
728.525879
730.066101
732.039124
734.439575
737.260803
740.495178
744.133789
748.166626
752.582642
757.369812
762.514954
768.003967
773.821777
779.952515
786.379333
793.084656
800.050049
807.256470
814.684082
822.312622
830.121155
838.088257
846.192078
854.410400
862.720764
871.100342
879.526123
887.975159
896.424133
904.849915
913.229492
921.539856
929.758240
937.862061
945.829163
953.637634
961.266174
968.693848
975.900269
982.865662
989.570984
995.997803
1002.128601
1007.946472
1013.435547
1018.580688
1023.367859
1027.783936
1031.816772
1035.455444
1038.689819
1041.510986
1043.911499
1045.884521
1047.424683
1048.527832
1049.190918
1007.866577
1007.671997
1007.088928
1006.118896
1004.764526
1003.029602
1000.918823
998.437988
995.593994
992.394470
988.848328
984.965149
980.755737
976.231506
971.404907
966.289124
960.898254
955.247009
949.350952
943.226135
936.889465
930.358215
923.650330
916.784241
909.778625
902.652832
895.426331
888.118958
880.750671
873.341736
865.912415
858.483154
851.074219
843.705933
836.398499
829.171997
822.046204
815.040649
808.174500
801.466614
794.935364
788.598694
782.473877
776.577820
770.926575
765.535706
760.419922
755.593384
751.069092
746.859680
742.976501
739.430359
736.230835
733.386780
730.905945
728.795166
727.060242
725.705872
724.735840
724.152710
723.958130
724.152710
724.735718
725.705811
727.060120
728.795044
730.905762
733.386536
736.230591
739.430054
742.976196
746.859314
751.068726
755.592957
760.419556
765.535278
770.926086
776.577332
782.473389
788.598206
794.934937
801.466187
808.174072
815.040222
822.045837
829.171631
836.398193
843.705627
851.073914
858.482910
865.912231
873.341553
880.750549
888.118835
895.426270
902.652832
909.778625
916.784241
923.650391
930.358276
936.889587
943.226257
949.351074
955.247192
960.898438
966.289307
971.405090
976.231689
980.755920
984.965332
988.848511
992.394653
995.594116
998.438171
1000.918945
1003.029724
1004.764648
1006.118958
1007.088989
1007.672058
992.857117
992.684143
992.165588
991.302979
990.098633
988.555847
986.678894
984.472839
981.943787
979.098633
975.945190
972.492126
968.748901
964.725769
960.433716
955.884521
951.090698
946.065430
940.822327
935.375854
929.740967
923.933105
917.968140
911.862488
905.632813
899.296204
892.870056
886.372009
879.819824
873.231445
866.624939
860.018494
853.430115
846.877869
840.379822
833.953674
827.617065
821.387390
815.281738
809.316772
803.508911
797.874023
792.427551
787.184448
782.159119
777.365356
772.816162
768.524109
764.500977
760.757690
757.304626
754.151245
751.306091
748.776978
746.570923
744.693970
743.151184
741.946777
741.084167
740.565674
740.392639
740.565613
741.084106
741.946716
743.151062
744.693787
746.570801
748.776794
751.305847
754.150940
757.304382
760.757385
764.500610
768.523743
772.815796
777.364929
782.158691
787.184021
792.427124
797.873535
803.508423
809.316345
815.281311
821.387024
827.616699
833.953369
840.379517
846.877625
853.429871
860.018250
866.624756
873.231262
879.819641
886.371887
892.869995
899.296204
905.632813
911.862488
917.968201
923.933228
929.741089
935.375977
940.822449
946.065552
951.090881
955.884705
960.433899
964.725952
968.749084
972.492310
975.945374
979.098816
981.943909
984.472961
986.679016
988.555969
990.098755
991.303101
992.165649
992.684143
1028.256836
1028.060303
1027.471313
1026.491577
1025.123657
1023.371338
1021.239380
1018.733643
1015.861084
1012.629517
1009.047729
1005.125610
1000.873962
996.304321
991.429321
986.262207
980.817261
975.109314
969.154114
962.967834
956.567566
949.970825
943.195618
936.260620
929.184753
921.987488
914.688477
907.307739
899.865540
892.382263
884.878418
877.374573
869.891296
862.449158
855.068420
847.769409
840.572083
833.496216
826.561218
819.786011
813.189270
806.789001
800.602783
794.647522
788.939575
783.494629
778.327515
773.452515
768.882874
764.631226
760.709106
757.127319
753.895752
751.023132
748.517456
746.385498
744.633118
743.265198
742.285400
741.696411
741.499878
741.696411
742.285278
743.265076
744.632996
746.385315
748.517212
751.022888
753.895447
757.127075
760.708801
764.630859
768.882507
773.452087
778.327087
783.494141
788.939087
794.647034
800.602295
806.788513
813.188782
819.785583
826.560791
833.495850
840.571716
847.769043
855.068054
862.448792
869.891052
877.374329
884.878235
892.382080
899.865417
907.307617
914.688354
921.987427
929.184753
936.260620
943.195679
949.970886
956.567688
962.967957
969.154236
975.109497
980.817444
986.262390
991.429504
996.304504
1000.874146
1005.125854
1009.047913
1012.629700
1015.861267
1018.733826
1021.239502
1023.371460
1025.123779
1026.491699
1027.471436
1028.060303
1046.485474
1046.276855
1045.651489
1044.611328
1043.158936
1041.298462
1039.035034
1036.374756
1033.324951
1029.893921
1026.091187
1021.927063
1017.413025
1012.561462
1007.385620
1001.899719
996.118774
990.058716
983.736023
977.168030
970.372864
963.369080
956.175842
948.812927
941.300476
933.659119
925.909729
918.073608
910.172241
902.227234
894.260376
886.293579
878.348572
870.447144
862.611023
854.861694
847.220276
839.707825
832.344910
825.151733
818.147888
811.352722
804.784790
798.462097
792.401978
786.621033
781.135132
775.959351
771.107727
766.593750
762.429626
758.626831
755.195862
752.145996
749.485718
747.222229
745.361755
743.909363
742.869141
742.243835
742.035156
742.243774
742.869019
743.909302
745.361572
747.222046
749.485474
752.145752
755.195557
758.626526
762.429260
766.593323
771.107361
775.958862
781.134705
786.620544
792.401489
798.461548
804.784241
811.352173
818.147400
825.151184
832.344421
839.707397
847.219849
854.861267
862.610657
870.446838
878.348267
886.293274
894.260193
902.227051
910.172058
918.073486
925.909668
933.659058
941.300476
948.812988
956.175903
963.369141
970.372986
977.168213
983.736145
990.058838
996.118958
1001.899902
1007.385803
1012.561646
1017.413208
1021.927246
1026.091309
1029.894043
1033.325073
1036.374878
1039.035156
1041.298584
1043.159058
1044.611328
1045.651611
1046.276855
1077.452026
1077.222656
1076.534912
1075.390869
1073.793579
1071.747437
1069.258057
1066.332153
1062.978027
1059.204590
1055.022217
1050.442627
1045.478027
1040.142212
1034.449829
1028.416382
1022.058472
1015.393555
1008.439819
1001.216309
993.742920
986.040100
978.128967
970.031189
961.768921
953.364868
944.842102
936.223877
927.533875
918.795898
910.033936
901.271912
892.533936
883.843933
875.225708
866.702942
858.298889
850.036621
841.938843
834.027710
826.324829
818.851440
811.627991
804.674255
798.009277
791.651428
785.617981
779.925537
774.589783
769.625244
765.045532
760.863220
757.089783
753.735535
750.809692
748.320313
746.274170
744.676819
743.532715
742.845032
742.615601
742.844971
743.532654
744.676697
746.273987
748.320068
750.809448
753.735229
757.089478
760.862854
765.045105
769.624756
774.589355
779.925049
785.617432
791.650879
798.008728
804.673645
811.627441
818.850891
826.324280
834.027161
841.938293
850.036133
858.298401
866.702515
875.225342
883.843567
892.533630
901.271606
910.033630
918.795654
927.533691
936.223755
944.841980
953.364868
961.768921
970.031189
978.129028
986.040222
993.743042
1001.216492
1008.439941
1015.393677
1022.058655
1028.416626
1034.450073
1040.142456
1045.478271
1050.442749
1055.022461
1059.204834
1062.978149
1066.332397
1069.258179
1071.747559
1073.793701
1075.390991
1076.535034
1077.222656
1056.751953
1056.535034
1055.884888
1054.803223
1053.293091
1051.358521
1049.004883
1046.238647
1043.067383
1039.499756
1035.545654
1031.215698
1026.521973
1021.477173
1016.095215
1010.390869
1004.379761
998.078369
991.503906
984.674377
977.608643
970.325928
962.846313
955.190186
947.378601
939.432922
931.375000
923.226807
915.010803
906.749451
898.465332
890.181274
881.919922
873.703857
865.555725
857.497803
849.552124
841.740540
834.084412
826.604736
819.322021
812.256287
805.426819
798.852356
792.550903
786.539795
780.835449
775.453491
770.408752
765.714966
761.385071
757.430908
753.863281
750.691956
747.925720
745.572083
743.637573
742.127319
741.045654
740.395508
740.178528
740.395447
741.045593
742.127258
743.637390
745.571899
747.925537
750.691711
753.862976
757.430542
761.384705
765.714600
770.408325
775.453064
780.834961
786.539307
792.550415
798.851807
805.426270
812.255737
819.321533
826.604248
834.083923
841.740051
849.551697
857.497375
865.555359
873.703552
881.919617
890.181030
898.465149
906.749268
915.010620
923.226685
931.374878
939.432861
947.378601
955.190186
962.846375
970.326050
977.608765
984.674561
991.504028
998.078491
1004.379944
1010.391113
1016.095459
1021.477417
1026.522217
1031.215942
1035.545776
1039.500000
1043.067627
1046.238892
1049.005127
1051.358643
1053.293213
1054.803345
1055.885010
1056.535156
1081.757080
1081.527100
1080.837646
1079.690552
1078.088989
1076.037476
1073.541504
1070.608032
1067.244995
1063.461670
1059.268311
1054.676514
1049.698975
1044.349121
1038.641724
1032.592407
1026.217773
1019.535339
1012.563293
1005.320801
997.827759
990.104675
982.172729
974.053589
965.769592
957.343445
948.798218
940.157349
931.444458
922.683533
913.898499
905.113403
896.352478
887.639587
878.998718
870.453491
862.027283
853.743347
845.624207
837.692261
829.969177
822.476074
815.233643
808.261597
801.579102
795.204468
789.155151
783.447754
778.097961
773.120361
768.528564
764.335266
760.551880
757.188843
754.255310
751.759338
749.707825
748.106323
746.959229
746.269653
746.039612
746.269653
746.959106
748.106201
749.707642
751.759155
754.255066
757.188538
760.551575
764.334900
768.528198
773.119873
778.097473
783.447266
789.154663
795.203918
801.578552
808.260986
815.233032
822.475525
829.968628
837.691711
845.623718
853.742798
862.026855
870.453003
878.998291
887.639221
896.352112
905.113159
913.898193
922.683289
931.444275
940.157227
948.798157
957.343445
965.769592
974.053650
982.172729
990.104736
997.827881
1005.320923
1012.563477
1019.535522
1026.218018
1032.592651
1038.641968
1044.349365
1049.699219
1054.676758
1059.268555
1063.461914
1067.245239
1070.608276
1073.541748
1076.037598
1078.089111
1079.690674
1080.837646
1081.527100
1097.072021
1096.837158
1096.133423
1094.962524
1093.327759
1091.233521
1088.685791
1085.691284
1082.258423
1078.396484
1074.115967
1069.428955
1064.347900
1058.886841
1053.060913
1046.885986
1040.378906
1033.557617
1026.440674
1019.047791
1011.399048
1003.515503
995.418762
987.130981
978.674927
970.073730
961.350952
952.530579
943.636658
934.693726
925.726196
916.758606
907.815674
898.921753
890.101379
881.378601
872.777405
864.321350
856.033569
847.936768
840.053284
832.404541
825.011597
817.894775
811.073425
804.566345
798.391357
792.565430
787.104431
782.023438
777.336243
773.055847
769.193848
765.760986
762.766479
760.218689
758.124512
756.489746
755.318787
754.614990
754.380127
754.614929
755.318726
756.489624
758.124329
760.218506
762.766235
765.760681
769.193542
773.055481
777.335876
782.022949
787.104004
792.564941
798.390869
804.565796
811.072815
817.894104
825.010986
832.403931
840.052673
847.936218
856.033020
864.320801
872.776917
881.378174
890.100952
898.921387
907.815308
916.758301
925.725891
934.693481
943.636475
952.530396
961.350891
970.073669
978.674927
987.131042
995.418823
1003.515625
1011.399170
1019.047913
1026.440918
1033.557739
1040.379150
1046.886230
1053.061157
1058.887085
1064.348145
1069.429077
1074.116211
1078.396729
1082.258545
1085.691528
1088.685913
1091.233765
1093.327881
1094.962646
1096.133423
1096.837280
1065.335205
1065.122559
1064.485107
1063.424805
1061.944336
1060.047974
1057.740723
1055.029053
1051.920166
1048.422852
1044.546631
1040.302002
1035.700806
1030.755371
1025.479492
1019.887634
1013.994934
1007.817688
1001.372803
994.677856
987.751343
980.612183
973.279907
965.774658
958.117004
950.327942
942.428772
934.441162
926.387024
918.288452
910.167603
902.046814
893.948242
885.894104
877.906494
870.007324
862.218262
854.560547
847.055298
839.723083
832.583862
825.657349
818.962463
812.517578
806.340271
800.447632
794.855713
789.579834
784.634460
780.033203
775.788574
771.912292
768.414978
765.306213
762.594482
760.287231
758.390747
756.910339
755.849976
755.212585
754.999939
755.212524
755.849915
756.910217
758.390625
760.287048
762.594238
765.305908
768.414673
771.911987
775.788208
780.032776
784.634033
789.579346
794.855225
800.447144
806.339783
812.516968
818.961914
825.656799
832.583374
839.722534
847.054871
854.560120
862.217834
870.006958
877.906128
885.893738
893.947937
902.046509
910.167419
918.288269
926.386902
934.441040
942.428650
950.327881
958.117004
965.774658
973.279968
980.612244
987.751465
994.678040
1001.372925
1007.817871
1013.995117
1019.887817
1025.479736
1030.755615
1035.701050
1040.302246
1044.546875
1048.423096
1051.920410
1055.029175
1057.740845
1060.048096
1061.944458
1063.424927
1064.485229
1065.122559
997.840271
997.673767
997.174744
996.344482
995.185425
993.700562
991.894043
989.770874
987.336792
984.598511
981.563477
978.240112
974.637451
970.765442
966.634583
962.256287
957.642456
952.805908
947.759705
942.517822
937.094543
931.504822
925.763916
919.887512
913.891785
907.793213
901.608398
895.354370
889.048218
882.707275
876.348938
869.990601
863.649658
857.343506
851.089478
844.904663
838.806091
832.810364
826.933960
821.193054
815.603271
810.180054
804.938171
799.891968
795.055420
790.441589
786.063293
781.932434
778.060364
774.457764
771.134338
768.099365
765.361084
762.927002
760.803772
758.997253
757.512390
756.353271
755.523071
755.023987
754.857483
755.023987
755.523010
756.353210
757.512329
758.997131
760.803589
762.926758
765.360840
768.099121
771.134094
774.457397
778.060059
781.932129
786.062927
790.441223
795.054993
799.891541
804.937744
810.179626
815.602905
821.192688
826.933594
832.809998
838.805725
844.904358
851.089172
857.343262
863.649414
869.990356
876.348755
882.707153
889.048096
895.354248
901.608337
907.793152
913.891785
919.887512
925.763916
931.504883
937.094666
942.517944
947.759827
952.806030
957.642639
962.256409
966.634766
970.765564
974.637634
978.240295
981.563660
984.598633
987.336914
989.770996
991.894165
993.700684
995.185486
996.344604
997.174805
997.673828
1062.204346
1061.998169
1061.380127
1060.352051
1058.916626
1057.077881
1054.840820
1052.211548
1049.197266
1045.806274
1042.047852
1037.932251
1033.470947
1028.675903
1023.560425
1018.138428
1012.424927
1006.435486
1000.186462
993.695129
986.979126
980.057007
972.947693
965.670593
958.245728
950.693420
943.034424
935.289673
927.480408
919.627991
911.754028
903.880066
896.027710
888.218445
880.473694
872.814636
865.262390
857.837524
850.560425
843.451050
836.528931
829.812988
823.321594
817.072632
811.083130
805.369629
799.947693
794.832214
790.037170
785.575806
781.460205
777.701782
774.310791
771.296509
768.667236
766.430115
764.591309
763.155884
762.127808
761.509766
761.303589
761.509766
762.127686
763.155823
764.591187
766.429932
768.666992
771.296265
774.310547
777.701477
781.459900
785.575439
790.036804
794.831787
799.947205
805.369141
811.082642
817.072083
823.321045
829.812439
836.528442
843.450562
850.559937
857.837036
865.261963
872.814270
880.473328
888.218140
896.027405
903.879822
911.753845
919.627808
927.480225
935.289551
943.034302
950.693359
958.245728
965.670593
972.947754
980.057129
986.979248
993.695251
1000.186646
1006.435608
1012.425110
1018.138672
1023.560608
1028.676025
1033.471069
1037.932495
1042.048096
1045.806396
1049.197388
1052.211670
1054.840942
1057.078003
1058.916748
1060.352173
1061.380249
1061.998169
1044.653564
1044.458984
1043.875854
1042.905640
1041.551025
1039.815796
1037.704712
1035.223511
1032.379028
1029.179077
1025.632324
1021.748535
1017.538452
1013.013489
1008.186157
1003.069580
997.677856
992.025757
986.128723
980.002930
973.665222
967.132996
960.424072
953.556824
946.550171
939.423218
932.195557
924.887024
917.517578
910.107483
902.677002
895.246521
887.836426
880.466980
873.158447
865.930786
858.803894
851.797180
844.929993
838.221069
831.688782
825.351074
819.225342
813.328308
807.676147
802.284424
797.167908
792.340515
787.815552
783.605469
779.721680
776.174927
772.974976
770.130432
767.649231
765.538086
763.802917
762.448364
761.478088
760.894897
760.700317
760.894897
761.478027
762.448242
763.802795
765.537964
767.649048
770.130188
772.974670
776.174683
779.721375
783.605103
787.815186
792.340088
797.167480
802.283997
807.675720
813.327820
819.224854
825.350586
831.688293
838.220581
844.929565
851.796753
858.803467
865.930420
873.158081
880.466675
887.836182
895.246277
902.676819
910.107300
917.517456
924.886902
932.195496
939.423218
946.550171
953.556885
960.424072
967.133057
973.665344
980.003052
986.128845
992.025879
997.677979
1003.069763
1008.186340
1013.013672
1017.538635
1021.748779
1025.632446
1029.179199
1032.379150
1035.223755
1037.704834
1039.815918
1041.551147
1042.905640
1043.875854
1044.458984
1023.204163
1023.021057
1022.472290
1021.559265
1020.284546
1018.651611
1016.664917
1014.329956
1011.653137
1008.641785
1005.304077
1001.649292
997.687317
993.429077
988.886292
984.071289
978.997375
973.678406
968.129028
962.364319
956.400146
950.252930
943.939453
937.477051
930.883362
924.176514
917.374878
910.497131
903.562073
896.588745
889.596252
882.603760
875.630432
868.695374
861.817627
855.015991
848.309143
841.715515
835.253052
828.939575
822.792358
816.828186
811.063538
805.514099
800.195129
795.121216
790.306213
785.763428
781.505188
777.543213
773.888428
770.550720
767.539307
764.862488
762.527527
760.540833
758.907898
757.633179
756.720154
756.171326
755.988220
756.171265
756.720093
757.633057
758.907776
760.540710
762.527344
764.862244
767.539063
770.550415
773.888062
777.542908
781.504822
785.763000
790.305847
795.120789
800.194702
805.513611
811.063049
816.827759
822.791870
828.939148
835.252625
841.715088
848.308777
855.015686
861.817322
868.695129
875.630188
882.603516
889.596069
896.588562
903.561951
910.497009
917.374817
924.176453
930.883362
937.477051
943.939514
950.253052
956.400269
962.364441
968.129150
973.678589
978.997559
984.071472
988.886475
993.429260
997.687500
1001.649475
1005.304260
1008.641968
1011.653320
1014.330139
1016.665100
1018.651733
1020.284607
1021.559326
1022.472290
1023.021118
1033.483643
1033.295776
1032.732666
1031.795776
1030.487915
1028.812378
1026.773926
1024.378052
1021.631470
1018.541565
1015.116821
1011.366699
1007.301453
1002.932190
998.270935
993.330383
988.124146
982.666504
976.972412
971.057434
964.937744
958.630249
952.152161
945.521240
938.755615
931.873901
924.894897
917.837830
910.721924
903.566772
896.391968
889.217163
882.062012
874.946106
867.889038
860.910034
854.028320
847.262756
840.631775
834.153687
827.846191
821.726563
815.811523
810.117432
804.659790
799.453552
794.513000
789.851746
785.482483
781.417236
777.667114
774.242371
771.152466
768.405823
766.010010
763.971558
762.296021
760.988037
760.051208
759.488037
759.300171
759.488037
760.051147
760.987915
762.295898
763.971375
766.009827
768.405640
771.152222
774.242126
777.666809
781.416870
785.482117
789.851379
794.512634
799.453125
804.659302
810.116943
815.811035
821.726074
827.845703
834.153259
840.631348
847.262329
854.027954
860.909729
867.888733
874.945862
882.061768
889.216919
896.391785
903.566650
910.721802
917.837708
924.894836
931.873840
938.755615
945.521240
952.152222
958.630310
964.937866
971.057556
976.972534
982.666687
988.124329
993.330566
998.271118
1002.932373
1007.301636
1011.366882
1015.117004
1018.541748
1021.631592
1024.378174
1026.774048
1028.812500
1030.488037
1031.795898
1032.732666
1033.295776
1030.966797
1030.780029
1030.220093
1029.288574
1027.987915
1026.321899
1024.294922
1021.912659
1019.181580
1016.109131
1012.703796
1008.974854
1004.932556
1000.588013
995.953064
991.040466
985.863708
980.436890
974.774902
968.893372
962.808289
956.536438
950.094971
943.501465
936.774109
929.931274
922.991760
915.974548
908.898926
901.784180
894.649902
887.515625
880.400940
873.325256
866.308044
859.368530
852.525696
845.798340
839.204895
832.763367
826.491516
820.406433
814.524902
808.862915
803.436157
798.259338
793.346741
788.711792
784.367249
780.324951
776.596008
773.190674
770.118225
767.387085
765.004761
762.977844
761.311768
760.011230
759.079712
758.519714
758.332886
758.519653
759.079590
760.011108
761.311646
762.977661
765.004639
767.386841
770.117981
773.190369
776.595703
780.324585
784.366882
788.711426
793.346313
798.258911
803.435669
808.862427
814.524414
820.405945
826.491028
832.762939
839.204468
845.797913
852.525330
859.368164
866.307739
873.324951
880.400635
887.515381
894.649719
901.783997
908.898743
915.974487
922.991699
929.931274
936.774109
943.501526
950.094971
956.536499
962.808411
968.893494
974.775085
980.437012
985.863831
991.040649
995.953247
1000.588196
1004.932739
1008.975037
1012.703979
1016.109314
1019.181763
1021.912842
1024.295166
1026.322021
1027.988037
1029.288574
1030.220093
1030.780029
995.055969
994.887024
994.380615
993.538147
992.361938
990.855225
989.022095
986.867615
984.397705
981.619019
978.539307
975.166931
971.511230
967.582092
963.390381
958.947510
954.265747
949.357849
944.237305
938.918152
933.414978
927.742859
921.917297
915.954346
909.870239
903.681763
897.405762
891.059570
884.660522
878.226135
871.774048
865.321960
858.887573
852.488525
846.142334
839.866333
833.677856
827.593811
821.630798
815.805237
810.133118
804.629944
799.310791
794.190247
789.282349
784.600586
780.157715
775.966003
772.036865
768.381104
765.008789
761.929016
759.150391
756.680420
754.525940
752.692810
751.186035
750.009827
749.167358
748.660950
748.492004
748.660950
749.167358
750.009766
751.185974
752.692627
754.525757
756.680237
759.150146
761.928772
765.008484
768.380798
772.036560
775.965637
780.157349
784.600159
789.281921
794.189819
799.310364
804.629517
810.132690
815.804871
821.630432
827.593445
833.677551
839.866028
846.142029
852.488281
858.887329
865.321777
871.773865
878.225952
884.660400
891.059509
897.405701
903.681702
909.870239
915.954346
921.917358
927.742920
933.415100
938.918274
944.237427
949.357971
954.265869
958.947632
963.390503
967.582275
971.511353
975.167114
978.539490
981.619202
984.397827
986.867798
989.022217
990.855347
992.362061
993.538208
994.380676
994.887024
951.831848
951.694214
951.281738
950.595398
949.637207
948.409790
946.916504
945.161377
943.149231
940.885681
938.376831
935.629578
932.651489
929.450623
926.035889
922.416626
918.602661
914.604553
910.433167
906.099976
901.616882
896.996155
892.250488
887.392822
882.436523
877.395142
872.282532
867.112671
861.899719
856.658081
851.401978
846.145874
840.904175
835.691284
830.521423
825.408813
820.367432
815.411133
810.553467
805.807739
801.187012
796.703918
792.370789
788.199402
784.201294
780.387329
776.768005
773.353271
770.152466
767.174377
764.427124
761.918274
759.654663
757.642578
755.887390
754.394104
753.166626
752.208435
751.522156
751.109619
750.971985
751.109619
751.522095
752.208374
753.166565
754.393982
755.887268
757.642395
759.654480
761.918030
764.426880
767.174133
770.152222
773.352966
776.767700
780.386963
784.200928
788.199036
792.370422
796.703613
801.186707
805.807434
810.553162
815.410828
820.367188
825.408569
830.521179
835.691040
840.903992
846.145691
851.401794
856.657959
861.899658
867.112610
872.282471
877.395081
882.436523
887.392822
892.250488
896.996216
901.616943
906.100098
910.433289
914.604614
918.602783
922.416748
926.036072
929.450806
932.651611
935.629700
938.376953
940.885803
943.149353
945.161499
946.916565
948.409912
949.637329
950.595459
951.281738
951.694275
916.101318
915.984924
915.636047
915.055664
914.245361
913.207275
911.944397
910.460083
908.758423
906.844116
904.722351
902.398987
899.880432
897.173462
894.285645
891.224792
887.999329
884.618103
881.090332
877.425781
873.634399
869.726624
865.713196
861.605042
857.413513
853.150024
848.826233
844.454102
840.045532
835.612610
831.167542
826.722412
822.289551
817.880981
813.508789
809.185059
804.921570
800.729980
796.621826
792.608398
788.700623
784.909241
781.244690
777.716980
774.335693
771.110229
768.049377
765.161560
762.454590
759.936035
757.612671
755.490906
753.576599
751.874939
750.390625
749.127686
748.089661
747.279297
746.698914
746.350037
746.233643
746.350037
746.698853
747.279297
748.089600
749.127625
750.390503
751.874817
753.576416
755.490723
757.612488
759.935791
762.454407
765.161316
768.049133
771.109985
774.335449
777.716675
781.244385
784.908997
788.700317
792.608093
796.621582
800.729736
804.921326
809.184814
813.508606
817.880798
822.289368
826.722290
831.167419
835.612488
840.045410
844.454041
848.826233
853.149963
857.413513
861.605103
865.713257
869.726685
873.634460
877.425842
881.090454
884.618164
887.999451
891.224915
894.285767
897.173584
899.880554
902.399109
904.722473
906.844238
908.758545
910.460144
911.944458
913.207397
914.245422
915.055725
915.636108
915.984985
935.927246
935.799255
935.415649
934.777466
933.886536
932.745117
931.356567
929.724487
927.853455
925.748596
923.415649
920.861084
918.091797
915.115417
911.940186
908.574646
905.028137
901.310364
897.431519
893.402161
889.233398
884.936707
880.523804
876.006775
871.398010
866.710144
861.955994
857.148682
852.301331
847.427185
842.539673
837.652161
832.778015
827.930664
823.123291
818.369202
813.681335
809.072571
804.555542
800.142578
795.845886
791.677124
787.647827
783.768982
780.051147
776.504639
773.139160
769.963867
766.987488
764.218262
761.663635
759.330688
757.225830
755.354797
753.722717
752.334106
751.192749
750.301758
749.663574
749.279968
749.151978
749.279968
749.663513
750.301697
751.192688
752.333984
753.722595
755.354614
757.225647
759.330505
761.663391
764.218018
766.987244
769.963623
773.138855
776.504395
780.050842
783.768616
787.647522
791.676819
795.845581
800.142273
804.555237
809.072266
813.681091
818.368958
823.123047
827.930420
832.777832
837.651978
842.539551
847.427063
852.301208
857.148621
861.955994
866.710083
871.398010
876.006775
880.523804
884.936768
889.233521
893.402222
897.431580
901.310486
905.028259
908.574768
911.940308
915.115540
918.091919
920.861206
923.415833
925.748718
927.853577
929.724609
931.356628
932.745239
933.886597
934.777588
935.415710
935.799316
834.196045
834.132019
833.940125
833.620789
833.175049
832.604004
831.909241
831.092651
830.156555
829.103394
827.936218
826.658081
825.272522
823.783386
822.194702
820.510803
818.736389
816.876343
814.935608
812.919617
810.833923
808.684143
806.476257
804.216248
801.910339
799.564880
797.186279
794.781067
792.355774
789.917114
787.471741
785.026428
782.587769
780.162476
777.757263
775.378662
773.033142
770.727295
768.467285
766.259399
764.109619
762.023926
760.007935
758.067200
756.207092
754.432678
752.748840
751.160156
749.671021
748.285461
747.007324
745.840088
744.786987
743.850830
743.034302
742.339539
741.768494
741.322693
741.003357
740.811462
740.747437
740.811462
741.003357
741.322632
741.768433
742.339478
743.034241
743.850769
744.786865
745.840027
747.007202
748.285339
749.670898
751.160034
752.748718
754.432556
756.206970
758.067078
760.007751
762.023743
764.109497
766.259216
768.467163
770.727173
773.033020
775.378540
777.757141
780.162354
782.587646
785.026306
787.471680
789.917053
792.355713
794.781006
797.186279
799.564880
801.910339
804.216248
806.476257
808.684143
810.833923
812.919678
814.935669
816.876343
818.736450
820.510864
822.194763
823.783447
825.272583
826.658142
827.936279
829.103455
830.156616
831.092712
831.909241
832.604004
833.175049
833.620850
833.940125
834.132019
875.349182
875.273865
875.048157
874.672668
874.148438
873.476868
872.659790
871.699524
870.598633
869.360168
867.987488
866.484375
864.854980
863.103699
861.235352
859.255127
857.168396
854.980896
852.698608
850.327759
847.874939
845.346741
842.750244
840.092468
837.380676
834.622375
831.825073
828.996521
826.144348
823.276428
820.400635
817.524902
814.656982
811.804810
808.976257
806.178955
803.420654
800.708862
798.051086
795.454590
792.926392
790.473572
788.102722
785.820435
783.632935
781.546204
779.565979
777.697632
775.946350
774.316956
772.813843
771.441162
770.202698
769.101746
768.141479
767.324402
766.652832
766.128601
765.753113
765.527405
765.452087
765.527344
765.753052
766.128540
766.652832
767.324341
768.141418
769.101685
770.202576
771.441040
772.813721
774.316833
775.946228
777.697510
779.565796
781.546021
783.632751
785.820251
788.102539
790.473389
792.926208
795.454407
798.050903
800.708740
803.420471
806.178833
808.976074
811.804688
814.656860
817.524780
820.400574
823.276367
826.144287
828.996460
831.825073
834.622375
837.380676
840.092468
842.750244
845.346802
847.874939
850.327820
852.698669
854.980957
857.168457
859.255188
861.235474
863.103760
864.855042
866.484436
867.987549
869.360229
870.598694
871.699585
872.659851
873.476929
874.148499
874.672729
875.048218
875.273926
848.112427
848.065552
847.924927
847.691101
847.364563
846.946289
846.437378
845.839294
845.153625
844.382263
843.527283
842.591125
841.576233
840.485474
839.321838
838.088501
836.788757
835.426331
834.004822
832.528198
831.000488
829.425842
827.808594
826.153259
824.464294
822.746277
821.004028
819.242310
817.465881
815.679626
813.888489
812.097351
810.311157
808.534729
806.772949
805.030701
803.312744
801.623779
799.968384
798.351196
796.776550
795.248840
793.772217
792.350708
790.988220
789.688538
788.455200
787.291504
786.200745
785.185913
784.249695
783.394775
782.623413
781.937683
781.339600
780.830688
780.412415
780.085938
779.852051
779.711426
779.664551
779.711426
779.852051
780.085876
780.412415
780.830688
781.339539
781.937622
782.623352
783.394714
784.249634
785.185791
786.200684
787.291443
788.455078
789.688416
790.988098
792.350586
793.772095
795.248718
796.776428
798.351074
799.968262
801.623657
803.312622
805.030640
806.772888
808.534607
810.311096
812.097290
813.888428
815.679626
817.465820
819.242310
821.004028
822.746277
824.464294
826.153259
827.808655
829.425842
831.000488
832.528198
834.004883
835.426331
836.788818
838.088501
839.321899
840.485535
841.576294
842.591125
843.527344
844.382263
845.153687
845.839355
846.437439
846.946289
847.364563
847.691101
847.924988
848.065552
869.734741
869.691895
869.563354
869.349487
869.050903
868.668457
868.203186
867.656311
867.029358
866.324036
865.542358
864.686340
863.758423
862.761047
861.697083
860.569336
859.380981
858.135193
856.835449
855.485291
854.088440
852.648682
851.169983
849.656433
848.112122
846.541260
844.948242
843.337402
841.713135
840.079895
838.442139
836.804443
835.171204
833.546936
831.936035
830.343018
828.772217
827.227905
825.714294
824.235596
822.795837
821.398987
820.048828
818.749084
817.503296
816.314941
815.187256
814.123230
813.125916
812.197998
811.341980
810.560242
809.854919
809.227966
808.681091
808.215820
807.833374
807.534790
807.320984
807.192444
807.149536
807.192383
807.320923
807.534790
807.833313
808.215759
808.681091
809.227905
809.854858
810.560181
811.341919
812.197876
813.125854
814.123169
815.187134
816.314819
817.503235
818.748962
820.048706
821.398865
822.795776
824.235535
825.714233
827.227783
828.772156
830.342957
831.935974
833.546875
835.171143
836.804382
838.442139
840.079834
841.713074
843.337341
844.948242
846.541260
848.112122
849.656433
851.169983
852.648682
854.088440
855.485352
856.835510
858.135254
859.381042
860.569397
861.697144
862.761108
863.758423
864.686401
865.542358
866.324097
867.029419
867.656372
868.203186
868.668518
869.050964
869.349487
869.563354
869.691895
