-336 28.859200 959.371826
-336 31.692387 959.297607
-336 34.517807 959.075256
-336 37.327721 958.705322
-336 40.114422 958.188843
-336 42.870274 957.527222
-336 45.587723 956.722290
-336 48.259315 955.776184
-336 50.877739 954.691650
-336 53.435806 953.471497
-336 55.926514 952.119141
-336 58.343033 950.638306
-336 60.678734 949.033020
-336 62.927223 947.307678
-336 65.082336 945.467041
-336 67.138161 943.516113
-336 69.089066 941.460327
-336 70.929703 939.305176
-336 72.655029 937.056702
-336 74.260323 934.721008
-336 75.741165 932.304504
-336 77.093506 929.813782
-336 78.313644 927.255737
-336 79.398224 924.637329
-336 80.344284 921.965698
-336 81.149231 919.248291
-336 81.810852 916.492432
-336 82.327339 913.705750
-336 82.697266 910.895813
-336 82.919632 908.070374
-336 82.993828 905.237183
-336 82.919640 902.404053
-336 82.697281 899.578613
-336 82.327347 896.768677
-336 81.810867 893.981995
-336 81.149246 891.226135
-336 80.344299 888.508728
-336 79.398247 885.837097
-336 78.313660 883.218689
-336 77.093536 880.660645
-336 75.741196 878.169922
-336 74.260353 875.753418
-336 72.655075 873.417725
-336 70.929749 871.169189
-336 69.089119 869.014099
-336 67.138214 866.958252
-336 65.082397 865.007385
-336 62.927288 863.166748
-336 60.678806 861.441406
-336 58.343109 859.836121
-336 55.926594 858.355286
-336 53.435890 857.002930
-336 50.877827 855.782776
-336 48.259411 854.698181
-336 45.587822 853.752136
-336 42.870377 852.947144
-336 40.114532 852.285522
-336 37.327835 851.769043
-336 34.517925 851.399109
-336 31.692509 851.176758
-336 28.859324 851.102539
-336 26.026138 851.176758
-336 23.200720 851.399109
-336 20.390810 851.769043
-336 17.604111 852.285522
-336 14.848263 852.947144
-336 12.130816 853.752075
-336 9.459221 854.698120
-336 6.840799 855.782654
-336 4.282728 857.002808
-336 1.792021 858.355164
-336 -0.624498 859.835999
-336 -2.960203 861.441284
-336 -5.208698 863.166565
-336 -7.363811 865.007202
-336 -9.419643 866.958130
-336 -11.370552 869.013916
-336 -13.211197 871.169006
-336 -14.936535 873.417480
-336 -16.541836 875.753235
-336 -18.022690 878.169739
-336 -19.375042 880.660461
-336 -20.595192 883.218506
-336 -21.679787 885.836975
-336 -22.625858 888.508545
-336 -23.430809 891.226013
-336 -24.092438 893.981873
-336 -24.608929 896.768555
-336 -24.978867 899.578491
-336 -25.201233 902.403931
-336 -25.275429 905.237122
-336 -25.201241 908.070313
-336 -24.978878 910.895752
-336 -24.608948 913.705688
-336 -24.092457 916.492371
-336 -23.430836 919.248230
-336 -22.625889 921.965698
-336 -21.679825 924.637329
-336 -20.595234 927.255737
-336 -19.375092 929.813843
-336 -18.022739 932.304565
-336 -16.541889 934.721069
-336 -14.936596 937.056763
-336 -13.211262 939.305298
-336 -11.370609 941.460388
-336 -9.419693 943.516235
-336 -7.363861 945.467102
-336 -5.208736 947.307739
-336 -2.960236 949.033081
-336 -0.624519 950.638367
-336 1.792009 952.119202
-336 4.282730 953.471558
-336 6.840813 954.691711
-336 9.459246 955.776245
-336 12.130854 956.722351
-336 14.848312 957.527283
-336 17.604176 958.188904
-336 20.390888 958.705383
-336 23.200811 959.075256
-336 26.026243 959.297607
-306 26.640198 1001.253174
-306 31.270727 1001.131958
-306 35.888565 1000.768494
-306 40.481052 1000.163879
-306 45.035606 999.319763
-306 49.539734 998.238403
-306 53.981098 996.922852
-306 58.347523 995.376587
-306 62.627041 993.603943
-306 66.807922 991.609802
-306 70.878708 989.399536
-306 74.828232 986.979248
-306 78.645676 984.355591
-306 82.320587 981.535767
-306 85.842880 978.527405
-306 89.202896 975.338867
-306 92.391434 971.978882
-306 95.399750 968.456543
-306 98.219604 964.781677
-306 100.843269 960.964233
-306 103.263542 957.014709
-306 105.473793 952.943909
-306 107.467972 948.763062
-306 109.240601 944.483521
-306 110.786835 940.117126
-306 112.102425 935.675720
-306 113.183769 931.171631
-306 114.027908 926.617065
-306 114.632523 922.024597
-306 114.995956 917.406738
-306 115.117210 912.776245
-306 114.995956 908.145691
-306 114.632530 903.527893
-306 114.027924 898.935364
-306 113.183784 894.380859
-306 112.102448 889.876709
-306 110.786858 885.435364
-306 109.240631 881.068909
-306 107.468002 876.789429
-306 105.473839 872.608521
-306 103.263588 868.537781
-306 100.843323 864.588257
-306 98.219666 860.770813
-306 95.399818 857.095886
-306 92.391518 853.573608
-306 89.202980 850.213562
-306 85.842972 847.025024
-306 82.320694 844.016724
-306 78.645798 841.196838
-306 74.828354 838.573181
-306 70.878838 836.152893
-306 66.808060 833.942688
-306 62.627190 831.948486
-306 58.347679 830.175842
-306 53.981262 828.629578
-306 49.539906 827.313965
-306 45.035782 826.232666
-306 40.481239 825.388489
-306 35.888756 824.783875
-306 31.270924 824.420410
-306 26.640402 824.299194
-306 22.009876 824.420410
-306 17.392044 824.783813
-306 12.799561 825.388428
-306 8.245012 826.232544
-306 3.740883 827.313904
-306 -0.700480 828.629456
-306 -5.066904 830.175659
-306 -9.346420 831.948303
-306 -13.527302 833.942505
-306 -17.598087 836.152710
-306 -21.547615 838.572998
-306 -25.365070 841.196655
-306 -29.039978 844.016479
-306 -32.562275 847.024780
-306 -35.922302 850.213257
-306 -39.110847 853.573303
-306 -42.119171 857.095581
-306 -44.939049 860.770508
-306 -47.562729 864.587952
-306 -49.983017 868.537476
-306 -52.193291 872.608276
-306 -54.187485 876.789124
-306 -55.960136 881.068665
-306 -57.506386 885.435120
-306 -58.821991 889.876465
-306 -59.903351 894.380615
-306 -60.747498 898.935181
-306 -61.352112 903.527710
-306 -61.715553 908.145569
-306 -61.836815 912.776123
-306 -61.715561 917.406616
-306 -61.352135 922.024475
-306 -60.747520 926.617004
-306 -59.903381 931.171570
-306 -58.822029 935.675720
-306 -57.506439 940.117065
-306 -55.960205 944.483521
-306 -54.187553 948.763062
-306 -52.193375 952.943970
-306 -49.983101 957.014771
-306 -47.562820 960.964294
-306 -44.939148 964.781738
-306 -42.119278 968.456665
-306 -39.110939 971.978943
-306 -35.922386 975.338989
-306 -32.562355 978.527527
-306 -29.040043 981.535889
-306 -25.365120 984.355713
-306 -21.547653 986.979370
-306 -17.598106 989.399658
-306 -13.527302 991.609863
-306 -9.346401 993.604065
-306 -5.066864 995.376709
-306 -0.700418 996.922913
-306 3.740965 998.238525
-306 8.245115 999.319824
-306 12.799686 1000.163940
-306 17.392193 1000.768555
-306 22.010048 1001.131958
-276 34.926155 1022.075378
-276 40.892998 1021.919128
-276 46.843491 1021.450806
-276 52.761314 1020.671692
-276 58.630257 1019.583984
-276 64.434219 1018.190552
-276 70.157310 1016.495300
-276 75.783829 1014.502808
-276 81.298370 1012.218628
-276 86.685806 1009.648987
-276 91.931366 1006.800842
-276 97.020676 1003.682129
-276 101.939796 1000.301331
-276 106.675232 996.667664
-276 111.214012 992.791199
-276 115.543694 988.682495
-276 119.652412 984.352783
-276 123.528893 979.814026
-276 127.162521 975.078613
-276 130.543335 970.159485
-276 133.662079 965.070129
-276 136.510178 959.824585
-276 139.079849 954.437134
-276 141.364044 948.922607
-276 143.356506 943.296143
-276 145.051758 937.573059
-276 146.445160 931.769043
-276 147.532898 925.900146
-276 148.312012 919.982300
-276 148.780319 914.031860
-276 148.936569 908.065002
-276 148.780334 902.098145
-276 148.312012 896.147705
-276 147.532928 890.229858
-276 146.445190 884.360962
-276 145.051788 878.556946
-276 143.356537 872.833862
-276 141.364075 867.207336
-276 139.079895 861.692810
-276 136.510223 856.305420
-276 133.662140 851.059814
-276 130.543396 845.970520
-276 127.162598 841.051392
-276 123.528976 836.315979
-276 119.652512 831.777222
-276 115.543808 827.447510
-276 111.214134 823.338806
-276 106.675369 819.462341
-276 101.939941 815.828674
-276 97.020836 812.447876
-276 91.931534 809.329102
-276 86.685974 806.481018
-276 81.298553 803.911316
-276 75.784035 801.627136
-276 70.157516 799.634644
-276 64.434441 797.939392
-276 58.630486 796.545959
-276 52.761551 795.458252
-276 46.843735 794.679138
-276 40.893253 794.210815
-276 34.926418 794.054504
-276 28.959579 794.210754
-276 23.009094 794.679077
-276 17.091276 795.458130
-276 11.222340 796.545898
-276 5.418375 797.939270
-276 -0.304714 799.634521
-276 -5.931236 801.626953
-276 -11.445770 803.911133
-276 -16.833202 806.480774
-276 -22.078766 809.328857
-276 -27.168083 812.447571
-276 -32.087204 815.828369
-276 -36.822647 819.461975
-276 -41.361443 823.338440
-276 -45.691132 827.447144
-276 -49.799850 831.776794
-276 -53.676346 836.315552
-276 -57.309998 841.051025
-276 -60.690842 845.970154
-276 -63.809601 851.059448
-276 -66.657730 856.305054
-276 -69.227432 861.692505
-276 -71.511642 867.207031
-276 -73.504120 872.833557
-276 -75.199394 878.556641
-276 -76.592819 884.360657
-276 -77.680580 890.229614
-276 -78.459679 896.147461
-276 -78.928001 902.097961
-276 -79.084259 908.064819
-276 -78.928017 914.031677
-276 -78.459709 919.982178
-276 -77.680611 925.900024
-276 -76.592857 931.769043
-276 -75.199448 937.572998
-276 -73.504189 943.296143
-276 -71.511726 948.922668
-276 -69.227516 954.437195
-276 -66.657837 959.824646
-276 -63.809708 965.070251
-276 -60.690964 970.159546
-276 -57.310127 975.078674
-276 -53.676476 979.814148
-276 -49.799973 984.352905
-276 -45.691238 988.682617
-276 -41.361542 992.791321
-276 -36.822731 996.667847
-276 -32.087273 1000.301453
-276 -27.168129 1003.682251
-276 -22.078789 1006.801025
-276 -16.833199 1009.649109
-276 -11.445744 1012.218750
-276 -5.931183 1014.502991
-276 -0.304634 1016.495422
-276 5.418480 1018.190674
-276 11.222473 1019.584045
-276 17.091438 1020.671753
-276 23.009287 1021.450867
-276 28.959799 1021.919128
-246 30.246988 1055.167480
-246 37.024303 1054.989990
-246 43.783043 1054.458008
-246 50.504681 1053.573120
-246 57.170792 1052.337646
-246 63.763107 1050.754883
-246 70.263557 1048.829468
-246 76.654327 1046.566284
-246 82.917892 1043.971924
-246 89.037102 1041.053223
-246 94.995155 1037.818237
-246 100.775749 1034.275879
-246 106.363022 1030.435791
-246 111.741669 1026.308594
-246 116.896950 1021.905640
-246 121.814720 1017.238831
-246 126.481529 1012.321045
-246 130.884552 1007.165771
-246 135.011734 1001.787109
-246 138.851761 996.199829
-246 142.394119 990.419250
-246 145.629074 984.461182
-246 148.547775 978.341980
-246 151.142227 972.078430
-246 153.405319 965.687683
-246 155.330841 959.187256
-246 156.913513 952.594910
-246 158.149002 945.928833
-246 159.033936 939.207214
-246 159.565857 932.448486
-246 159.743332 925.671143
-246 159.565872 918.893860
-246 159.033951 912.135132
-246 158.149033 905.413513
-246 156.913544 898.747375
-246 155.330872 892.155090
-246 153.405365 885.654602
-246 151.142273 879.263855
-246 148.547836 873.000305
-246 145.629135 866.881104
-246 142.394180 860.923035
-246 138.851837 855.142456
-246 135.011826 849.555176
-246 130.884644 844.176514
-246 126.481644 839.021240
-246 121.814857 834.103455
-246 116.897087 829.436646
-246 111.741829 825.033630
-246 106.363190 820.906494
-246 100.775925 817.066406
-246 94.995346 813.524048
-246 89.037300 810.289124
-246 82.918114 807.370361
-246 76.654556 804.775940
-246 70.263794 802.512817
-246 63.763359 800.587280
-246 57.171051 799.004639
-246 50.504951 797.769104
-246 43.783321 796.884155
-246 37.024593 796.352234
-246 30.247286 796.174744
-246 23.469978 796.352173
-246 16.711246 796.884094
-246 9.989614 797.769043
-246 3.323507 799.004517
-246 -3.268805 800.587158
-246 -9.769255 802.512634
-246 -16.160021 804.775696
-246 -22.423590 807.370117
-246 -28.542795 810.288818
-246 -34.500862 813.523804
-246 -40.281448 817.066101
-246 -45.868736 820.906128
-246 -51.247391 825.033264
-246 -56.402679 829.436279
-246 -61.320465 834.103027
-246 -65.987267 839.020813
-246 -70.390305 844.176086
-246 -74.517517 849.554688
-246 -78.357574 855.142029
-246 -81.899956 860.922607
-246 -85.134941 866.880676
-246 -88.053680 872.999878
-246 -90.648155 879.263489
-246 -92.911270 885.654236
-246 -94.836807 892.154724
-246 -96.419502 898.747070
-246 -97.655006 905.413208
-246 -98.539940 912.134888
-246 -99.071877 918.893616
-246 -99.249352 925.670959
-246 -99.071892 932.448303
-246 -98.539970 939.207031
-246 -97.655045 945.928711
-246 -96.419548 952.594849
-246 -94.836868 959.187195
-246 -92.911346 965.687683
-246 -90.648247 972.078430
-246 -88.053780 978.342041
-246 -85.135056 984.461243
-246 -81.900078 990.419373
-246 -78.357712 996.199951
-246 -74.517662 1001.787231
-246 -70.390457 1007.165894
-246 -65.987404 1012.321167
-246 -61.320587 1017.239014
-246 -56.402794 1021.905762
-246 -51.247482 1026.308838
-246 -45.868813 1030.436035
-246 -40.281509 1034.276001
-246 -34.500885 1037.818359
-246 -28.542788 1041.053345
-246 -22.423559 1043.972046
-246 -16.159964 1046.566528
-246 -9.769167 1048.829590
-246 -3.268686 1050.755005
-246 3.323660 1052.337769
-246 9.989799 1053.573242
-246 16.711464 1054.458130
-246 23.470228 1054.989990
-216 26.285625 1081.632568
-216 34.119606 1081.427490
-216 41.932114 1080.812622
-216 49.701736 1079.789673
-216 57.407181 1078.361572
-216 65.027313 1076.532104
-216 72.541267 1074.306396
-216 79.928436 1071.690430
-216 87.168571 1068.691528
-216 94.241837 1065.317749
-216 101.128830 1061.578369
-216 107.810684 1057.483765
-216 114.269089 1053.045044
-216 120.486328 1048.274292
-216 126.445374 1043.184814
-216 132.129898 1037.790405
-216 137.524307 1032.105957
-216 142.613815 1026.146851
-216 147.384476 1019.929626
-216 151.823212 1013.471191
-216 155.917862 1006.789368
-216 159.657196 999.902344
-216 163.030960 992.829102
-216 166.029922 985.588989
-216 168.645859 978.201843
-216 170.871582 970.687866
-216 172.701004 963.067749
-216 174.129135 955.362305
-216 175.152023 947.592712
-216 175.766891 939.780212
-216 175.972031 931.946228
-216 175.766891 924.112305
-216 175.152039 916.299805
-216 174.129166 908.530151
-216 172.701050 900.824707
-216 170.871628 893.204590
-216 168.645889 885.690674
-216 166.029968 878.303467
-216 163.031021 871.063354
-216 159.657257 863.990112
-216 155.917938 857.103088
-216 151.823303 850.421265
-216 147.384583 843.962891
-216 142.613922 837.745605
-216 137.524445 831.786560
-216 132.130051 826.102051
-216 126.445541 820.707642
-216 120.486511 815.618164
-216 114.269287 810.847473
-216 107.810898 806.408691
-216 101.129044 802.314087
-216 94.242065 798.574707
-216 87.168823 795.200928
-216 79.928696 792.201965
-216 72.541550 789.586060
-216 65.027603 787.360291
-216 57.407478 785.530823
-216 49.702049 784.102722
-216 41.932442 783.079834
-216 34.119942 782.464905
-216 26.285969 782.259766
-216 18.451996 782.464905
-216 10.639495 783.079712
-216 2.869879 784.102600
-216 -4.835556 785.530701
-216 -12.455692 787.360107
-216 -19.969639 789.585815
-216 -27.356804 792.201721
-216 -34.596939 795.200684
-216 -41.670200 798.574402
-216 -48.557201 802.313721
-216 -55.239056 806.408325
-216 -61.697468 810.847046
-216 -67.914719 815.617676
-216 -73.873779 820.707153
-216 -79.558319 826.101563
-216 -84.952728 831.786072
-216 -90.042252 837.745056
-216 -94.812943 843.962341
-216 -99.251724 850.420715
-216 -103.346390 857.102600
-216 -107.085754 863.989624
-216 -110.459549 871.062866
-216 -113.458542 878.303040
-216 -116.074509 885.690247
-216 -118.300262 893.204224
-216 -120.129715 900.824341
-216 -121.557846 908.529846
-216 -122.580750 916.299500
-216 -123.195618 924.112000
-216 -123.400772 931.946045
-216 -123.195633 939.780029
-216 -122.580780 947.592590
-216 -121.557892 955.362244
-216 -120.129776 963.067688
-216 -118.300323 970.687866
-216 -116.074600 978.201843
-216 -113.458649 985.588989
-216 -110.459671 992.829163
-216 -107.085892 999.902466
-216 -103.346527 1006.789490
-216 -99.251877 1013.471375
-216 -94.813110 1019.929810
-216 -90.042419 1026.146973
-216 -84.952881 1032.106079
-216 -79.558456 1037.790649
-216 -73.873917 1043.185059
-216 -67.914825 1048.274536
-216 -61.697559 1053.045166
-216 -55.239124 1057.483887
-216 -48.557232 1061.578613
-216 -41.670200 1065.317871
-216 -34.596905 1068.691650
-216 -27.356739 1071.690674
-216 -19.969536 1074.306519
-216 -12.455551 1076.532227
-216 -4.835381 1078.361694
-216 2.870094 1079.789795
-216 10.639747 1080.812622
-216 18.452286 1081.427490
-186 28.474247 1090.351074
-186 36.636909 1090.137329
-186 44.777199 1089.496582
-186 52.872803 1088.430786
-186 60.901535 1086.942749
-186 68.841385 1085.036621
-186 76.670586 1082.717529
-186 84.367691 1079.991821
-186 91.911591 1076.866943
-186 99.281616 1073.351685
-186 106.457565 1069.455444
-186 113.419769 1065.188965
-186 120.149124 1060.564087
-186 126.627228 1055.593262
-186 132.836288 1050.290161
-186 138.759308 1044.669434
-186 144.380051 1038.746460
-186 149.683090 1032.537354
-186 154.653900 1026.059326
-186 159.278870 1019.329895
-186 163.545319 1012.367676
-186 167.441528 1005.191772
-186 170.956848 997.821777
-186 174.081635 990.277832
-186 176.807312 982.580750
-186 179.126434 974.751587
-186 181.032608 966.811707
-186 182.520660 958.783020
-186 183.586472 950.687439
-186 184.227127 942.547119
-186 184.440872 934.384460
-186 184.227127 926.221802
-186 183.586487 918.081543
-186 182.520691 909.985962
-186 181.032654 901.957214
-186 179.126480 894.017395
-186 176.807358 886.188171
-186 174.081680 878.491089
-186 170.956909 870.947205
-186 167.441605 863.577148
-186 163.545395 856.401245
-186 159.278961 849.439026
-186 154.654007 842.709656
-186 149.683212 836.231567
-186 144.380188 830.022522
-186 138.759460 824.099487
-186 132.836456 818.478760
-186 126.627411 813.175720
-186 120.149338 808.204895
-186 113.419983 803.579956
-186 106.457794 799.313477
-186 99.281860 795.417236
-186 91.911850 791.901917
-186 84.367966 788.777100
-186 76.670876 786.051392
-186 68.841682 783.732300
-186 60.901848 781.826050
-186 52.873131 780.338013
-186 44.777538 779.272217
-186 36.637260 778.631531
-186 28.474606 778.417786
-186 20.311951 778.631470
-186 12.171669 779.272095
-186 4.076073 780.337891
-186 -3.952652 781.825928
-186 -11.892498 783.732117
-186 -19.721699 786.051208
-186 -27.418800 788.776855
-186 -34.962700 791.901611
-186 -42.332729 795.416931
-186 -49.508678 799.313110
-186 -56.470882 803.579529
-186 -63.200253 808.204468
-186 -69.678360 813.175293
-186 -75.887436 818.478271
-186 -81.810471 824.098999
-186 -87.431213 830.021973
-186 -92.734268 836.231018
-186 -97.705124 842.709106
-186 -102.330139 849.438477
-186 -106.596603 856.400696
-186 -110.492859 863.576660
-186 -114.008209 870.946716
-186 -117.133026 878.490662
-186 -119.858734 886.187744
-186 -122.177872 894.016968
-186 -124.084091 901.956848
-186 -125.572144 909.985596
-186 -126.637955 918.081238
-186 -127.278625 926.221558
-186 -127.492386 934.384277
-186 -127.278641 942.546936
-186 -126.638000 950.687256
-186 -125.572189 958.782898
-186 -124.084152 966.811646
-186 -122.177948 974.751526
-186 -119.858826 982.580750
-186 -117.133133 990.277893
-186 -114.008331 997.821838
-186 -110.492996 1005.191895
-186 -106.596756 1012.367859
-186 -102.330292 1019.330078
-186 -97.705292 1026.059448
-186 -92.734451 1032.537598
-186 -87.431381 1038.746582
-186 -81.810623 1044.669678
-186 -75.887573 1050.290405
-186 -69.678467 1055.593506
-186 -63.200352 1060.564209
-186 -56.470943 1065.189209
-186 -49.508709 1069.455688
-186 -42.332722 1073.351929
-186 -34.962666 1076.867188
-186 -27.418728 1079.991943
-186 -19.721592 1082.717651
-186 -11.892353 1085.036743
-186 -3.952469 1086.942871
-186 4.076296 1088.430908
-186 12.171932 1089.496704
-186 20.312252 1090.137329
-156 28.797499 1088.434814
-156 36.886982 1088.222900
-156 44.954292 1087.588013
-156 52.977322 1086.531738
-156 60.934074 1085.057129
-156 68.802734 1083.167969
-156 76.561752 1080.869629
-156 84.189850 1078.168457
-156 91.666122 1075.071655
-156 98.970078 1071.587891
-156 106.081688 1067.726563
-156 112.981476 1063.498291
-156 119.650513 1058.914795
-156 126.070526 1053.988525
-156 132.223923 1048.733032
-156 138.093842 1043.162720
-156 143.664185 1037.292847
-156 148.919693 1031.139404
-156 153.845947 1024.719360
-156 158.429459 1018.050354
-156 162.657654 1011.150574
-156 166.518936 1004.038940
-156 170.002731 996.735046
-156 173.099503 989.258789
-156 175.800751 981.630676
-156 178.099075 973.871704
-156 179.988174 966.002991
-156 181.462875 958.046265
-156 182.519135 950.023254
-156 183.154037 941.955933
-156 183.365875 933.866455
-156 183.154053 925.776978
-156 182.519150 917.709717
-156 181.462906 909.686707
-156 179.988205 901.729919
-156 178.099121 893.861267
-156 175.800797 886.102295
-156 173.099564 878.474182
-156 170.002792 870.997925
-156 166.519012 863.693970
-156 162.657730 856.582336
-156 158.429550 849.682556
-156 153.846054 843.013550
-156 148.919815 836.593506
-156 143.664337 830.440125
-156 138.093994 824.570190
-156 132.224091 818.999878
-156 126.070717 813.744385
-156 119.650711 808.818115
-156 112.981682 804.234619
-156 106.081917 800.006409
-156 98.970314 796.145081
-156 91.666382 792.661255
-156 84.190125 789.564453
-156 76.562042 786.863220
-156 68.803040 784.564880
-156 60.934380 782.675781
-156 52.977646 781.201050
-156 44.954628 780.144775
-156 36.887329 779.509888
-156 28.797853 779.298035
-156 20.708378 779.509827
-156 12.641075 780.144714
-156 4.618055 781.200928
-156 -3.338690 782.675659
-156 -11.207354 784.564697
-156 -18.966364 786.863037
-156 -26.594461 789.564209
-156 -34.070732 792.661011
-156 -41.374687 796.144775
-156 -48.486298 800.006042
-156 -55.386086 804.234192
-156 -62.055130 808.817688
-156 -68.475159 813.743896
-156 -74.628571 818.999390
-156 -80.498505 824.569702
-156 -86.068855 830.439575
-156 -91.324371 836.592957
-156 -96.250656 843.013000
-156 -100.834198 849.682068
-156 -105.062424 856.581848
-156 -108.923752 863.693481
-156 -112.407578 870.997437
-156 -115.504379 878.473755
-156 -118.205658 886.101868
-156 -120.504013 893.860901
-156 -122.393127 901.729553
-156 -123.867844 909.686340
-156 -124.924103 917.709412
-156 -125.559036 925.776733
-156 -125.770874 933.866272
-156 -125.559052 941.955750
-156 -124.924149 950.023071
-156 -123.867889 958.046143
-156 -122.393188 966.002930
-156 -120.504089 973.871643
-156 -118.205750 981.630676
-156 -115.504501 989.258789
-156 -112.407700 996.735107
-156 -108.923889 1004.039063
-156 -105.062576 1011.150696
-156 -100.834366 1018.050476
-156 -96.250832 1024.719604
-156 -91.324554 1031.139648
-156 -86.069016 1037.292969
-156 -80.498650 1043.162964
-156 -74.628708 1048.733276
-156 -68.475273 1053.988770
-156 -62.055222 1058.915039
-156 -55.386147 1063.498535
-156 -48.486336 1067.726807
-156 -41.374680 1071.588013
-156 -34.070694 1075.071777
-156 -26.594393 1078.168579
-156 -18.966261 1080.869873
-156 -11.207209 1083.168091
-156 -3.338507 1085.057251
-156 4.618277 1086.531860
-156 12.641335 1087.588135
-156 20.708675 1088.223022
-126 20.525728 1052.348389
-126 27.519764 1052.165283
-126 34.494629 1051.616333
-126 41.431206 1050.703125
-126 48.310478 1049.428101
-126 55.113602 1047.794800
-126 61.821915 1045.807739
-126 68.417046 1043.472290
-126 74.880905 1040.794800
-126 81.195778 1037.782837
-126 87.344360 1034.444336
-126 93.309799 1030.788818
-126 99.075737 1026.825928
-126 104.626381 1022.566772
-126 109.946518 1018.022949
-126 115.021545 1013.206909
-126 119.837578 1008.131897
-126 124.381393 1002.811768
-126 128.640549 997.261108
-126 132.603378 991.495178
-126 136.259003 985.529724
-126 139.597412 979.381165
-126 142.609451 973.066284
-126 145.286865 966.602478
-126 147.622314 960.007324
-126 149.609406 953.299011
-126 151.242691 946.495911
-126 152.517700 939.616638
-126 153.430908 932.680054
-126 153.979843 925.705200
-126 154.162994 918.711182
-126 153.979858 911.717163
-126 153.430923 904.742310
-126 152.517715 897.805725
-126 151.242722 890.926453
-126 149.609451 884.123352
-126 147.622360 877.415039
-126 145.286911 870.819946
-126 142.609497 864.356079
-126 139.597473 858.041199
-126 136.259079 851.892639
-126 132.603455 845.927185
-126 128.640640 840.161255
-126 124.381493 834.610596
-126 119.837692 829.290466
-126 115.021675 824.215454
-126 109.946655 819.399414
-126 104.626541 814.855591
-126 99.075912 810.596436
-126 93.309982 806.633606
-126 87.344559 802.977966
-126 81.195992 799.639526
-126 74.881126 796.627502
-126 68.417274 793.950073
-126 61.822166 791.614624
-126 55.113853 789.627502
-126 48.310749 787.994202
-126 41.431480 786.719177
-126 34.494915 785.805969
-126 27.520061 785.257019
-126 20.526035 785.073853
-126 13.532008 785.256958
-126 6.557151 785.805908
-126 -0.379419 786.719116
-126 -7.258690 787.994080
-126 -14.061808 789.627319
-126 -20.770121 791.614441
-126 -27.365248 793.949829
-126 -33.829109 796.627258
-126 -40.143990 799.639282
-126 -46.292572 802.977661
-126 -52.258011 806.633240
-126 -58.023964 810.596069
-126 -63.574615 814.855225
-126 -68.894753 819.398987
-126 -73.969795 824.215027
-126 -78.785828 829.290039
-126 -83.329659 834.610107
-126 -87.588852 840.160767
-126 -91.551704 845.926697
-126 -95.207359 851.892151
-126 -98.545792 858.040771
-126 -101.557861 864.355652
-126 -104.235306 870.819519
-126 -106.570786 877.414673
-126 -108.557892 884.122986
-126 -110.191208 890.926147
-126 -111.466217 897.805420
-126 -112.379440 904.742065
-126 -112.928391 911.716919
-126 -113.111542 918.710999
-126 -112.928406 925.705078
-126 -112.379471 932.679932
-126 -111.466263 939.616516
-126 -110.191254 946.495850
-126 -108.557953 953.299011
-126 -106.570862 960.007324
-126 -104.235397 966.602478
-126 -101.557968 973.066345
-126 -98.545914 979.381226
-126 -95.207481 985.529846
-126 -91.551842 991.495300
-126 -87.588997 997.261292
-126 -83.329819 1002.811890
-126 -78.785973 1008.132080
-126 -73.969925 1013.207092
-126 -68.894875 1018.023132
-126 -63.574707 1022.566956
-126 -58.024040 1026.826172
-126 -52.258072 1030.788940
-126 -46.292603 1034.444580
-126 -40.143982 1037.782959
-126 -33.829079 1040.795044
-126 -27.365187 1043.472412
-126 -20.770029 1045.807861
-126 -14.061686 1047.794922
-126 -7.258533 1049.428223
-126 -0.379229 1050.703125
-126 6.557376 1051.616333
-126 13.532267 1052.165283
-96 21.986870 1054.791504
-96 29.042210 1054.606812
-96 36.078213 1054.053101
-96 43.075592 1053.131836
-96 50.015167 1051.845703
-96 56.877918 1050.198120
-96 63.645035 1048.193604
-96 70.297974 1045.837646
-96 76.818489 1043.136719
-96 83.188721 1040.098267
-96 89.391197 1036.730591
-96 95.408928 1033.042969
-96 101.225410 1029.045410
-96 106.824707 1024.748901
-96 112.191467 1020.165283
-96 117.310982 1015.307007
-96 122.169228 1010.187500
-96 126.752876 1004.820740
-96 131.049362 999.221436
-96 135.046936 993.404968
-96 138.734589 987.387207
-96 142.102264 981.184753
-96 145.140701 974.814514
-96 147.841583 968.294006
-96 150.197510 961.641113
-96 152.202026 954.874023
-96 153.849609 948.011230
-96 155.135803 941.071655
-96 156.057037 934.074341
-96 156.610779 927.038330
-96 156.795532 919.982971
-96 156.610779 912.927673
-96 156.057037 905.891663
-96 155.135834 898.894287
-96 153.849640 891.954712
-96 152.202057 885.091980
-96 150.197540 878.324829
-96 147.841644 871.671936
-96 145.140747 865.151428
-96 142.102325 858.781189
-96 138.734665 852.578735
-96 135.046997 846.560974
-96 131.049469 840.744507
-96 126.752975 835.145203
-96 122.169350 829.778442
-96 117.311119 824.658936
-96 112.191612 819.800659
-96 106.824867 815.217041
-96 101.225586 810.920532
-96 95.409111 806.922974
-96 89.391396 803.235291
-96 83.188934 799.867615
-96 76.818710 796.829163
-96 70.298203 794.128296
-96 63.645287 791.772339
-96 56.878178 789.767822
-96 50.015438 788.120239
-96 43.075874 786.833984
-96 36.078503 785.912781
-96 29.042511 785.359009
-96 21.987179 785.174255
-96 14.931847 785.359009
-96 7.895851 785.912720
-96 0.898479 786.833923
-96 -6.041092 788.120117
-96 -12.903839 789.767700
-96 -19.670956 791.772156
-96 -26.323891 794.128052
-96 -32.844410 796.828918
-96 -39.214642 799.867371
-96 -45.417122 803.234985
-96 -51.434853 806.922668
-96 -57.251335 810.920166
-96 -62.850639 815.216675
-96 -68.217415 819.800293
-96 -73.336945 824.658508
-96 -78.195190 829.778015
-96 -82.778854 835.144714
-96 -87.075378 840.744019
-96 -91.072968 846.560547
-96 -94.760666 852.578247
-96 -98.128365 858.780762
-96 -101.166832 865.151001
-96 -103.867744 871.671509
-96 -106.223701 878.324463
-96 -108.228218 885.091614
-96 -109.875847 891.954407
-96 -111.162041 898.893982
-96 -112.083275 905.891418
-96 -112.637016 912.927429
-96 -112.821785 919.982788
-96 -112.637032 927.038147
-96 -112.083305 934.074158
-96 -111.162071 941.071594
-96 -109.875893 948.011169
-96 -108.228294 954.873962
-96 -106.223778 961.641113
-96 -103.867844 968.294067
-96 -101.166939 974.814575
-96 -98.128479 981.184814
-96 -94.760788 987.387329
-96 -91.073105 993.405090
-96 -87.075531 999.221558
-96 -82.779015 1004.820923
-96 -78.195335 1010.187683
-96 -73.337074 1015.307190
-96 -68.217537 1020.165405
-96 -62.850739 1024.749146
-96 -57.251419 1029.045532
-96 -51.434906 1033.043091
-96 -45.417145 1036.730835
-96 -39.214634 1040.098511
-96 -32.844376 1043.136963
-96 -26.323830 1045.837769
-96 -19.670864 1048.193726
-96 -12.903717 1050.198242
-96 -6.040932 1051.845825
-96 0.898672 1053.131958
-96 7.896078 1054.053101
-96 14.932107 1054.606812
-66 28.375408 1083.942871
-66 35.964458 1083.744141
-66 43.532711 1083.148560
-66 51.059418 1082.157715
-66 58.523949 1080.774170
-66 65.905838 1079.001953
-66 73.184868 1076.845825
-66 80.341072 1074.311646
-66 87.354843 1071.406494
-66 94.206970 1068.138184
-66 100.878632 1064.515747
-66 107.351593 1060.549072
-66 113.608063 1056.249146
-66 119.630920 1051.627686
-66 125.403671 1046.697266
-66 130.910446 1041.471558
-66 136.136215 1035.964722
-66 141.066589 1030.192017
-66 145.688095 1024.169067
-66 149.988052 1017.912598
-66 153.954681 1011.439697
-66 157.577103 1004.768005
-66 160.845398 997.915894
-66 163.750595 990.902161
-66 166.284744 983.745972
-66 168.440887 976.466919
-66 170.213120 969.085022
-66 171.596588 961.620544
-66 172.587494 954.093811
-66 173.183136 946.525574
-66 173.381866 938.936523
-66 173.183151 931.347473
-66 172.587524 923.779236
-66 171.596619 916.252563
-66 170.213150 908.788025
-66 168.440918 901.406128
-66 166.284790 894.127136
-66 163.750641 886.970947
-66 160.845459 879.957153
-66 157.577179 873.105042
-66 153.954773 866.433350
-66 149.988144 859.960449
-66 145.688202 853.703979
-66 141.066711 847.681091
-66 136.136337 841.908325
-66 130.910599 836.401550
-66 125.403824 831.175781
-66 119.631104 826.245422
-66 113.608246 821.623901
-66 107.351791 817.323975
-66 100.878845 813.357300
-66 94.207184 809.734863
-66 87.355087 806.466553
-66 80.341324 803.561401
-66 73.185135 801.027222
-66 65.906120 798.871033
-66 58.524239 797.098816
-66 51.059719 795.715332
-66 43.533024 794.724365
-66 35.964783 794.128784
-66 28.375742 793.929993
-66 20.786697 794.128723
-66 13.218454 794.724365
-66 5.691755 795.715210
-66 -1.772770 797.098694
-66 -9.154659 798.870911
-66 -16.433685 801.026978
-66 -23.589890 803.561157
-66 -30.603664 806.466309
-66 -37.455776 809.734619
-66 -44.127453 813.356995
-66 -50.600407 817.323608
-66 -56.856892 821.623535
-66 -62.879765 826.244995
-66 -68.652512 831.175354
-66 -74.159317 836.401062
-66 -79.385071 841.907837
-66 -84.315475 847.680542
-66 -88.937012 853.703430
-66 -93.237015 859.959961
-66 -97.203659 866.432861
-66 -100.826111 873.104553
-66 -104.094437 879.956726
-66 -106.999664 886.970520
-66 -109.533829 894.126709
-66 -111.690002 901.405762
-66 -113.462250 908.787720
-66 -114.845734 916.252258
-66 -115.836655 923.778992
-66 -116.432297 931.347229
-66 -116.631042 938.936340
-66 -116.432327 946.525391
-66 -115.836700 954.093689
-66 -114.845779 961.620422
-66 -113.462311 969.084961
-66 -111.690063 976.466919
-66 -109.533920 983.745972
-66 -106.999756 990.902161
-66 -104.094543 997.915955
-66 -100.826248 1004.768127
-66 -97.203796 1011.439819
-66 -93.237152 1017.912781
-66 -88.937180 1024.169312
-66 -84.315643 1030.192139
-66 -79.385223 1035.964844
-66 -74.159454 1041.471680
-66 -68.652649 1046.697510
-66 -62.879864 1051.627808
-66 -56.856976 1056.249390
-66 -50.600468 1060.549316
-66 -44.127483 1064.515869
-66 -37.455776 1068.138306
-66 -30.603630 1071.406616
-66 -23.589825 1074.311768
-66 -16.433586 1076.845947
-66 -9.154526 1079.002075
-66 -1.772598 1080.774292
-66 5.691963 1082.157715
-66 13.218699 1083.148682
-66 20.786978 1083.744263
-36 37.574512 1085.563599
-36 45.412121 1085.358398
-36 53.228249 1084.743286
-36 61.001469 1083.719849
-36 68.710480 1082.291138
-36 76.334137 1080.460815
-36 83.851578 1078.234131
-36 91.242157 1075.616943
-36 98.485641 1072.616577
-36 105.562180 1069.241211
-36 112.452362 1065.500122
-36 119.137314 1061.403564
-36 125.598709 1056.962891
-36 131.818832 1052.189941
-36 137.780640 1047.098145
-36 143.467789 1041.701172
-36 148.864700 1036.014038
-36 153.956558 1030.052246
-36 158.729431 1023.832092
-36 163.170227 1017.370728
-36 167.266754 1010.685791
-36 171.007828 1003.795593
-36 174.383148 996.719055
-36 177.383499 989.475586
-36 180.000641 982.085022
-36 182.227402 974.567566
-36 184.057678 966.943909
-36 185.486465 959.234924
-36 186.509827 951.461731
-36 187.124969 943.645630
-36 187.330215 935.807983
-36 187.124985 927.970398
-36 186.509857 920.154297
-36 185.486496 912.381104
-36 184.057709 904.672058
-36 182.227448 897.048401
-36 180.000687 889.531006
-36 177.383560 882.140381
-36 174.383209 874.896912
-36 171.007889 867.820374
-36 167.266846 860.930237
-36 163.170319 854.245239
-36 158.729538 847.783875
-36 153.956680 841.563782
-36 148.864838 835.601929
-36 143.467941 829.914795
-36 137.780807 824.517883
-36 131.819016 819.426025
-36 125.598907 814.653137
-36 119.137527 810.212341
-36 112.452591 806.115784
-36 105.562408 802.374756
-36 98.485901 798.999390
-36 91.242416 795.999023
-36 83.851852 793.381836
-36 76.334427 791.155090
-36 68.710777 789.324829
-36 61.001778 787.895996
-36 53.228569 786.872620
-36 45.412457 786.257446
-36 37.574856 786.052246
-36 29.737257 786.257446
-36 21.921139 786.872559
-36 14.147924 787.895874
-36 6.438921 789.324646
-36 -1.184742 791.154907
-36 -8.702168 793.381653
-36 -16.092754 795.998779
-36 -23.336243 798.999146
-36 -30.412777 802.374390
-36 -37.302967 806.115479
-36 -43.987919 810.211975
-36 -50.449314 814.652771
-36 -56.669453 819.425598
-36 -62.631268 824.517456
-36 -68.318436 829.914307
-36 -73.715347 835.601440
-36 -78.807220 841.563232
-36 -83.580124 847.783325
-36 -88.020950 854.244751
-36 -92.117523 860.929688
-36 -95.858627 867.819946
-36 -99.233994 874.896484
-36 -102.234375 882.139954
-36 -104.851532 889.530579
-36 -107.078323 897.048035
-36 -108.908630 904.671692
-36 -110.337418 912.380737
-36 -111.360794 920.153992
-36 -111.975952 927.970154
-36 -112.181198 935.807800
-36 -111.975967 943.645447
-36 -111.360840 951.461548
-36 -110.337463 959.234802
-36 -108.908676 966.943848
-36 -107.078400 974.567566
-36 -104.851624 982.085022
-36 -102.234482 989.475586
-36 -99.234100 996.719116
-36 -95.858765 1003.795654
-36 -92.117676 1010.685913
-36 -88.021103 1017.370850
-36 -83.580292 1023.832275
-36 -78.807404 1030.052368
-36 -73.715500 1036.014160
-36 -68.318573 1041.701416
-36 -62.631405 1047.098267
-36 -56.669559 1052.190186
-36 -50.449406 1056.963013
-36 -43.987980 1061.403809
-36 -37.302998 1065.500366
-36 -30.412777 1069.241455
-36 -23.336205 1072.616699
-36 -16.092686 1075.617065
-36 -8.702065 1078.234253
-36 -1.184605 1080.460938
-36 6.439098 1082.291260
-36 14.148140 1083.719971
-36 21.921391 1084.743286
-36 29.737545 1085.358398
-6 41.064945 1116.238281
-6 49.658302 1116.013184
-6 58.228104 1115.338745
-6 66.750870 1114.216797
-6 75.203217 1112.650146
-6 83.562004 1110.643433
-6 91.804306 1108.201904
-6 99.907539 1105.332397
-6 107.849487 1102.042725
-6 115.608383 1098.341919
-6 123.162964 1094.240234
-6 130.492508 1089.748657
-6 137.576950 1084.879639
-6 144.396851 1079.646484
-6 150.933533 1074.063721
-6 157.169067 1068.146362
-6 163.086380 1061.910767
-6 168.669235 1055.374146
-6 173.902328 1048.554199
-6 178.771332 1041.469849
-6 183.262878 1034.140259
-6 187.364670 1026.585693
-6 191.065475 1018.826782
-6 194.355133 1010.884888
-6 197.224640 1002.781616
-6 199.666122 994.539368
-6 201.672882 986.180542
-6 203.239441 977.728210
-6 204.361481 969.205444
-6 205.035950 960.635681
-6 205.260971 952.042297
-6 205.035950 943.448975
-6 204.361496 934.879211
-6 203.239471 926.356445
-6 201.672913 917.904114
-6 199.666168 909.545288
-6 197.224686 901.303040
-6 194.355194 893.199768
-6 191.065536 885.257813
-6 187.364761 877.498962
-6 183.262970 869.944397
-6 178.771423 862.614807
-6 173.902435 855.530396
-6 168.669357 848.710510
-6 163.086533 842.173828
-6 157.169235 835.938293
-6 150.933716 830.020996
-6 144.397049 824.438110
-6 137.577164 819.205017
-6 130.492737 814.335999
-6 123.163208 809.844421
-6 115.608643 805.742676
-6 107.849762 802.041809
-6 99.907829 798.752136
-6 91.804611 795.882629
-6 83.562325 793.441162
-6 75.203552 791.434326
-6 66.751205 789.867798
-6 58.228462 788.745728
-6 49.658669 788.071289
-6 41.065323 787.846191
-6 32.471977 788.071228
-6 23.902180 788.745667
-6 15.379429 789.867676
-6 6.927078 791.434204
-6 -1.431702 793.440918
-6 -9.674004 795.882385
-6 -17.777233 798.751892
-6 -25.719181 802.041504
-6 -33.478077 805.742310
-6 -41.032658 809.844055
-6 -48.362217 814.335571
-6 -55.446659 819.204590
-6 -62.266575 824.437622
-6 -68.803268 830.020447
-6 -75.038818 835.937744
-6 -80.956131 842.173279
-6 -86.539001 848.709900
-6 -91.772141 855.529846
-6 -96.641174 862.614258
-6 -101.132767 869.943848
-6 -105.234604 877.498413
-6 -108.935440 885.257324
-6 -112.225128 893.199280
-6 -115.094666 901.302551
-6 -117.536163 909.544861
-6 -119.542953 917.903687
-6 -121.109528 926.356079
-6 -122.231583 934.878845
-6 -122.906052 943.448669
-6 -123.131088 952.042053
-6 -122.906067 960.635498
-6 -122.231613 969.205322
-6 -121.109573 977.728088
-6 -119.543015 986.180481
-6 -117.536240 994.539307
-6 -115.094757 1002.781616
-6 -112.225250 1010.884888
-6 -108.935562 1018.826843
-6 -105.234741 1026.585815
-6 -101.132919 1034.140381
-6 -96.641342 1041.469971
-6 -91.772324 1048.554443
-6 -86.539200 1055.374268
-6 -80.956299 1061.911011
-6 -75.038971 1068.146606
-6 -68.803406 1074.063843
-6 -62.266689 1079.646729
-6 -55.446758 1084.879883
-6 -48.362286 1089.748779
-6 -41.032696 1094.240356
-6 -33.478077 1098.342163
-6 -25.719143 1102.042969
-6 -17.777161 1105.332642
-6 -9.673893 1108.202148
-6 -1.431553 1110.643555
-6 6.927273 1112.650269
-6 15.379663 1114.216797
-6 23.902456 1115.338867
-6 32.472290 1116.013306
24 55.382149 1187.286377
24 65.538887 1187.020386
24 75.667786 1186.223267
24 85.741089 1184.897095
24 95.731171 1183.045532
24 105.610657 1180.673706
24 115.352478 1177.788086
24 124.929924 1174.396484
24 134.316742 1170.508301
24 143.487213 1166.134277
24 152.416183 1161.286133
24 161.079193 1155.977539
24 169.452499 1150.222656
24 177.513138 1144.037598
24 185.239044 1137.438965
24 192.609009 1130.445190
24 199.602844 1123.075195
24 206.201355 1115.349365
24 212.386505 1107.288696
24 218.141327 1098.915405
24 223.450043 1090.252319
24 228.298065 1081.323364
24 232.672150 1072.152954
24 236.560303 1062.766113
24 239.951843 1053.188721
24 242.837494 1043.446899
24 245.209351 1033.567383
24 247.060913 1023.577332
24 248.387085 1013.504028
24 249.184265 1003.375183
24 249.450226 993.218445
24 249.184265 983.061707
24 248.387115 972.932800
24 247.060944 962.859497
24 245.209381 952.869446
24 242.837555 942.989990
24 239.951904 933.248169
24 236.560364 923.670715
24 232.672241 914.283936
24 228.298157 905.113464
24 223.450134 896.184448
24 218.141449 887.521484
24 212.386658 879.148193
24 206.201508 871.087524
24 199.603027 863.361633
24 192.609192 855.991699
24 185.239258 848.997803
24 177.513367 842.399292
24 169.452759 836.214111
24 161.079468 830.459351
24 152.416473 825.150635
24 143.487518 820.302551
24 134.317078 815.928467
24 124.930267 812.040283
24 115.352844 808.648743
24 105.611038 805.763062
24 95.731560 803.391174
24 85.741493 801.539612
24 75.668205 800.213440
24 65.539322 799.416260
24 55.382595 799.150269
24 45.225868 799.416199
24 35.096977 800.213318
24 25.023689 801.539490
24 15.033611 803.390991
24 5.154121 805.762817
24 -4.587692 808.648438
24 -14.165138 812.039978
24 -23.551956 815.928101
24 -32.722420 820.302185
24 -41.651398 825.150146
24 -50.314415 830.458862
24 -58.687721 836.213623
24 -66.748383 842.398743
24 -74.474281 848.997253
24 -81.844276 855.991028
24 -88.838112 863.360962
24 -95.436668 871.086853
24 -101.621864 879.147461
24 -107.376732 887.520813
24 -112.685463 896.183838
24 -117.533531 905.112793
24 -121.907661 914.283325
24 -125.795845 923.670166
24 -129.187439 933.247620
24 -132.073120 942.989441
24 -134.445007 952.868958
24 -136.296570 962.859131
24 -137.622772 972.932434
24 -138.419952 983.061340
24 -138.685913 993.218140
24 -138.419952 1003.374939
24 -137.622803 1013.503845
24 -136.296631 1023.577209
24 -134.445068 1033.567261
24 -132.073212 1043.446777
24 -129.187561 1053.188721
24 -125.795982 1062.766113
24 -121.907814 1072.152954
24 -117.533714 1081.323486
24 -112.685646 1090.252563
24 -107.376915 1098.915527
24 -101.622078 1107.288818
24 -95.436897 1115.349487
24 -88.838326 1123.075439
24 -81.844460 1130.445435
24 -74.474464 1137.439209
24 -66.748520 1144.037842
24 -58.687843 1150.222900
24 -50.314499 1155.977783
24 -41.651443 1161.286499
24 -32.722420 1166.134521
24 -23.551910 1170.508545
24 -14.165047 1174.396729
24 -4.587559 1177.788208
24 5.154301 1180.673828
24 15.033836 1183.045654
24 25.023966 1184.897217
24 35.097305 1186.223389
24 45.226242 1187.020508
54 54.287304 1143.912598
54 63.312061 1143.676270
54 72.312088 1142.967896
54 81.262703 1141.789551
54 90.139381 1140.144287
54 98.917793 1138.036865
54 107.573875 1135.472778
54 116.083900 1132.459229
54 124.424545 1129.004395
54 132.572952 1125.117798
54 140.506790 1120.810059
54 148.204300 1116.093018
54 155.644379 1110.979614
54 162.806656 1105.483765
54 169.671494 1099.620728
54 176.220062 1093.406372
54 182.434433 1086.857788
54 188.297562 1079.992920
54 193.793365 1072.830688
54 198.906799 1065.390503
54 203.623840 1057.692993
54 207.931549 1049.759277
54 211.818130 1041.610840
54 215.272949 1033.270142
54 218.286499 1024.760132
54 220.850540 1016.104126
54 222.958054 1007.325684
54 224.603256 998.449036
54 225.781631 989.498413
54 226.489944 980.498413
54 226.726273 971.473694
54 226.489960 962.448914
54 225.781647 953.448914
54 224.603287 944.498291
54 222.958099 935.621643
54 220.850601 926.843201
54 218.286560 918.187134
54 215.273010 909.677124
54 211.818207 901.336487
54 207.931641 893.188110
54 203.623932 885.254272
54 198.906906 877.556763
54 193.793488 870.116699
54 188.297684 862.954407
54 182.434601 856.089539
54 176.220245 849.541016
54 169.671677 843.326599
54 162.806870 837.463501
54 155.644608 831.967651
54 148.204529 826.854248
54 140.507050 822.137207
54 132.573227 817.829468
54 124.424835 813.942871
54 116.084206 810.488037
54 107.574196 807.474487
54 98.918121 804.910400
54 90.139725 802.802856
54 81.263062 801.157654
54 72.312454 799.979248
54 63.312447 799.270935
54 54.287701 799.034607
54 45.262951 799.270935
54 36.262939 799.979187
54 27.312328 801.157532
54 18.435654 802.802734
54 9.657249 804.910217
54 1.001167 807.474243
54 -7.508858 810.487793
54 -15.849506 813.942566
54 -23.997913 817.829102
54 -31.931744 822.136841
54 -39.629261 826.853821
54 -47.069355 831.967224
54 -54.231640 837.463013
54 -61.096485 843.326111
54 -67.645081 849.540405
54 -73.859451 856.088989
54 -79.722580 862.953796
54 -85.218430 870.116089
54 -90.331909 877.556152
54 -95.048981 885.253662
54 -99.356735 893.187500
54 -103.243362 901.335938
54 -106.698196 909.676636
54 -109.711792 918.186646
54 -112.275864 926.842773
54 -114.383392 935.621216
54 -116.028610 944.497925
54 -117.206985 953.448547
54 -117.915314 962.448608
54 -118.151657 971.473389
54 -117.915344 980.498169
54 -117.207031 989.498230
54 -116.028656 998.448914
54 -114.383453 1007.325623
54 -112.275940 1016.104065
54 -109.711884 1024.760132
54 -106.698318 1033.270264
54 -103.243484 1041.610840
54 -99.356888 1049.759277
54 -95.049149 1057.693237
54 -90.332077 1065.390747
54 -85.218628 1072.830811
54 -79.722794 1079.993164
54 -73.859634 1086.857910
54 -67.645233 1093.406494
54 -61.096638 1099.620972
54 -54.231762 1105.484009
54 -47.069454 1110.979858
54 -39.629330 1116.093262
54 -31.931782 1120.810303
54 -23.997906 1125.118042
54 -15.849461 1129.004639
54 -7.508781 1132.459473
54 1.001286 1135.472900
54 9.657406 1138.036987
54 18.435856 1140.144531
54 27.312576 1141.789673
54 36.263229 1142.968018
54 45.263283 1143.676270
84 47.244480 1117.016357
84 55.556049 1116.798828
84 63.844837 1116.146484
84 72.088127 1115.061157
84 80.263321 1113.546021
84 88.348007 1111.604980
84 96.320038 1109.243652
84 104.157547 1106.468262
84 111.839066 1103.286377
84 119.343552 1099.707031
84 126.650391 1095.739624
84 133.739609 1091.395386
84 140.591736 1086.686035
84 147.188004 1081.624512
84 153.510345 1076.224731
84 159.541397 1070.501465
84 165.264679 1064.470459
84 170.664459 1058.148071
84 175.725952 1051.551880
84 180.435287 1044.699707
84 184.779556 1037.610474
84 188.746857 1030.303711
84 192.326294 1022.799194
84 195.508087 1015.117676
84 198.283493 1007.280151
84 200.644913 999.308167
84 202.585876 991.223450
84 204.101059 983.048279
84 205.186310 974.804993
84 205.838654 966.516235
84 206.056305 958.204651
84 205.838669 949.893127
84 205.186325 941.604309
84 204.101089 933.361084
84 202.585907 925.185852
84 200.644958 917.101196
84 198.283539 909.129150
84 195.508148 901.291687
84 192.326370 893.610168
84 188.746933 886.105713
84 184.779648 878.798828
84 180.435379 871.709595
84 175.726059 864.857483
84 170.664581 858.261230
84 165.264816 851.938904
84 159.541565 845.907837
84 153.510513 840.184570
84 147.188187 834.784790
84 140.591934 829.723267
84 133.739822 825.013916
84 126.650635 820.669678
84 119.343796 816.702332
84 111.839340 813.122864
84 104.157829 809.941101
84 96.320328 807.165649
84 88.348312 804.804199
84 80.263641 802.863281
84 72.088455 801.348022
84 63.845181 800.262817
84 55.556404 799.610413
84 47.244846 799.392761
84 38.933285 799.610413
84 30.644505 800.262695
84 22.401226 801.347900
84 14.226040 802.863098
84 6.141354 804.804077
84 -1.830673 807.165405
84 -9.668186 809.940796
84 -17.349705 813.122559
84 -24.854183 816.702026
84 -32.161037 820.669312
84 -39.250248 825.013550
84 -46.102383 829.722839
84 -52.698666 834.784302
84 -59.021008 840.184082
84 -65.052094 845.907288
84 -70.775360 851.938354
84 -76.175156 858.260681
84 -81.236694 864.856934
84 -85.946075 871.709106
84 -90.290375 878.798279
84 -94.257706 886.105164
84 -97.837189 893.609680
84 -101.019012 901.291199
84 -103.794449 909.128723
84 -106.155899 917.100769
84 -108.096878 925.185486
84 -109.612076 933.360718
84 -110.697342 941.604004
84 -111.349686 949.892822
84 -111.567352 958.204468
84 -111.349716 966.516052
84 -110.697372 974.804871
84 -109.612122 983.048157
84 -108.096939 991.223389
84 -106.155975 999.308105
84 -103.794540 1007.280151
84 -101.019119 1015.117676
84 -97.837311 1022.799255
84 -94.257858 1030.303711
84 -90.290527 1037.610596
84 -85.946243 1044.699829
84 -81.236877 1051.552002
84 -76.175354 1058.148315
84 -70.775543 1064.470581
84 -65.052246 1070.501709
84 -59.021152 1076.224976
84 -52.698772 1081.624756
84 -46.102474 1086.686279
84 -39.250309 1091.395630
84 -32.161068 1095.739868
84 -24.854176 1099.707153
84 -17.349667 1103.286621
84 -9.668118 1106.468384
84 -1.830563 1109.243774
84 6.141499 1111.605225
84 14.226227 1113.546143
84 22.401453 1115.061279
84 30.644772 1116.146484
84 38.933590 1116.798828
114 36.397038 1082.799316
114 43.717617 1082.607666
114 51.018131 1082.033081
114 58.278572 1081.077271
114 65.479034 1079.742676
114 72.599777 1078.033203
114 79.621307 1075.953247
114 86.524353 1073.508789
114 93.290001 1070.706299
114 99.899719 1067.553711
114 106.335373 1064.059448
114 112.579330 1060.233154
114 118.614471 1056.085205
114 124.424271 1051.627197
114 129.992798 1046.871338
114 135.304779 1041.830444
114 140.345657 1036.518433
114 145.101624 1030.949951
114 149.559631 1025.140137
114 153.707489 1019.104980
114 157.533783 1012.860962
114 161.028061 1006.425354
114 164.180725 999.815674
114 166.983139 993.049988
114 169.427643 986.146973
114 171.507507 979.125427
114 173.217041 972.004700
114 174.551575 964.804260
114 175.507431 957.543823
114 176.082001 950.243286
114 176.273697 942.922729
114 176.082001 935.602173
114 175.507446 928.301697
114 174.551605 921.041260
114 173.217072 913.840759
114 171.507553 906.720032
114 169.427689 899.698547
114 166.983200 892.795471
114 164.180786 886.029846
114 161.028122 879.420105
114 157.533859 872.984497
114 153.707565 866.740540
114 149.559738 860.705383
114 145.101730 854.895569
114 140.345795 849.327026
114 135.304916 844.015076
114 129.992950 838.974182
114 124.424438 834.218201
114 118.614655 829.760193
114 112.579529 825.612366
114 106.335571 821.786011
114 99.899933 818.291748
114 93.290237 815.139099
114 86.524597 812.336670
114 79.621567 809.892151
114 72.600052 807.812256
114 65.479309 806.102722
114 58.278862 804.768188
114 51.018433 803.812317
114 43.717930 803.237732
114 36.397358 803.046021
114 29.076788 803.237671
114 21.776279 803.812256
114 14.515848 804.768066
114 7.315392 806.102539
114 0.194645 807.812134
114 -6.826874 809.891968
114 -13.729919 812.336426
114 -20.495571 815.138794
114 -27.105286 818.291504
114 -33.540943 821.785706
114 -39.784908 825.612000
114 -45.820057 829.759827
114 -51.629864 834.217834
114 -57.198399 838.973755
114 -62.510387 844.014648
114 -67.551285 849.326599
114 -72.307251 854.895081
114 -76.765305 860.704895
114 -80.913177 866.740051
114 -84.739517 872.984009
114 -88.233810 879.419678
114 -91.386520 886.029419
114 -94.188965 892.795044
114 -96.633484 899.698120
114 -98.713379 906.719666
114 -100.422943 913.840454
114 -101.757492 921.040955
114 -102.713348 928.301392
114 -103.287918 935.601929
114 -103.479630 942.922546
114 -103.287933 950.243164
114 -102.713379 957.543701
114 -101.757523 964.804138
114 -100.422989 972.004639
114 -98.713440 979.125427
114 -96.633575 986.146973
114 -94.189072 993.050049
114 -91.386627 999.815674
114 -88.233948 1006.425415
114 -84.739639 1012.861084
114 -80.913330 1019.105103
114 -76.765457 1025.140259
114 -72.307419 1030.950073
114 -67.551422 1036.518555
114 -62.510525 1041.830566
114 -57.198521 1046.871460
114 -51.629963 1051.627441
114 -45.820141 1056.085449
114 -39.784962 1060.233276
114 -33.540974 1064.059570
114 -27.105282 1067.553833
114 -20.495541 1070.706543
114 -13.729858 1073.508911
114 -6.826778 1075.953369
114 0.194771 1078.033325
114 7.315556 1079.742798
114 14.516048 1081.077271
114 21.776516 1082.033081
114 29.077057 1082.607666
144 37.413128 1060.146484
144 44.245262 1059.967529
144 51.058666 1059.431396
144 57.834671 1058.539307
144 64.554703 1057.293823
144 71.200340 1055.698364
144 77.753372 1053.757202
144 84.195831 1051.475830
144 90.510056 1048.860352
144 96.678757 1045.918091
144 102.685013 1042.656982
144 108.512360 1039.085938
144 114.144821 1035.214844
144 119.566971 1031.054321
144 124.763962 1026.615601
144 129.721512 1021.911133
144 134.426056 1016.953552
144 138.864685 1011.756592
144 143.025253 1006.334412
144 146.896347 1000.701965
144 150.467346 994.874573
144 153.728470 988.868347
144 156.670792 982.699646
144 159.286224 976.385437
144 161.567612 969.942993
144 163.508713 963.389954
144 165.104187 956.744324
144 166.349686 950.024292
144 167.241760 943.248291
144 167.777985 936.434937
144 167.956894 929.602783
144 167.778000 922.770691
144 167.241776 915.957275
144 166.349701 909.181274
144 165.104218 902.461243
144 163.508743 895.815613
144 161.567657 889.262573
144 159.286270 882.820129
144 156.670837 876.505920
144 153.728531 870.337219
144 150.467422 864.330994
144 146.896423 858.503601
144 143.025345 852.871155
144 138.864792 847.448975
144 134.426178 842.252014
144 129.721634 837.294495
144 124.764099 832.589905
144 119.567139 828.151306
144 114.144989 823.990723
144 108.512543 820.119629
144 102.685196 816.548645
144 96.678955 813.287476
144 90.510277 810.345154
144 84.196060 807.729736
144 77.753616 805.448303
144 71.200592 803.507202
144 64.554962 801.911743
144 57.834946 800.666199
144 51.058949 799.774109
144 44.245552 799.237915
144 37.413429 799.058960
144 30.581303 799.237854
144 23.767902 799.774048
144 16.991903 800.666138
144 10.271877 801.911621
144 3.626244 803.507080
144 -2.926785 805.448120
144 -9.369244 807.729492
144 -15.683472 810.344910
144 -21.852173 813.287231
144 -27.858425 816.548340
144 -33.685780 820.119324
144 -39.318249 823.990356
144 -44.740414 828.150879
144 -49.937397 832.589539
144 -54.894962 837.294067
144 -59.599514 842.251587
144 -64.038162 847.448547
144 -68.198761 852.870728
144 -72.069885 858.503174
144 -75.640900 864.330505
144 -78.902054 870.336792
144 -81.844406 876.505493
144 -84.459869 882.819763
144 -86.741287 889.262207
144 -88.682404 895.815308
144 -90.277893 902.460938
144 -91.523392 909.180969
144 -92.415482 915.957031
144 -92.951721 922.770447
144 -93.130630 929.602600
144 -92.951736 936.434753
144 -92.415512 943.248169
144 -91.523438 950.024231
144 -90.277939 956.744263
144 -88.682465 963.389954
144 -86.741364 969.942993
144 -84.459961 976.385437
144 -81.844513 982.699707
144 -78.902176 988.868408
144 -75.641037 994.874695
144 -72.070007 1000.702087
144 -68.198898 1006.334534
144 -64.038315 1011.756714
144 -59.599651 1016.953674
144 -54.895084 1021.911255
144 -49.937511 1026.615845
144 -44.740505 1031.054443
144 -39.318325 1035.215088
144 -33.685833 1039.086060
144 -27.858456 1042.657104
144 -21.852169 1045.918213
144 -15.683441 1048.860596
144 -9.369183 1051.475952
144 -2.926693 1053.757324
144 3.626362 1055.698486
144 10.272032 1057.293945
144 16.992090 1058.539307
144 23.768122 1059.431396
144 30.581554 1059.967651
174 43.639084 1023.535583
174 49.570152 1023.380310
174 55.484966 1022.914795
174 61.367310 1022.140381
174 67.201065 1021.059143
174 72.970230 1019.674072
174 78.659012 1017.989014
174 84.251801 1016.008484
174 89.733269 1013.737976
174 95.088402 1011.183716
174 100.302513 1008.352661
174 105.361313 1005.252625
174 110.250938 1001.892090
174 114.957985 998.280273
174 119.469559 994.427002
174 123.773270 990.342896
174 127.857361 986.039185
174 131.710602 981.527649
174 135.322449 976.820618
174 138.682983 971.930969
174 141.783020 966.872192
174 144.614044 961.658081
174 147.168320 956.302917
174 149.438812 950.821472
174 151.419327 945.228699
174 153.104416 939.539917
174 154.489471 933.770752
174 155.570694 927.937012
174 156.345123 922.054688
174 156.810638 916.139893
174 156.965942 910.208801
174 156.810638 904.277710
174 156.345139 898.362915
174 155.570709 892.480591
174 154.489502 886.646851
174 153.104446 880.877686
174 151.419357 875.188904
174 149.438858 869.596130
174 147.168365 864.114685
174 144.614105 858.759521
174 141.783081 853.545410
174 138.683060 848.486633
174 135.322510 843.596985
174 131.710693 838.889954
174 127.857460 834.378357
174 123.773384 830.074646
174 119.469673 825.990601
174 114.958122 822.137329
174 110.251091 818.525513
174 105.361473 815.164917
174 100.302681 812.064880
174 95.088577 809.233887
174 89.733459 806.679565
174 84.251999 804.409058
174 78.659218 802.428589
174 72.970451 800.743469
174 67.201294 799.358398
174 61.367546 798.277161
174 55.485214 797.502747
174 49.570408 797.037231
174 43.639343 796.881897
174 37.708282 797.037170
174 31.793472 797.502686
174 25.911135 798.277100
174 20.077387 799.358276
174 14.308218 800.743347
174 8.619446 802.428406
174 3.026657 804.408875
174 -2.454815 806.679382
174 -7.809948 809.233643
174 -13.024063 812.064636
174 -18.082867 815.164673
174 -22.972496 818.525208
174 -27.679550 822.137024
174 -32.191124 825.990234
174 -36.494858 830.074280
174 -40.578941 834.377991
174 -44.432190 838.889526
174 -48.044060 843.596619
174 -51.404640 848.486206
174 -54.504700 853.545044
174 -57.335754 858.759155
174 -59.890045 864.114319
174 -62.160561 869.595825
174 -64.141090 875.188599
174 -65.826202 880.877380
174 -67.211273 886.646606
174 -68.292511 892.480347
174 -69.066940 898.362732
174 -69.532455 904.277527
174 -69.687775 910.208618
174 -69.532471 916.139709
174 -69.066971 922.054565
174 -68.292542 927.936951
174 -67.211311 933.770691
174 -65.826256 939.539917
174 -64.141159 945.228699
174 -62.160645 950.821472
174 -59.890129 956.302979
174 -57.335854 961.658142
174 -54.504807 966.872253
174 -51.404755 971.931091
174 -48.044189 976.820679
174 -44.432327 981.527771
174 -40.579063 986.039307
174 -36.494965 990.343079
174 -32.191223 994.427124
174 -27.679626 998.280396
174 -22.972565 1001.892273
174 -18.082912 1005.252808
174 -13.024086 1008.352844
174 -7.809944 1011.183838
174 -2.454788 1013.738098
174 3.026707 1016.008606
174 8.619522 1017.989136
174 14.308323 1019.674194
174 20.077520 1021.059204
174 25.911297 1022.140442
174 31.793663 1022.914856
174 37.708500 1023.380310
204 39.182732 1061.343628
204 45.999180 1061.165161
204 52.796944 1060.630127
204 59.557396 1059.740112
204 66.261993 1058.497437
204 72.892380 1056.905640
204 79.430359 1054.968994
204 85.858032 1052.692871
204 92.157761 1050.083374
204 98.312302 1047.147827
204 104.304764 1043.894165
204 110.118736 1040.331421
204 115.738274 1036.469238
204 121.147980 1032.318237
204 126.333023 1027.889771
204 131.279190 1023.195984
204 135.972931 1018.249817
204 140.401382 1013.064819
204 144.552399 1007.655090
204 148.414612 1002.035522
204 151.977417 996.221558
204 155.231049 990.229126
204 158.166595 984.074585
204 160.776031 977.774841
204 163.052185 971.347229
204 164.988831 964.809204
204 166.580627 958.178833
204 167.823273 951.474243
204 168.713287 944.713806
204 169.248291 937.916077
204 169.426788 931.099609
204 169.248291 924.283203
204 168.713318 917.485413
204 167.823303 910.724976
204 166.580673 904.020386
204 164.988861 897.390015
204 163.052231 890.852051
204 160.776093 884.424377
204 158.166656 878.124634
204 155.231110 871.970093
204 151.977478 865.977661
204 148.414673 860.163696
204 144.552490 854.544128
204 140.401489 849.134460
204 135.973053 843.949402
204 131.279327 839.003235
204 126.333160 834.309448
204 121.148132 829.881042
204 115.738441 825.729980
204 110.118912 821.867798
204 104.304955 818.304993
204 98.312500 815.051331
204 92.157982 812.115784
204 85.858261 809.506348
204 79.430603 807.230164
204 72.892624 805.293518
204 66.262260 803.701660
204 59.557663 802.459045
204 52.797226 801.568970
204 45.999470 801.033997
204 39.183029 800.855469
204 32.366592 801.033936
204 25.568832 801.568970
204 18.808390 802.458984
204 12.103790 803.701538
204 5.473415 805.293335
204 -1.064568 807.229980
204 -7.492237 809.506104
204 -13.791973 812.115540
204 -19.946510 815.051086
204 -25.938972 818.304688
204 -31.752945 821.867493
204 -37.372490 825.729675
204 -42.782204 829.880615
204 -47.967255 834.309082
204 -52.913437 839.002808
204 -57.607193 843.948975
204 -62.035645 849.133972
204 -66.186691 854.543701
204 -70.048927 860.163208
204 -73.611755 865.977173
204 -76.865425 871.969666
204 -79.801010 878.124207
204 -82.410477 884.423950
204 -84.686653 890.851685
204 -86.623306 897.389648
204 -88.215141 904.020081
204 -89.457787 910.724670
204 -90.347816 917.485168
204 -90.882820 924.282959
204 -91.061333 931.099426
204 -90.882835 937.915894
204 -90.347847 944.713684
204 -89.457817 951.474182
204 -88.215187 958.178772
204 -86.623375 964.809204
204 -84.686729 971.347168
204 -82.410568 977.774902
204 -79.801117 984.074646
204 -76.865540 990.229187
204 -73.611877 996.221680
204 -70.049057 1002.035645
204 -66.186836 1007.655212
204 -62.035805 1013.064941
204 -57.607330 1018.250000
204 -52.913567 1023.196167
204 -47.967377 1027.889893
204 -42.782295 1032.318359
204 -37.372566 1036.469360
204 -31.752998 1040.331543
204 -25.939003 1043.894409
204 -19.946507 1047.148071
204 -13.791943 1050.083618
204 -7.492180 1052.692993
204 -1.064480 1054.969116
204 5.473534 1056.905762
204 12.103945 1058.497559
204 18.808577 1059.740234
204 25.569052 1060.630127
204 32.366840 1061.165161
234 40.432056 1039.863892
234 46.767536 1039.697998
234 53.085648 1039.200806
234 59.369080 1038.373535
234 65.600601 1037.218628
234 71.763145 1035.739136
234 77.839813 1033.939087
234 83.813942 1031.823486
234 89.669167 1029.398193
234 95.389435 1026.669800
234 100.959076 1023.645752
234 106.362808 1020.334351
234 111.585831 1016.744629
234 116.613831 1012.886536
234 121.433014 1008.770569
234 126.030182 1004.408020
234 130.392746 999.810852
234 134.508713 994.991638
234 138.366821 989.963623
234 141.956512 984.740601
234 145.267929 979.336914
234 148.291992 973.767273
234 151.020416 968.046997
234 153.445724 962.191772
234 155.561279 956.217651
234 157.361267 950.140991
234 158.840759 943.978455
234 159.995712 937.746948
234 160.822937 931.463501
234 161.320190 925.145386
234 161.486084 918.809937
234 161.320190 912.474487
234 160.822952 906.156372
234 159.995728 899.872925
234 158.840790 893.641418
234 157.361298 887.478882
234 155.561310 881.402222
234 153.445770 875.428101
234 151.020462 869.572876
234 148.292053 863.852600
234 145.267990 858.282959
234 141.956589 852.879272
234 138.366913 847.656250
234 134.508804 842.628235
234 130.392853 837.809021
234 126.030304 833.211853
234 121.433151 828.849304
234 116.613968 824.733337
234 111.585983 820.875244
234 106.362976 817.285522
234 100.959251 813.974121
234 95.389626 810.950073
234 89.669373 808.221619
234 83.814156 805.796265
234 77.840034 803.680725
234 71.763382 801.880737
234 65.600845 800.401245
234 59.369331 799.246277
234 53.085911 798.419006
234 46.767807 797.921753
234 40.432335 797.755859
234 34.096863 797.921753
234 27.778755 798.418945
234 21.495331 799.246155
234 15.263807 800.401123
234 9.101271 801.880615
234 3.024609 803.680542
234 -2.949520 805.796082
234 -8.804749 808.221375
234 -14.525021 810.949768
234 -20.094658 813.973816
234 -25.498394 817.285217
234 -30.721424 820.874878
234 -35.749424 824.732971
234 -40.568623 828.848938
234 -45.165798 833.211487
234 -49.528362 837.808594
234 -53.644344 842.627808
234 -57.502491 847.655823
234 -61.092205 852.878845
234 -64.403641 858.282593
234 -67.427734 863.852234
234 -70.156189 869.572510
234 -72.581528 875.427734
234 -74.697098 881.401917
234 -76.497101 887.478577
234 -77.976608 893.641113
234 -79.131577 899.872681
234 -79.958817 906.156128
234 -80.456070 912.474243
234 -80.621979 918.809753
234 -80.456085 925.145264
234 -79.958832 931.463379
234 -79.131607 937.746826
234 -77.976654 943.978394
234 -76.497162 950.140991
234 -74.697159 956.217651
234 -72.581604 962.191772
234 -70.156281 968.047058
234 -67.427841 973.767334
234 -64.403763 979.336975
234 -61.092327 984.740723
234 -57.502628 989.963745
234 -53.644489 994.991760
234 -49.528492 999.810974
234 -45.165920 1004.408142
234 -40.568729 1008.770691
234 -35.749508 1012.886719
234 -30.721493 1016.744812
234 -25.498447 1020.334473
234 -20.094681 1023.645874
234 -14.525017 1026.669922
234 -8.804718 1029.398438
234 -2.949467 1031.823730
234 3.024693 1033.939209
234 9.101383 1035.739258
234 15.263950 1037.218628
234 21.495502 1038.373657
234 27.778957 1039.200806
234 34.097095 1039.697998
264 37.931545 1055.871216
264 44.482616 1055.699707
264 51.015728 1055.185547
264 57.512978 1054.330200
264 63.956558 1053.135986
264 70.328804 1051.606079
264 76.612251 1049.744873
264 82.789673 1047.557251
264 88.844147 1045.049438
264 94.759079 1042.228149
264 100.518242 1039.101196
264 106.105865 1035.677124
264 111.506622 1031.965332
264 116.705719 1027.975830
264 121.688889 1023.719849
264 126.442505 1019.208862
264 130.953506 1014.455200
264 135.209549 1009.472046
264 139.198944 1004.272949
264 142.910797 998.872192
264 146.334885 993.284546
264 149.461853 987.525391
264 152.283127 981.610474
264 154.790970 975.556030
264 156.978516 969.378601
264 158.839752 963.095154
264 160.369583 956.722900
264 161.563843 950.279358
264 162.419220 943.782104
264 162.933395 937.249023
264 163.104935 930.697937
264 162.933395 924.146912
264 162.419235 917.613770
264 161.563858 911.116516
264 160.369614 904.672974
264 158.839783 898.300720
264 156.978546 892.017273
264 154.791016 885.839844
264 152.283173 879.785400
264 149.461914 873.870483
264 146.334961 868.111328
264 142.910873 862.523682
264 139.199036 857.122925
264 135.209641 851.923828
264 130.953629 846.940674
264 126.442627 842.187073
264 121.689026 837.676025
264 116.705856 833.419983
264 111.506790 829.430603
264 106.106033 825.718750
264 100.518433 822.294678
264 94.759277 819.167664
264 88.844360 816.346375
264 82.789902 813.838501
264 76.612488 811.651001
264 70.329041 809.789734
264 63.956810 808.259888
264 57.513241 807.065613
264 51.015999 806.210205
264 44.482895 805.696045
264 37.931831 805.524475
264 31.380770 805.696045
264 24.847664 806.210144
264 18.350418 807.065552
264 11.906843 808.259766
264 5.534599 809.789551
264 -0.748844 811.650818
264 -6.926270 813.838318
264 -12.980743 816.346130
264 -18.895672 819.167419
264 -24.654839 822.294373
264 -30.242458 825.718445
264 -35.643223 829.430237
264 -40.842327 833.419617
264 -45.825512 837.675659
264 -50.579136 842.186646
264 -55.090145 846.940247
264 -59.346195 851.923401
264 -63.335629 857.122498
264 -67.047501 862.523254
264 -70.471619 868.110901
264 -73.598618 873.870056
264 -76.419922 879.784973
264 -78.927780 885.839478
264 -81.115341 892.016907
264 -82.976608 898.300415
264 -84.506470 904.672668
264 -85.700729 911.116272
264 -86.556122 917.613525
264 -87.070297 924.146667
264 -87.241852 930.697754
264 -87.070313 937.248840
264 -86.556152 943.781982
264 -85.700760 950.279236
264 -84.506516 956.722839
264 -82.976669 963.095154
264 -81.115417 969.378601
264 -78.927872 975.556030
264 -76.420013 981.610535
264 -73.598724 987.525513
264 -70.471741 993.284668
264 -67.047623 998.872314
264 -63.335766 1004.273071
264 -59.346340 1009.472168
264 -55.090275 1014.455383
264 -50.579250 1019.208984
264 -45.825626 1023.719971
264 -40.842411 1027.976074
264 -35.643299 1031.965454
264 -30.242512 1035.677246
264 -24.654865 1039.101440
264 -18.895668 1042.228394
264 -12.980713 1045.049561
264 -6.926212 1047.557495
264 -0.748760 1049.744995
264 5.534718 1051.606201
264 11.906992 1053.135986
264 18.350597 1054.330200
264 24.847874 1055.185547
264 31.381012 1055.699707
294 35.064053 1046.286255
294 41.532360 1046.116821
294 47.982937 1045.609131
294 54.398106 1044.764648
294 60.760281 1043.585449
294 67.052025 1042.074951
294 73.256088 1040.237183
294 79.355469 1038.077271
294 85.333458 1035.601196
294 91.173660 1032.815552
294 96.860062 1029.728027
294 102.377090 1026.347168
294 107.709625 1022.682251
294 112.843033 1018.743286
294 117.763260 1014.541016
294 122.456818 1010.086975
294 126.910828 1005.393433
294 131.113098 1000.473206
294 135.052109 995.339783
294 138.717056 990.007263
294 142.097885 984.490234
294 145.185349 978.803833
294 147.970978 972.963623
294 150.447144 966.985657
294 152.607056 960.886292
294 154.444778 954.682190
294 155.955292 948.390503
294 157.134445 942.028320
294 157.979019 935.613159
294 158.486694 929.162598
294 158.656082 922.694275
294 158.486710 916.225952
294 157.979034 909.775391
294 157.134476 903.360229
294 155.955307 896.998108
294 154.444809 890.706360
294 152.607086 884.502258
294 150.447189 878.402893
294 147.971039 872.424927
294 145.185410 866.584717
294 142.097961 860.898315
294 138.717133 855.381287
294 135.052185 850.048767
294 131.113190 844.915344
294 126.910950 839.995117
294 122.456940 835.301575
294 117.763397 830.847534
294 112.843185 826.645264
294 107.709778 822.706299
294 102.377258 819.041321
294 96.860245 815.660461
294 91.173851 812.572998
294 85.333664 809.787354
294 79.355690 807.311218
294 73.256317 805.151306
294 67.052261 803.313538
294 60.760529 801.803040
294 54.398365 800.623840
294 47.983204 799.779297
294 41.532635 799.271606
294 35.064335 799.102173
294 28.596037 799.271545
294 22.145466 799.779175
294 15.730303 800.623779
294 9.368132 801.802917
294 3.076391 803.313416
294 -3.127670 805.151123
294 -9.227055 807.310974
294 -15.205040 809.787109
294 -21.045242 812.572754
294 -26.731651 815.660217
294 -32.248684 819.041016
294 -37.581211 822.705933
294 -42.714634 826.644958
294 -47.634869 830.847168
294 -52.328434 835.301147
294 -56.782452 839.994690
294 -60.984737 844.914917
294 -64.923767 850.048340
294 -68.588745 855.380859
294 -71.969604 860.897888
294 -75.057098 866.584351
294 -77.842758 872.424561
294 -80.318939 878.402527
294 -82.478867 884.501953
294 -84.316620 890.705994
294 -85.827148 896.997803
294 -87.006317 903.359985
294 -87.850906 909.775146
294 -88.358582 916.225769
294 -88.527969 922.694092
294 -88.358597 929.162415
294 -87.850937 935.613037
294 -87.006363 942.028198
294 -85.827194 948.390442
294 -84.316681 954.682190
294 -82.478943 960.886292
294 -80.319031 966.985657
294 -77.842850 972.963684
294 -75.057205 978.803894
294 -71.969727 984.490295
294 -68.588867 990.007385
294 -64.923904 995.339905
294 -60.984882 1000.473328
294 -56.782589 1005.393555
294 -52.328548 1010.087158
294 -47.634983 1014.541138
294 -42.714725 1018.743408
294 -37.581287 1022.682434
294 -32.248730 1026.347412
294 -26.731678 1029.728271
294 -21.045238 1032.815674
294 -15.205009 1035.601318
294 -9.227001 1038.077393
294 -3.127586 1040.237305
294 3.076506 1042.075073
294 9.368277 1043.585571
294 15.730480 1044.764648
294 22.145672 1045.609253
294 28.596275 1046.116943
324 40.735626 1012.326111
324 46.400818 1012.177795
324 52.050476 1011.733154
324 57.669128 1010.993408
324 63.241364 1009.960693
324 68.751907 1008.637695
324 74.185669 1007.028198
324 79.527740 1005.136414
324 84.763489 1002.967712
324 89.878555 1000.527954
324 94.858932 997.823853
324 99.690956 994.862793
324 104.361382 991.652893
324 108.857422 988.202942
324 113.166748 984.522461
324 117.277534 980.621460
324 121.178535 976.510620
324 124.859039 972.201294
324 128.308960 967.705261
324 131.518875 963.034851
324 134.479950 958.202820
324 137.184052 953.222473
324 139.623810 948.107422
324 141.792542 942.871643
324 143.684265 937.529602
324 145.293808 932.095825
324 146.616776 926.585327
324 147.649536 921.013062
324 148.389252 915.394409
324 148.833878 909.744751
324 148.982239 904.079590
324 148.833893 898.414429
324 148.389252 892.764771
324 147.649551 887.146118
324 146.616791 881.573853
324 145.293839 876.063354
324 143.684296 870.629578
324 141.792572 865.287537
324 139.623871 860.051758
324 137.184113 854.936707
324 134.479996 849.956360
324 131.518936 845.124329
324 128.309052 840.453857
324 124.859123 835.957825
324 121.178635 831.648499
324 117.277641 827.537720
324 113.166862 823.636719
324 108.857552 819.956238
324 104.361526 816.506287
324 99.691101 813.296387
324 94.859085 810.335327
324 89.878723 807.631165
324 84.763672 805.191406
324 79.527931 803.022705
324 74.185867 801.130981
324 68.752121 799.521362
324 63.241577 798.198425
324 57.669353 797.165649
324 52.050713 796.425903
324 46.401058 795.981262
324 40.735874 795.832947
324 35.070690 795.981262
324 29.421036 796.425903
324 23.802391 797.165588
324 18.230160 798.198303
324 12.719614 799.521240
324 7.285858 801.130798
324 1.943787 803.022522
324 -3.291962 805.191223
324 -8.407032 807.630981
324 -13.387405 810.335083
324 -18.219433 813.296143
324 -22.889866 816.505981
324 -27.385910 819.955933
324 -31.695244 823.636414
324 -35.806046 827.537354
324 -39.707047 831.648132
324 -43.387566 835.957458
324 -46.837517 840.453491
324 -50.047447 845.123962
324 -53.008530 849.955994
324 -55.712677 854.936340
324 -58.152458 860.051453
324 -60.321198 865.287170
324 -62.212944 870.629272
324 -63.822510 876.063049
324 -65.145493 881.573608
324 -66.178261 887.145874
324 -66.917976 892.764526
324 -67.362625 898.414246
324 -67.510979 904.079407
324 -67.362633 909.744629
324 -66.917999 915.394287
324 -66.178291 921.013000
324 -65.145531 926.585266
324 -63.822563 932.095825
324 -62.213005 937.529602
324 -60.321274 942.871704
324 -58.152542 948.107422
324 -55.712776 953.222534
324 -53.008636 958.202942
324 -50.047554 963.034973
324 -46.837639 967.705383
324 -43.387688 972.201416
324 -39.707161 976.510742
324 -35.806145 980.621582
324 -31.695335 984.522583
324 -27.385986 988.203064
324 -22.889931 991.653015
324 -18.219475 994.862915
324 -13.387428 997.823975
324 -8.407028 1000.528076
324 -3.291935 1002.967834
324 1.943836 1005.136597
324 7.285934 1007.028259
324 12.719715 1008.637817
324 18.230288 1009.960754
324 23.802546 1010.993530
324 29.421217 1011.733215
324 35.070900 1012.177795
354 47.197166 978.047119
354 52.185333 977.916504
354 57.159832 977.525024
354 62.107021 976.873657
354 67.013344 975.964355
354 71.865349 974.799500
354 76.649742 973.382263
354 81.353409 971.716614
354 85.963455 969.807068
354 90.467247 967.658875
354 94.852432 965.277893
354 99.107010 962.670715
354 103.219299 959.844421
354 107.178032 956.806763
354 110.972366 953.566101
354 114.591896 950.131287
354 118.026703 946.511780
354 121.267372 942.717407
354 124.305016 938.758728
354 127.131317 934.646423
354 129.738525 930.391846
354 132.119476 926.006653
354 134.267670 921.502869
354 136.177216 916.892822
354 137.842865 912.189148
354 139.260071 907.404785
354 140.424927 902.552795
354 141.334274 897.646484
354 141.985580 892.699280
354 142.377075 887.724792
354 142.507706 882.736633
354 142.377090 877.748474
354 141.985596 872.773987
354 141.334290 867.826782
354 140.424957 862.920471
354 139.260101 858.068481
354 137.842896 853.284058
354 136.177246 848.580444
354 134.267715 843.970398
354 132.119522 839.466553
354 129.738571 835.081421
354 127.131371 830.826843
354 124.305084 826.714539
354 121.267441 822.755798
354 118.026787 818.961487
354 114.591988 815.341919
354 110.972473 811.907104
354 107.178146 808.666443
354 103.219421 805.628784
354 99.107140 802.802490
354 94.852577 800.195313
354 90.467392 797.814331
354 85.963615 795.666138
354 81.353577 793.756592
354 76.649918 792.090942
354 71.865532 790.673706
354 67.013535 789.508850
354 62.107220 788.599487
354 57.160038 787.948181
354 52.185547 787.556641
354 47.197384 787.426025
354 42.209221 787.556641
354 37.234730 787.948120
354 32.287544 788.599426
354 27.381227 789.508728
354 22.529222 790.673584
354 17.744831 792.090820
354 13.041164 793.756409
354 8.431118 795.665955
354 3.927326 797.814148
354 -0.457863 800.195068
354 -4.712437 802.802246
354 -8.824730 805.628540
354 -12.783470 808.666199
354 -16.577812 811.906860
354 -20.197350 815.341614
354 -23.632164 818.961121
354 -26.872841 822.755493
354 -29.910507 826.714233
354 -32.736832 830.826477
354 -35.344048 835.081055
354 -37.725029 839.466248
354 -39.873253 843.970093
354 -41.782814 848.580139
354 -43.448486 853.283813
354 -44.865700 858.068237
354 -46.030579 862.920227
354 -46.939919 867.826599
354 -47.591240 872.773804
354 -47.982742 877.748291
354 -48.113373 882.736511
354 -47.982758 887.724670
354 -47.591263 892.699158
354 -46.939949 897.646362
354 -46.030609 902.552734
354 -44.865746 907.404724
354 -43.448540 912.189148
354 -41.782883 916.892822
354 -39.873322 921.502930
354 -37.725121 926.006714
354 -35.344139 930.391907
354 -32.736923 934.646484
354 -29.910614 938.758789
354 -26.872948 942.717529
354 -23.632263 946.511902
354 -20.197441 950.131409
354 -16.577896 953.566223
354 -12.783539 956.806885
354 -8.824787 959.844543
354 -4.712475 962.670837
354 -0.457886 965.278076
354 3.927330 967.658997
354 8.431141 969.807190
354 13.041206 971.716736
354 17.744896 973.382385
354 22.529310 974.799561
354 27.381340 975.964417
354 32.287682 976.873718
354 37.234890 977.525024
354 42.209408 977.916504
384 72.877563 992.095337
384 78.062531 991.959534
384 83.233292 991.552612
384 88.375671 990.875610
384 93.475563 989.930420
384 98.518997 988.719543
384 103.492157 987.246460
384 108.381401 985.515076
384 113.173332 983.530212
384 117.854813 981.297241
384 122.413017 978.822327
384 126.835449 976.112244
384 131.109985 973.174438
384 135.224899 970.016968
384 139.168945 966.648438
384 142.931274 963.078125
384 146.501602 959.315796
384 149.870117 955.371765
384 153.027618 951.256836
384 155.965424 946.982300
384 158.675491 942.559875
384 161.150391 938.001648
384 163.383331 933.320190
384 165.368225 928.528259
384 167.099594 923.639038
384 168.572708 918.665894
384 169.783524 913.622437
384 170.728729 908.522583
384 171.405746 903.380188
384 171.812698 898.209412
384 171.948471 893.024475
384 171.812698 887.839478
384 171.405762 882.668762
384 170.728760 877.526367
384 169.783539 872.426514
384 168.572723 867.383057
384 167.099625 862.409912
384 165.368256 857.520691
384 163.383377 852.728760
384 161.150436 848.047241
384 158.675537 843.489075
384 155.965485 839.066650
384 153.027679 834.792114
384 149.870209 830.677185
384 146.501678 826.733154
384 142.931366 822.970825
384 139.169037 819.400452
384 135.225021 816.031982
384 131.110107 812.874451
384 126.835587 809.936646
384 122.413162 807.226563
384 117.854965 804.751648
384 113.173492 802.518677
384 108.381577 800.533813
384 103.492340 798.802429
384 98.519196 797.329346
384 93.475761 796.118469
384 88.375877 795.173279
384 83.233505 794.496216
384 78.062759 794.089294
384 72.877792 793.953491
384 67.692825 794.089294
384 62.522072 794.496216
384 57.379700 795.173218
384 52.279808 796.118408
384 47.236374 797.329224
384 42.263222 798.802307
384 37.373978 800.533630
384 32.582047 802.518555
384 27.900562 804.751465
384 23.342358 807.226318
384 18.919926 809.936401
384 14.645390 812.874207
384 10.530457 816.031677
384 6.586418 819.400146
384 2.824074 822.970459
384 -0.746254 826.732788
384 -4.114784 830.676819
384 -7.272301 834.791748
384 -10.210136 839.066284
384 -12.920219 843.488708
384 -15.395142 848.046936
384 -17.628120 852.728455
384 -19.613014 857.520386
384 -21.344406 862.409607
384 -22.817535 867.382813
384 -24.028374 872.426270
384 -24.973595 877.526184
384 -25.650604 882.668579
384 -26.057564 887.839355
384 -26.193344 893.024292
384 -26.057571 898.209290
384 -25.650635 903.380066
384 -24.973625 908.522461
384 -24.028412 913.622375
384 -22.817581 918.665833
384 -21.344467 923.639038
384 -19.613091 928.528259
384 -17.628197 933.320251
384 -15.395233 938.001709
384 -12.920319 942.559937
384 -10.210236 946.982361
384 -7.272415 951.256958
384 -4.114906 955.371887
384 -0.746361 959.315918
384 2.823975 963.078247
384 6.586327 966.648560
384 10.530388 970.017090
384 14.645329 973.174622
384 18.919884 976.112427
384 23.342339 978.822449
384 27.900566 981.297363
384 32.582069 983.530334
384 37.374020 985.515198
384 42.263287 987.246582
384 47.236465 988.719666
384 52.279926 989.930481
384 57.379845 990.875671
384 62.522240 991.552612
384 67.693016 991.959595
414 14.655553 1020.989868
414 20.522026 1020.836243
414 26.372417 1020.375793
414 32.190697 1019.609802
414 37.960911 1018.540344
414 43.667244 1017.170410
414 49.294060 1015.503662
414 54.825935 1013.544678
414 60.247707 1011.298950
414 65.544518 1008.772461
414 70.701836 1005.972290
414 75.705544 1002.906006
414 80.541916 999.582092
414 85.197693 996.009583
414 89.660126 992.198303
414 93.916969 988.158691
414 97.956573 983.901855
414 101.767845 979.439392
414 105.340347 974.783630
414 108.664299 969.947266
414 111.730568 964.943542
414 114.530762 959.786255
414 117.057205 954.489441
414 119.302979 949.067688
414 121.261917 943.535828
414 122.928650 937.908997
414 124.298622 932.202637
414 125.368073 926.432434
414 126.134064 920.614197
414 126.594498 914.763794
414 126.748123 908.897339
414 126.594505 903.030884
414 126.134079 897.180481
414 125.368095 891.362244
414 124.298645 885.591980
414 122.928688 879.885681
414 121.261955 874.258850
414 119.303017 868.726990
414 117.057259 863.305237
414 114.530815 858.008423
414 111.730629 852.851074
414 108.664368 847.847412
414 105.340431 843.011047
414 101.767929 838.355225
414 97.956673 833.892822
414 93.917084 829.635986
414 89.660248 825.596375
414 85.197830 821.785095
414 80.542061 818.212585
414 75.705696 814.888672
414 70.702003 811.822388
414 65.544693 809.022156
414 60.247894 806.495728
414 54.826134 804.249939
414 49.294270 802.290955
414 43.667461 800.624207
414 37.961136 799.254272
414 32.190929 798.184814
414 26.372660 797.418823
414 20.522274 796.958374
414 14.655810 796.804688
414 8.789345 796.958313
414 2.938958 797.418762
414 -2.879313 798.184692
414 -8.649524 799.254150
414 -14.355857 800.624084
414 -19.982674 802.290833
414 -25.514549 804.249756
414 -30.936317 806.495483
414 -36.233128 809.021912
414 -41.390450 811.822083
414 -46.394157 814.888367
414 -51.230534 818.212280
414 -55.886318 821.784790
414 -60.348759 825.596008
414 -64.605614 829.635620
414 -68.645210 833.892456
414 -72.456497 838.354858
414 -76.029030 843.010620
414 -79.353004 847.847046
414 -82.419296 852.850708
414 -85.219521 858.008057
414 -87.745987 863.304871
414 -89.991783 868.726685
414 -91.950737 874.258545
414 -93.617493 879.885376
414 -94.987480 885.591736
414 -96.056938 891.362000
414 -96.822937 897.180298
414 -97.283386 903.030701
414 -97.437012 908.897156
414 -97.283394 914.763672
414 -96.822968 920.614075
414 -96.056976 926.432373
414 -94.987526 932.202637
414 -93.617546 937.908936
414 -91.950806 943.535828
414 -89.991859 949.067688
414 -87.746078 954.489502
414 -85.219620 959.786316
414 -82.419403 964.943665
414 -79.353119 969.947388
414 -76.029160 974.783752
414 -72.456635 979.439514
414 -68.645332 983.901978
414 -64.605721 988.158813
414 -60.348858 992.198425
414 -55.886402 996.009705
414 -51.230595 999.582214
414 -46.394203 1002.906189
414 -41.390476 1005.972412
414 -36.233124 1008.772644
414 -30.936291 1011.299072
414 -25.514496 1013.544861
414 -19.982597 1015.503784
414 -14.355754 1017.170471
414 -8.649392 1018.540466
414 -2.879153 1019.609863
414 2.939147 1020.375854
414 8.789561 1020.836243
444 44.218216 888.422485
444 46.467857 888.363586
444 48.711330 888.187012
444 50.942490 887.893250
444 53.155220 887.483154
444 55.343452 886.957825
444 57.501194 886.318665
444 59.622524 885.567444
444 61.701633 884.706238
444 63.732826 883.737427
444 65.710526 882.663635
444 67.629318 881.487793
444 69.483940 880.213135
444 71.269310 878.843201
444 72.980537 877.381653
444 74.612930 875.832581
444 76.162010 874.200195
444 77.623535 872.488953
444 78.993500 870.703613
444 80.268150 868.848938
444 81.443985 866.930176
444 82.517792 864.952454
444 83.486618 862.921265
444 84.347809 860.842163
444 85.099014 858.720825
444 85.738159 856.563110
444 86.263512 854.374878
444 86.673615 852.162170
444 86.967354 849.931030
444 87.143921 847.687500
444 87.202835 845.437866
444 87.143921 843.188232
444 86.967361 840.944763
444 86.673630 838.713623
444 86.263519 836.500916
444 85.738174 834.312683
444 85.099030 832.154907
444 84.347824 830.033569
444 83.486633 827.954468
444 82.517807 825.923279
444 81.444008 823.945618
444 80.268173 822.026794
444 78.993530 820.172180
444 77.623566 818.386841
444 76.162048 816.675598
444 74.612976 815.043213
444 72.980583 813.494141
444 71.269363 812.032593
444 69.483994 810.662598
444 67.629379 809.388000
444 65.710587 808.212158
444 63.732891 807.138306
444 61.701706 806.169495
444 59.622601 805.308289
444 57.501274 804.557068
444 55.343536 803.917969
444 53.155308 803.392578
444 50.942581 802.982483
444 48.711426 802.688721
444 46.467953 802.512146
444 44.218315 802.453247
444 41.968678 802.512146
444 39.725204 802.688721
444 37.494045 802.982422
444 35.281319 803.392578
444 33.093086 803.917908
444 30.935349 804.557007
444 28.814016 805.308228
444 26.734907 806.169434
444 24.703716 807.138245
444 22.726015 808.212036
444 20.807224 809.387878
444 18.952599 810.662476
444 17.167223 812.032471
444 15.455994 813.493958
444 13.823599 815.043030
444 12.274515 816.675415
444 10.812984 818.386658
444 9.443012 820.172058
444 8.168350 822.026672
444 6.992508 823.945435
444 5.918694 825.923157
444 4.949860 827.954346
444 4.088654 830.033447
444 3.337444 832.154785
444 2.698288 834.312561
444 2.172932 836.500793
444 1.762821 838.713501
444 1.469082 840.944702
444 1.292515 843.188171
444 1.233601 845.437805
444 1.292507 847.687500
444 1.469070 849.930969
444 1.762810 852.162109
444 2.172916 854.374878
444 2.698265 856.563110
444 3.337418 858.720825
444 4.088623 860.842163
444 4.949825 862.921326
444 5.918655 864.952515
444 6.992466 866.930176
444 8.168308 868.848999
444 9.442963 870.703613
444 10.812935 872.489014
444 12.274467 874.200256
444 13.823557 875.832642
444 15.455956 877.381714
444 17.167192 878.843262
444 18.952572 880.213196
444 20.807205 881.487854
444 22.726007 882.663696
444 24.703718 883.737488
444 26.734917 884.706299
444 28.814035 885.567505
444 30.935377 886.318726
444 33.093124 886.957886
444 35.281368 887.483215
444 37.494106 887.893311
444 39.725277 888.187012
444 41.968758 888.363586
474 42.396183 933.121948
474 44.823036 933.058350
474 47.243233 932.867920
474 49.650150 932.551025
474 52.037182 932.108643
474 54.397789 931.541870
474 56.725498 930.852356
474 59.013931 930.041992
474 61.256821 929.112976
474 63.448013 928.067810
474 65.581505 926.909424
474 67.651443 925.640991
474 69.652161 924.265930
474 71.578171 922.788025
474 73.424194 921.211365
474 75.185181 919.540283
474 76.856285 917.779297
474 78.432938 915.933289
474 79.910820 914.007263
474 81.285873 912.006531
474 82.554337 909.936584
474 83.712723 907.803101
474 84.757874 905.611938
474 85.686905 903.369019
474 86.497284 901.080627
474 87.186783 898.752930
474 87.753510 896.392273
474 88.195923 894.005249
474 88.512802 891.598328
474 88.703278 889.178162
474 88.766823 886.751282
474 88.703278 884.324463
474 88.512802 881.904236
474 88.195930 879.497375
474 87.753525 877.110291
474 87.186790 874.749695
474 86.497299 872.421997
474 85.686920 870.133545
474 84.757889 867.890686
474 83.712753 865.699524
474 82.554367 863.565979
474 81.285904 861.496094
474 79.910851 859.495361
474 78.432976 857.569336
474 76.856323 855.723328
474 75.185226 853.962341
474 73.424248 852.291199
474 71.578232 850.714600
474 69.652222 849.236694
474 67.651505 847.861633
474 65.581573 846.593140
474 63.448086 845.434753
474 61.256897 844.389648
474 59.014015 843.460571
474 56.725586 842.650208
474 54.397877 841.960693
474 52.037277 841.393982
474 49.650246 840.951538
474 47.243336 840.634644
474 44.823139 840.444214
474 42.396290 840.380615
474 39.969440 840.444214
474 37.549244 840.634644
474 35.142330 840.951538
474 32.755299 841.393921
474 30.394695 841.960632
474 28.066984 842.650146
474 25.778549 843.460510
474 23.535662 844.389526
474 21.344469 845.434692
474 19.210979 846.593079
474 17.141037 847.861511
474 15.140318 849.236572
474 13.214304 850.714417
474 11.368277 852.291077
474 9.607292 853.962158
474 7.936184 855.723145
474 6.359524 857.569153
474 4.881634 859.495178
474 3.506565 861.495911
474 2.238094 863.565857
474 1.079697 865.699341
474 0.034542 867.890564
474 -0.894501 870.133423
474 -1.704887 872.421875
474 -2.394394 874.749573
474 -2.961132 877.110229
474 -3.403545 879.497253
474 -3.720425 881.904175
474 -3.910904 884.324402
474 -3.974457 886.751221
474 -3.910908 889.178101
474 -3.720436 891.598328
474 -3.403561 894.005249
474 -2.961147 896.392273
474 -2.394417 898.752869
474 -1.704914 901.080627
474 -0.894535 903.369019
474 0.034504 905.611938
474 1.079655 907.803162
474 2.238052 909.936646
474 3.506519 912.006592
474 4.881580 914.007324
474 6.359467 915.933350
474 7.936134 917.779358
474 9.607246 919.540344
474 11.368235 921.211426
474 13.214272 922.788086
474 15.140291 924.265991
474 17.141018 925.641052
474 19.210970 926.909485
474 21.344471 928.067871
474 23.535673 929.113037
474 25.778570 930.042053
474 28.067017 930.852417
474 30.394737 931.541931
474 32.755356 932.108643
474 35.142395 932.551025
474 37.549320 932.867920
474 39.969528 933.058411
