1139.510132
1139.390015
1139.030151
1138.431396
1137.595581
1136.524780
1135.221924
1133.690796
1131.935425
1129.960693
1127.771973
1125.375244
1122.777222
1119.984863
1117.005859
1113.848389
1110.521118
1107.033081
1103.394043
1099.613770
1095.702759
1091.671631
1087.531494
1083.293701
1078.969849
1074.571777
1070.111572
1065.601440
1061.053711
1056.480835
1051.895386
1047.310059
1042.737183
1038.189453
1033.679321
1029.219116
1024.821045
1020.497131
1016.259338
1012.119202
1008.088135
1004.177063
1000.396851
996.757751
993.269775
989.942505
986.785034
983.806030
981.013672
978.415588
976.018860
973.830139
971.855408
970.100037
968.568848
967.266113
966.195313
965.359375
964.760620
964.400757
964.280640
964.400696
964.760620
965.359314
966.195190
967.265991
968.568726
970.099915
971.855225
973.829956
976.018677
978.415344
981.013428
983.805786
986.784790
989.942200
993.269470
996.757446
1000.396484
1004.176758
1008.087830
1012.118896
1016.259094
1020.496887
1024.820801
1029.218872
1033.679077
1038.189331
1042.737061
1047.309937
1051.895264
1056.480713
1061.053589
1065.601318
1070.111450
1074.571777
1078.969849
1083.293701
1087.531494
1091.671753
1095.702881
1099.613892
1103.394165
1107.033203
1110.521240
1113.848511
1117.005981
1119.984985
1122.777344
1125.375366
1127.772095
1129.960815
1131.935547
1133.690918
1135.222046
1136.524780
1137.595581
1138.431519
1139.030151
1139.390015
1103.725464
1103.593628
1103.198486
1102.541138
1101.623413
1100.447754
1099.017334
1097.336182
1095.408936
1093.240723
1090.837646
1088.206299
1085.353760
1082.287842
1079.017090
1075.550293
1071.897217
1068.067627
1064.072144
1059.921631
1055.627441
1051.201538
1046.655884
1042.003052
1037.255737
1032.426880
1027.529785
1022.577881
1017.584717
1012.564026
1007.529541
1002.495056
997.474304
992.481201
987.529297
982.632202
977.803345
973.055969
968.403137
963.857483
959.431580
955.137451
950.986938
946.991455
943.161865
939.508728
936.041992
932.771240
929.705322
926.852783
924.221375
921.818237
919.650085
917.722839
916.041687
914.611328
913.435608
912.517822
911.860474
911.465271
911.333435
911.465271
911.860413
912.517761
913.435547
914.611206
916.041565
917.722656
919.649902
921.818054
924.221130
926.852539
929.705078
932.770935
936.041687
939.508423
943.161560
946.991089
950.986633
955.137146
959.431213
963.857178
968.402832
973.055725
977.803101
982.631958
987.529053
992.480957
997.474121
1002.494873
1007.529419
1012.563904
1017.584656
1022.577820
1027.529785
1032.426880
1037.255737
1042.003052
1046.656006
1051.201660
1055.627563
1059.921631
1064.072144
1068.067749
1071.897339
1075.550415
1079.017212
1082.287964
1085.353882
1088.206421
1090.837769
1093.240845
1095.409058
1097.336304
1099.017456
1100.447754
1101.623535
1102.541260
1103.198608
1103.593750
1099.913330
1099.765259
1099.321411
1098.583008
1097.552124
1096.231445
1094.624756
1092.736328
1090.571411
1088.135986
1085.436646
1082.480835
1079.276611
1075.832764
1072.158691
1068.264648
1064.161011
1059.859375
1055.371216
1050.708984
1045.885498
1040.913940
1035.807861
1030.581421
1025.248779
1019.824585
1014.323730
1008.761353
1003.152588
997.512939
991.857727
986.202515
980.562866
974.954102
969.391724
963.890869
958.466736
953.134033
947.907532
942.801514
937.829895
933.006409
928.344238
923.856140
919.554382
915.450867
911.556763
907.882690
904.438843
901.234619
898.278748
895.579407
893.143921
890.979065
889.090637
887.483887
886.163269
885.132324
884.393921
883.950073
883.801941
883.950012
884.393860
885.132263
886.163208
887.483765
889.090515
890.978882
893.143738
895.579163
898.278503
901.234375
904.438599
907.882385
911.556396
915.450500
919.554016
923.855713
928.343872
933.006042
937.829529
942.801147
947.907227
953.133728
958.466431
963.890625
969.391418
974.953857
980.562622
986.202332
991.857544
997.512756
1003.152527
1008.761230
1014.323669
1019.824524
1025.248779
1030.581421
1035.807983
1040.913940
1045.885620
1050.709106
1055.371338
1059.859497
1064.161133
1068.264771
1072.158813
1075.832886
1079.276733
1082.480957
1085.436768
1088.136108
1090.571655
1092.736450
1094.624878
1096.231567
1097.552246
1098.583130
1099.321533
1099.765259
1119.392090
1119.220581
1118.706543
1117.851318
1116.657227
1115.127686
1113.266846
1111.079712
1108.572266
1105.751587
1102.625244
1099.201782
1095.490601
1091.501953
1087.246704
1082.736572
1077.983887
1073.001587
1067.803467
1062.403687
1056.817139
1051.059082
1045.145264
1039.091919
1032.915649
1026.633423
1020.262390
1013.820068
1007.324036
1000.792175
994.242310
987.692505
981.160583
974.664612
968.222229
961.851196
955.568909
949.392700
943.339355
937.425537
931.667480
926.080872
920.681152
915.483032
910.500793
905.748047
901.237915
896.982666
892.994019
889.282898
885.859436
882.733032
879.912292
877.404907
875.217773
873.356873
871.827271
870.633240
869.778015
869.263916
869.092407
869.263916
869.777954
870.633179
871.827148
873.356689
875.217590
877.404663
879.912048
882.732788
885.859131
889.282593
892.993713
896.982300
901.237549
905.747681
910.500366
915.482605
920.680725
926.080444
931.667053
937.425110
943.338928
949.392334
955.568604
961.850891
968.221924
974.664307
981.160339
987.692261
994.242126
1000.791992
1007.323914
1013.819946
1020.262329
1026.633423
1032.915649
1039.091919
1045.145386
1051.059204
1056.817261
1062.403809
1067.803589
1073.001709
1077.984009
1082.736694
1087.246826
1091.502075
1095.490723
1099.201904
1102.625366
1105.751709
1108.572510
1111.079834
1113.266968
1115.127808
1116.657349
1117.851318
1118.706543
1119.220581
1140.229614
1140.035034
1139.452148
1138.482422
1137.128418
1135.393921
1133.283813
1130.803589
1127.960327
1124.761719
1121.216553
1117.334473
1113.126221
1108.603271
1103.777954
1098.663696
1093.274292
1087.624634
1081.730225
1075.607056
1069.272095
1062.742676
1056.036743
1049.172485
1042.168823
1035.045044
1027.820557
1020.515137
1013.148926
1005.742004
998.314758
990.887512
983.480652
976.114441
968.809021
961.584534
954.460693
947.457092
940.592834
933.886841
927.357422
921.022461
914.899353
909.004944
903.355225
897.965881
892.851563
888.026245
883.503296
879.294983
875.412964
871.867737
868.669128
865.825867
863.345703
861.235535
859.501099
858.147095
857.177246
856.594360
856.399841
856.594299
857.177246
858.146973
859.500916
861.235352
863.345520
865.825623
868.668823
871.867432
875.412598
879.294678
883.502930
888.025879
892.851074
897.965393
903.354797
909.004395
914.898865
921.021973
927.356934
933.886353
940.592407
947.456665
954.460327
961.584167
968.808716
976.114136
983.480347
990.887268
998.314575
1005.741821
1013.148743
1020.515015
1027.820435
1035.044922
1042.168823
1049.172485
1056.036743
1062.742798
1069.272217
1075.607178
1081.730347
1087.624756
1093.274414
1098.663818
1103.778198
1108.603516
1113.126465
1117.334717
1121.216797
1124.761963
1127.960571
1130.803833
1133.283936
1135.394043
1137.128540
1138.482422
1139.452148
1140.035156
1144.251221
1144.051758
1143.453857
1142.459229
1141.070435
1139.291504
1137.127197
1134.583496
1131.667236
1128.386597
1124.750488
1120.768799
1116.452637
1111.813599
1106.864624
1101.619019
1096.091431
1090.296875
1084.251221
1077.971069
1071.473633
1064.776733
1057.898682
1050.858398
1043.675049
1036.368530
1028.958740
1021.465942
1013.910767
1006.313904
998.696106
991.078369
983.481506
975.926331
968.433533
961.023743
953.717163
946.533875
939.493591
932.615540
925.918640
919.421143
913.141052
907.095398
901.300781
895.773193
890.527649
885.578613
880.939575
876.623352
872.641724
869.005615
865.724915
862.808716
860.264954
858.100647
856.321716
854.932983
853.938293
853.340393
853.140869
853.340332
853.938232
854.932861
856.321533
858.100464
860.264771
862.808472
865.724609
869.005249
872.641357
876.622986
880.939209
885.578186
890.527222
895.772705
901.300293
907.094849
913.140503
919.420654
925.918152
932.615051
939.493103
946.533447
953.716736
961.023315
968.433167
975.925964
983.481201
991.078125
998.695923
1006.313721
1013.910645
1021.465820
1028.958618
1036.368530
1043.675049
1050.858398
1057.898682
1064.776733
1071.473755
1077.971191
1084.251343
1090.296997
1096.091553
1101.619263
1106.864746
1111.813843
1116.452881
1120.769043
1124.750732
1128.386841
1131.667480
1134.583618
1137.127319
1139.291626
1141.070557
1142.459229
1143.453857
1144.051758
1183.001465
1182.772461
1182.086426
1180.945190
1179.351685
1177.310547
1174.827026
1171.908325
1168.562134
1164.797729
1160.625488
1156.056763
1151.104248
1145.781250
1140.102539
1134.083496
1127.740967
1121.091919
1114.154907
1106.948853
1099.493408
1091.809082
1083.916870
1075.838623
1067.596191
1059.212280
1050.709961
1042.112427
1033.443359
1024.726318
1015.985474
1007.244507
998.527527
989.858398
981.260864
972.758545
964.374695
956.132324
948.053955
940.161804
932.477478
925.022034
917.815918
910.878906
904.229980
897.887329
891.868408
886.189636
880.866699
875.914063
871.345337
867.173096
863.408691
860.062500
857.143738
854.660278
852.619080
851.025574
849.884277
849.198181
848.969299
849.198120
849.884155
851.025452
852.618896
854.660095
857.143494
860.062256
863.408386
867.172729
871.344971
875.913635
880.866211
886.189148
891.867859
897.886780
904.229370
910.878296
917.815369
925.021484
932.476929
940.161255
948.053467
956.131775
964.374207
972.758118
981.260498
989.858032
998.527222
1007.244202
1015.985168
1024.726196
1033.443237
1042.112305
1050.709961
1059.212280
1067.596191
1075.838623
1083.916992
1091.809204
1099.493530
1106.948975
1114.155151
1121.092163
1127.741089
1134.083740
1140.102661
1145.781494
1151.104370
1156.057007
1160.625732
1164.797974
1168.562378
1171.908447
1174.827271
1177.310669
1179.351807
1180.945313
1182.086548
1182.772583
1138.676514
1138.478760
1137.885986
1136.899658
1135.522827
1133.758911
1131.613037
1129.090820
1126.199463
1122.946655
1119.341431
1115.393555
1111.114014
1106.514404
1101.607300
1096.406372
1090.925659
1085.180298
1079.185913
1072.959106
1066.516846
1059.876709
1053.057129
1046.076538
1038.954346
1031.709717
1024.362793
1016.933716
1009.442688
1001.910278
994.357178
986.804138
979.271729
971.780701
964.351563
957.004639
949.760071
942.637817
935.657288
928.837646
922.197571
915.755310
909.528442
903.534119
897.788757
892.308044
887.107056
882.200012
877.600403
873.320801
869.372986
865.767700
862.514893
859.623413
857.101318
854.955322
853.191528
851.814575
850.828369
850.235535
850.037720
850.235474
850.828247
851.814453
853.191406
854.955200
857.101074
859.623230
862.514648
865.767395
869.372681
873.320435
877.600037
882.199585
887.106628
892.307556
897.788269
903.533630
909.527954
915.754761
922.197083
928.837158
935.656799
942.637390
949.759705
957.004272
964.351196
971.780396
979.271423
986.803833
994.356995
1001.910095
1009.442505
1016.933594
1024.362793
1031.709717
1038.954224
1046.076660
1053.057129
1059.876831
1066.516968
1072.959229
1079.186035
1085.180420
1090.925781
1096.406494
1101.607544
1106.514526
1111.114136
1115.393799
1119.341553
1122.946777
1126.199585
1129.091064
1131.613159
1133.759033
1135.522949
1136.899780
1137.885986
1138.478760
1113.208618
1113.033325
1112.507935
1111.633911
1110.413574
1108.850220
1106.948364
1104.713013
1102.150513
1099.267578
1096.072266
1092.573486
1088.780518
1084.703979
1080.354980
1075.745483
1070.888062
1065.796021
1060.483398
1054.964722
1049.255127
1043.370117
1037.326050
1031.139404
1024.827026
1018.406372
1011.894958
1005.310669
998.671570
991.995789
985.301636
978.607544
971.931763
965.292603
958.708313
952.196899
945.776245
939.463928
933.277222
927.233154
921.348206
915.638550
910.119873
904.807190
899.715210
894.857788
890.248230
885.899292
881.822754
878.029846
874.530945
871.335693
868.452759
865.890137
863.654846
861.752930
860.189697
858.969360
858.095276
857.569824
857.394531
857.569824
858.095215
858.969238
860.189575
861.752808
863.654663
865.889954
868.452515
871.335449
874.530640
878.029541
881.822388
885.898926
890.247864
894.857361
899.714783
904.806763
910.119385
915.638123
921.347778
927.232727
933.276794
939.463501
945.775879
952.196594
958.708008
965.292297
971.931458
978.607300
985.301453
991.995605
998.671448
1005.310608
1011.894897
1018.406372
1024.827026
1031.139404
1037.326050
1043.370239
1049.255127
1054.964844
1060.483521
1065.796265
1070.888184
1075.745605
1080.355225
1084.704224
1088.780762
1092.573608
1096.072510
1099.267700
1102.150635
1104.713257
1106.948486
1108.850342
1110.413574
1111.633911
1112.507935
1113.033325
1115.821045
1115.640991
1115.101196
1114.203247
1112.949707
1111.343750
1109.389893
1107.093506
1104.460938
1101.499390
1098.216797
1094.622437
1090.725952
1086.538208
1082.070435
1077.335083
1072.344971
1067.114014
1061.656250
1055.986938
1050.121338
1044.075684
1037.866577
1031.510986
1025.026367
1018.430359
1011.741211
1004.977112
998.156738
991.298645
984.421753
977.544861
970.686829
963.866394
957.102356
950.413147
943.817200
937.332520
930.976868
924.767761
918.722168
912.856628
907.187256
901.729553
896.498535
891.508484
886.773071
882.305359
878.117493
874.221069
870.626648
867.344116
864.382507
861.749939
859.453552
857.499756
855.893799
854.640137
853.742188
853.202454
853.022339
853.202393
853.742126
854.640015
855.893677
857.499573
859.453369
861.749695
864.382263
867.343872
870.626343
874.220703
878.117188
882.304993
886.772705
891.508057
896.498047
901.729065
907.186768
912.856140
918.721680
924.767334
930.976501
937.332092
943.816833
950.412781
957.101990
963.866089
970.686523
977.544617
984.421570
991.298523
998.156616
1004.977051
1011.741150
1018.430359
1025.026367
1031.510986
1037.866699
1044.075806
1050.121460
1055.987061
1061.656372
1067.114136
1072.345215
1077.335205
1082.070557
1086.538330
1090.726196
1094.622681
1098.217041
1101.499512
1104.461182
1107.093750
1109.390015
1111.343872
1112.949707
1114.203369
1115.101318
1115.640991
1140.173462
1139.977539
1139.390259
1138.413208
1137.049072
1135.301514
1133.175537
1130.676758
1127.812134
1124.589478
1121.017578
1117.106445
1112.866455
1108.309570
1103.447998
1098.295166
1092.865356
1087.173218
1081.234497
1075.065308
1068.682739
1062.104248
1055.347900
1048.432007
1041.375854
1034.198486
1026.919678
1019.559326
1012.137756
1004.675232
997.192139
989.709106
982.246521
974.824951
967.464661
960.185852
953.008484
945.952271
939.036438
932.280029
925.701477
919.318970
913.149841
907.211121
901.518982
896.089111
890.936279
886.074768
881.517822
877.277893
873.366638
869.794800
866.572144
863.707520
861.208740
859.082703
857.335205
855.971069
854.993958
854.406616
854.210632
854.406616
854.993896
855.970947
857.335083
859.082520
861.208557
863.707275
866.571899
869.794495
873.366333
877.277527
881.517456
886.074341
890.935852
896.088623
901.518494
907.210571
913.149353
919.318481
925.701050
932.279541
939.036011
945.951843
953.008118
960.185486
967.464355
974.824646
982.246277
989.708862
997.191956
1004.675049
1012.137634
1019.559265
1026.919556
1034.198364
1041.375732
1048.432129
1055.347900
1062.104370
1068.682861
1075.065430
1081.234619
1087.173340
1092.865479
1098.295410
1103.448120
1108.309692
1112.866699
1117.106567
1121.017822
1124.589600
1127.812256
1130.676880
1133.175659
1135.301636
1137.049072
1138.413208
1139.390259
1139.977539
1152.323120
1152.121338
1151.516724
1150.510742
1149.106445
1147.307373
1145.118652
1142.546143
1139.597046
1136.279297
1132.602051
1128.575439
1124.210449
1119.519043
1114.514160
1109.209351
1103.619263
1097.759155
1091.645264
1085.294189
1078.723267
1071.950684
1064.994995
1057.875122
1050.610718
1043.221680
1035.728027
1028.150635
1020.510132
1012.827454
1005.123596
997.419800
989.737061
982.096558
974.519165
967.025635
959.636475
952.372070
945.252197
938.296509
931.523926
924.953064
918.601990
912.488037
906.627991
901.037903
895.733093
890.728149
886.036743
881.671753
877.645142
873.967896
870.650146
867.701050
865.128540
862.939758
861.140747
859.736328
858.730408
858.125732
857.924011
858.125732
858.730347
859.736206
861.140564
862.939575
865.128357
867.700806
870.649902
873.967590
877.644775
881.671387
886.036377
890.727722
895.732666
901.037415
906.627441
912.487488
918.601440
924.952576
931.523438
938.296021
945.251770
952.371643
959.636108
967.025208
974.518799
982.096252
989.736816
997.419556
1005.123413
1012.827271
1020.510010
1028.150513
1035.728027
1043.221558
1050.610718
1057.875122
1064.994995
1071.950806
1078.723389
1085.294312
1091.645386
1097.759399
1103.619385
1109.209473
1114.514282
1119.519287
1124.210693
1128.575684
1132.602295
1136.279541
1139.597168
1142.546265
1145.118774
1147.307495
1149.106567
1150.510864
1151.516724
1152.121338
1129.912109
1129.721313
1129.149170
1128.197388
1126.868652
1125.166382
1123.095459
1120.661377
1117.870972
1114.731689
1111.252441
1107.442505
1103.312378
1098.873413
1094.137817
1089.118530
1083.829346
1078.284668
1072.499634
1066.490356
1060.273071
1053.864990
1047.283569
1040.546875
1033.673462
1026.681885
1019.591675
1012.422058
1005.192688
997.923401
990.634155
983.344910
976.075684
968.846313
961.676636
954.586426
947.594910
940.721436
933.984741
927.403320
920.995239
914.777954
908.768677
902.983704
897.439026
892.149780
887.130493
882.394836
877.955933
873.825806
870.015869
866.536560
863.397339
860.606934
858.172852
856.101929
854.399658
853.070862
852.119080
851.546936
851.356079
851.546875
852.119019
853.070740
854.399536
856.101746
858.172668
860.606689
863.397095
866.536255
870.015564
873.825500
877.955566
882.394470
887.130066
892.149353
897.438538
902.983215
908.768188
914.777466
920.994751
927.402893
933.984314
940.721008
947.594543
954.586060
961.676331
968.846008
976.075378
983.344666
990.633972
997.923218
1005.192505
1012.421936
1019.591614
1026.681885
1033.673340
1040.546875
1047.283691
1053.865112
1060.273193
1066.490479
1072.499756
1078.284790
1083.829468
1089.118774
1094.138062
1098.873657
1103.312622
1107.442627
1111.252563
1114.731934
1117.871094
1120.661499
1123.095581
1125.166504
1126.868652
1128.197510
1129.149170
1129.721313
1152.174561
1151.972900
1151.368652
1150.363159
1148.959473
1147.161255
1144.973633
1142.402344
1139.454590
1136.138428
1132.463013
1128.438232
1124.075439
1119.386230
1114.383667
1109.081421
1103.494019
1097.636719
1091.525635
1085.177612
1078.609863
1071.840576
1064.888062
1057.771606
1050.510742
1043.125122
1035.635132
1028.061279
1020.424438
1012.745422
1005.045227
997.345093
989.666077
982.029175
974.455322
966.965393
959.579773
952.318848
945.202393
938.249939
931.480591
924.912903
918.564819
912.453735
906.596497
901.009094
895.706848
890.704285
886.015076
881.652161
877.627441
873.952026
870.635864
867.688110
865.116821
862.929077
861.130920
859.727173
858.721741
858.117371
857.915710
858.117310
858.721680
859.727051
861.130798
862.928955
865.116638
867.687866
870.635559
873.951660
877.627136
881.651794
886.014709
890.703857
895.706360
901.008606
906.596008
912.453247
918.564270
924.912354
931.480103
938.249451
945.201904
952.318359
959.579407
966.965027
974.455017
982.028809
989.665771
997.344849
1005.045044
1012.745239
1020.424316
1028.061279
1035.635010
1043.125000
1050.510742
1057.771729
1064.888184
1071.840576
1078.609985
1085.177734
1091.525879
1097.636841
1103.494141
1109.081543
1114.383789
1119.386475
1124.075562
1128.438477
1132.463135
1136.138672
1139.454834
1142.402466
1144.973755
1147.161377
1148.959595
1150.363281
1151.368652
1151.973022
1161.657471
1161.460449
1160.869751
1159.887085
1158.515015
1156.757568
1154.619263
1152.106201
1149.225098
1145.984009
1142.391724
1138.458008
1134.193726
1129.610596
1124.721191
1119.538818
1114.077881
1108.353027
1102.380249
1096.175659
1089.756470
1083.140259
1076.345093
1069.389648
1062.292847
1055.074341
1047.753784
1040.351196
1032.887085
1025.381714
1017.855652
1010.329651
1002.824280
995.360107
987.957581
980.637024
973.418457
966.321716
959.366211
952.571045
945.954773
939.535645
933.331116
927.358276
921.633484
916.172485
910.990112
906.100708
901.517578
897.253296
893.319641
889.727295
886.486145
883.605103
881.091980
878.953735
877.196167
875.824219
874.841492
874.250793
874.053711
874.250793
874.841431
875.824097
877.196045
878.953552
881.091797
883.604858
886.485840
889.726990
893.319336
897.252930
901.517151
906.100281
910.989685
916.171997
921.632996
927.357788
933.330627
939.535095
945.954285
952.570557
959.365784
966.321289
973.418091
980.636658
987.957275
995.359802
1002.824036
1010.329407
1017.855469
1025.381470
1032.886841
1040.351074
1047.753662
1055.074219
1062.292847
1069.389648
1076.345093
1083.140381
1089.756592
1096.175781
1102.380371
1108.353149
1114.078003
1119.539063
1124.721436
1129.610840
1134.193970
1138.458252
1142.391846
1145.984131
1149.225342
1152.106445
1154.619507
1156.757690
1158.515137
1159.887085
1160.869751
1161.460449
1143.563721
1143.375000
1142.809082
1141.867676
1140.553345
1138.869629
1136.821167
1134.413574
1131.653564
1128.548584
1125.107056
1121.338623
1117.253418
1112.862793
1108.178711
1103.213989
1097.982300
1092.497925
1086.775879
1080.832031
1074.682373
1068.343994
1061.834229
1055.170776
1048.372070
1041.456665
1034.443604
1027.351929
1020.201233
1013.011047
1005.801086
998.591187
991.401001
984.250305
977.158630
970.145508
963.230103
956.431396
949.768005
943.258179
936.919800
930.770203
924.826233
919.104248
913.619873
908.388184
903.423462
898.739380
894.348755
890.263550
886.495117
883.053650
879.948608
877.188477
874.780945
872.732483
871.048767
869.734375
868.792969
868.227051
868.038269
868.227051
868.792908
869.734314
871.048645
872.732300
874.780762
877.188293
879.948364
883.053345
886.494751
890.263245
894.348389
898.739014
903.423035
908.387756
913.619385
919.103760
924.825745
930.769714
936.919312
943.257751
949.767578
956.430969
963.229736
970.145142
977.158325
984.250000
991.400696
998.590942
1005.800903
1013.010864
1020.201050
1027.351807
1034.443481
1041.456665
1048.372070
1055.170776
1061.834229
1068.344116
1074.682495
1080.832153
1086.776123
1092.498047
1097.982422
1103.214111
1108.178833
1112.863037
1117.253662
1121.338745
1125.107300
1128.548706
1131.653687
1134.413818
1136.821289
1138.869751
1140.553467
1141.867798
1142.809204
1143.375000
1145.020142
1144.838501
1144.293945
1143.388062
1142.123291
1140.503052
1138.531860
1136.215088
1133.559082
1130.571167
1127.259399
1123.633057
1119.701904
1115.476807
1110.969360
1106.191895
1101.157471
1095.879883
1090.373657
1084.653809
1078.736084
1072.636719
1066.372437
1059.960205
1053.417969
1046.763306
1040.014526
1033.190308
1026.309326
1019.390259
1012.452148
1005.514099
998.595032
991.713989
984.889709
978.141052
971.486389
964.944031
958.531921
952.267578
946.168152
940.250488
934.530640
929.024414
923.746826
918.712402
913.934937
909.427429
905.202393
901.271240
897.644836
894.333130
891.345215
888.689209
886.372437
884.401184
882.781006
881.516174
880.610229
880.065674
879.883972
880.065674
880.610168
881.516052
882.780884
884.401062
886.372192
888.688965
891.344971
894.332886
897.644531
901.270935
905.202026
909.427063
913.934509
918.711975
923.746399
929.023926
934.530151
940.250000
946.167725
952.267151
958.531494
964.943665
971.486023
978.140686
984.889404
991.713684
998.594788
1005.513855
1012.451965
1019.390076
1026.309204
1033.190308
1040.014526
1046.763184
1053.417847
1059.960327
1066.372437
1072.636841
1078.736206
1084.653931
1090.373779
1095.880005
1101.157593
1106.192017
1110.969604
1115.477051
1119.702148
1123.633179
1127.259644
1130.571289
1133.559204
1136.215210
1138.531982
1140.503174
1142.123413
1143.388184
1144.294067
1144.838501
1144.795898
1144.610718
1144.055664
1143.132324
1141.843140
1140.191650
1138.182495
1135.821167
1133.114014
1130.068481
1126.692993
1122.996826
1118.989990
1114.683472
1110.089233
1105.219727
1100.088379
1094.709106
1089.096802
1083.266846
1077.235107
1071.018311
1064.633301
1058.097656
1051.429321
1044.646484
1037.767822
1030.812134
1023.798584
1016.746277
1009.674561
1002.602905
995.550537
988.536987
981.581299
974.702637
967.919800
961.251465
954.715820
948.330811
942.113953
936.082275
930.252319
924.640015
919.260803
914.129395
909.259888
904.665649
900.359131
896.352295
892.656067
889.280579
886.235107
883.527954
881.166504
879.157349
877.505920
876.216797
875.293396
874.738342
874.553162
874.738281
875.293335
876.216675
877.505798
879.157227
881.166382
883.527710
886.234863
889.280334
892.655762
896.351990
900.358765
904.665222
909.259460
914.128967
919.260376
924.639526
930.251831
936.081787
942.113525
948.330383
954.715393
961.251038
967.919434
974.702271
981.580994
988.536682
995.550293
1002.602661
1009.674377
1016.746094
1023.798462
1030.812134
1037.767822
1044.646484
1051.429321
1058.097656
1064.633423
1071.018433
1077.235229
1083.266968
1089.096924
1094.709229
1100.088501
1105.219849
1110.089355
1114.683716
1118.990112
1122.996948
1126.693237
1130.068726
1133.114136
1135.821289
1138.182617
1140.191895
1141.843262
1143.132324
1144.055664
1144.610718
1115.185059
1115.016968
1114.513428
1113.675659
1112.505981
1111.007568
1109.184692
1107.042236
1104.585938
1101.822754
1098.760132
1095.406494
1091.771118
1087.863770
1083.695313
1079.277222
1074.621460
1069.740845
1064.648682
1059.359131
1053.886597
1048.245972
1042.452759
1036.522949
1030.472656
1024.318481
1018.077454
1011.766479
1005.403015
999.004333
992.588135
986.171936
979.773315
973.409790
967.098816
960.857727
954.703613
948.653381
942.723511
936.930359
931.289734
925.817139
920.527527
915.435425
910.554810
905.899048
901.480896
897.312500
893.405151
889.769714
886.416138
883.353516
880.590271
878.134033
875.991516
874.168579
872.670227
871.500549
870.662781
870.159180
869.991150
870.159119
870.662720
871.500488
872.670105
874.168457
875.991333
878.133850
880.590088
883.353271
886.415833
889.769409
893.404846
897.312134
901.480530
905.898682
910.554443
915.434998
920.527100
925.816711
931.289307
936.929932
942.723145
948.653015
954.703308
960.857422
967.098511
973.409485
979.773071
986.171692
992.587952
999.004211
1005.402893
1011.766418
1018.077393
1024.318481
1030.472656
1036.522949
1042.452759
1048.245972
1053.886597
1059.359253
1064.648926
1069.740967
1074.621582
1079.277344
1083.695557
1087.864014
1091.771240
1095.406738
1098.760254
1101.822876
1104.586060
1107.042358
1109.184814
1111.007690
1112.506104
1113.675781
1114.513428
1115.016968
1125.057739
1124.883057
1124.359375
1123.488281
1122.271973
1120.713867
1118.818115
1116.590210
1114.036011
1111.162598
1107.977905
1104.490479
1100.710083
1096.646973
1092.312256
1087.717896
1082.876465
1077.801270
1072.506104
1067.005493
1061.314697
1055.449097
1049.424927
1043.258545
1036.967041
1030.567505
1024.077515
1017.514893
1010.897583
1004.243774
997.571655
990.899536
984.245728
977.628479
971.065796
964.575867
958.176270
951.884766
945.718384
939.694214
933.828613
928.137756
922.637207
917.342041
912.266785
907.425354
902.830994
898.496338
894.433228
890.652771
887.165405
883.980652
881.107239
878.553040
876.325073
874.429443
872.871338
871.655029
870.783813
870.260132
870.085388
870.260132
870.783752
871.654907
872.871216
874.429321
876.324890
878.552856
881.106995
883.980408
887.165161
890.652466
894.432861
898.495972
902.830627
907.424927
912.266357
917.341614
922.636780
928.137329
933.828186
939.693787
945.718018
951.884338
958.175964
964.575500
971.065491
977.628174
984.245483
990.899353
997.571472
1004.243591
1010.897461
1017.514771
1024.077393
1030.567505
1036.967041
1043.258545
1049.424927
1055.449219
1061.314819
1067.005615
1072.506226
1077.801392
1082.876709
1087.718140
1092.312500
1096.647095
1100.710327
1104.490723
1107.978027
1111.162842
1114.036133
1116.590332
1118.818359
1120.713867
1122.271973
1123.488281
1124.359497
1124.883057
1116.040405
1115.872314
1115.368408
1114.530151
1113.359863
1111.860596
1110.036621
1107.892944
1105.435303
1102.670532
1099.606201
1096.250732
1092.613281
1088.703735
1084.532959
1080.112305
1075.453979
1070.570557
1065.475586
1060.183105
1054.707397
1049.063599
1043.267090
1037.333984
1031.280273
1025.122681
1018.878052
1012.563599
1006.196472
999.794250
993.374390
986.954529
980.552307
974.185242
967.870728
961.626099
955.468567
949.414856
943.481689
937.685242
932.041443
926.565735
921.273132
916.178223
911.294861
906.636475
902.215820
898.045044
894.135498
890.498047
887.142517
884.078186
881.313416
878.855774
876.712036
874.888062
873.388855
872.218506
871.380249
870.876404
870.708252
870.876343
871.380249
872.218445
873.388794
874.887939
876.711914
878.855591
881.313171
884.077942
887.142212
890.497742
894.135193
898.044678
902.215454
906.636047
911.294434
916.177734
921.272705
926.565308
932.041016
937.684814
943.481262
949.414490
955.468201
961.625793
967.870422
974.184937
980.552063
986.954346
993.374207
999.794067
1006.196350
1012.563477
1018.877991
1025.122681
1031.280273
1037.333984
1043.267212
1049.063599
1054.707397
1060.183105
1065.475708
1070.570679
1075.454102
1080.112427
1084.533081
1088.703857
1092.613403
1096.250854
1099.606445
1102.670776
1105.435547
1107.893066
1110.036865
1111.860718
1113.359985
1114.530273
1115.368408
1115.872314
1104.754517
1104.594727
1104.115723
1103.318848
1102.206421
1100.781250
1099.047363
1097.009644
1094.673462
1092.045288
1089.132324
1085.942627
1082.484863
1078.768433
1074.803711
1070.601563
1066.173340
1061.531250
1056.687988
1051.656860
1046.451782
1041.086792
1035.576782
1029.936646
1024.182129
1018.328735
1012.392700
1006.390137
1000.337646
994.251709
988.149048
982.046387
975.960449
969.907959
963.905396
957.969360
952.116028
946.361389
940.721375
935.211304
929.846313
924.641174
919.610107
914.766846
910.124756
905.696533
901.494324
897.529602
893.813232
890.355469
887.165771
884.252808
881.624634
879.288452
877.250610
875.516785
874.091614
872.979126
872.182251
871.703308
871.543457
871.703247
872.182251
872.979004
874.091553
875.516602
877.250488
879.288269
881.624390
884.252563
887.165466
890.355164
893.812927
897.529236
901.493958
905.696167
910.124390
914.766479
919.609680
924.640808
929.845947
935.210938
940.721008
946.361084
952.115662
957.969055
963.905151
969.907715
975.960266
982.046204
988.148865
994.251587
1000.337524
1006.390076
1012.392639
1018.328735
1024.182129
1029.936646
1035.576782
1041.086914
1046.451782
1051.656982
1056.688110
1061.531372
1066.173462
1070.601685
1074.803955
1078.768677
1082.484985
1085.942749
1089.132446
1092.045410
1094.673584
1097.009766
1099.047485
1100.781372
1102.206543
1103.318970
1104.115723
1104.594727
1107.770630
1107.610840
1107.132202
1106.335693
1105.223755
1103.799194
1102.066162
1100.029297
1097.694214
1095.067261
1092.155640
1088.967407
1085.511230
1081.796631
1077.833740
1073.633423
1069.207275
1064.567261
1059.726318
1054.697510
1049.494751
1044.132324
1038.624756
1032.987305
1027.235352
1021.384766
1015.451416
1009.451660
1003.401978
997.318848
991.218994
985.119141
979.036011
972.986328
966.986572
961.053223
955.202576
949.450623
943.813171
938.305664
932.943176
927.740417
922.711670
917.870667
913.230713
908.804565
904.604248
900.641357
896.926758
893.470581
890.282288
887.370728
884.743713
882.408630
880.371765
878.638672
877.214233
876.102234
875.305725
874.826965
874.667236
874.826965
875.305664
876.102112
877.214111
878.638550
880.371582
882.408447
884.743530
887.370483
890.282043
893.470276
896.926392
900.640991
904.603882
908.804199
913.230347
917.870239
922.711243
927.740051
932.942810
938.305298
943.812805
949.450317
955.202271
961.052917
966.986267
972.986084
979.035828
985.118958
991.218811
997.318665
1003.401855
1009.451599
1015.451355
1021.384705
1027.235352
1032.987305
1038.624878
1044.132324
1049.494873
1054.697632
1059.726440
1064.567383
1069.207397
1073.633545
1077.833862
1081.796753
1085.511353
1088.967529
1092.155884
1095.067383
1097.694336
1100.029419
1102.066284
1103.799316
1105.223755
1106.335815
1107.132202
1107.610962
1098.612793
1098.457031
1097.990234
1097.213745
1096.129639
1094.740723
1093.051025
1091.065186
1088.788452
1086.227295
1083.388550
1080.280029
1076.910400
1073.288696
1069.424927
1065.329834
1061.014282
1056.490479
1051.770630
1046.867676
1041.795166
1036.566772
1031.197144
1025.700806
1020.092712
1014.388489
1008.603638
1002.754028
996.855652
990.924744
984.977539
979.030334
973.099426
967.201050
961.351440
955.566589
949.862305
944.254333
938.757935
933.388245
928.159912
923.087341
918.184448
913.464600
908.940735
904.625305
900.530090
896.666382
893.044678
889.674988
886.566528
883.727783
881.166565
878.889832
876.903931
875.214233
873.825439
872.741272
871.964722
871.497925
871.342163
871.497925
871.964661
872.741150
873.825317
875.214111
876.903809
878.889648
881.166321
883.727539
886.566284
889.674683
893.044373
896.666016
900.529785
904.624939
908.940369
913.464172
918.184021
923.086975
928.159546
933.387878
938.757568
944.253967
949.862000
955.566284
961.351196
967.200806
973.099182
979.030151
984.977356
990.924622
996.855530
1002.753906
1008.603577
1014.388428
1020.092712
1025.700806
1031.197144
1036.566895
1041.795166
1046.867798
1051.770752
1056.490601
1061.014526
1065.329956
1069.425171
1073.288818
1076.910522
1080.280273
1083.388672
1086.227417
1088.788574
1091.065308
1093.051147
1094.740845
1096.129639
1097.213867
1097.990356
1098.457031
1105.663330
1105.501709
1105.017334
1104.211670
1103.086670
1101.645508
1099.892212
1097.831543
1095.469238
1092.811523
1089.865967
1086.640503
1083.143921
1079.385986
1075.376709
1071.127441
1066.649536
1061.955322
1057.057861
1051.970337
1046.706787
1041.281738
1035.709839
1030.006592
1024.187500
1018.268494
1012.265869
1006.196045
1000.075684
993.921509
987.750427
981.579346
975.425171
969.304810
963.234985
957.232361
951.313354
945.494263
939.790955
934.219116
928.794006
923.530518
918.442993
913.545471
908.851318
904.373413
900.124084
896.114929
892.356934
888.860352
885.634888
882.689270
880.031616
877.669250
875.608582
873.855286
872.414185
871.289185
870.483398
869.999023
869.837402
869.999023
870.483337
871.289063
872.414063
873.855103
875.608398
877.669067
880.031372
882.689026
885.634583
888.860046
892.356567
896.114563
900.123718
904.373047
908.850952
913.545044
918.442566
923.530090
928.793640
934.218750
939.790588
945.493896
951.313049
957.232056
963.234680
969.304565
975.424927
981.579163
987.750244
993.921387
1000.075562
1006.195984
1012.265808
1018.268494
1024.187500
1030.006592
1035.709961
1041.281738
1046.706909
1051.970459
1057.057983
1061.955566
1066.649658
1071.127563
1075.376953
1079.386108
1083.144043
1086.640625
1089.866089
1092.811768
1095.469360
1097.831665
1099.892334
1101.645630
1103.086670
1104.211670
1105.017456
1105.501709
1051.134766
1051.002319
1050.605469
1049.945313
1049.023560
1047.842773
1046.406128
1044.717773
1042.782104
1040.604492
1038.191040
1035.548096
1032.683228
1029.604004
1026.319092
1022.837280
1019.168274
1015.322083
1011.309204
1007.140686
1002.827942
998.382813
993.817444
989.144348
984.376404
979.526611
974.608276
969.634888
964.620056
959.577515
954.521179
949.464783
944.422302
939.407471
934.434082
929.515747
924.665955
919.897949
915.224915
910.659546
906.214355
901.901672
897.733154
893.720276
889.874084
886.205078
882.723267
879.438293
876.359131
873.494202
870.851318
868.437805
866.260254
864.324585
862.636108
861.199524
860.018738
859.096985
858.436768
858.039856
857.907471
858.039856
858.436707
859.096924
860.018677
861.199463
862.635986
864.324402
866.260071
868.437622
870.851074
873.493958
876.358887
879.437988
882.722961
886.204712
889.873718
893.719910
897.732788
901.901306
906.214050
910.659241
915.224609
919.897705
924.665649
929.515503
934.433838
939.407288
944.422119
949.464661
954.521057
959.577393
964.619934
969.634766
974.608215
979.526550
984.376404
989.144409
993.817505
998.382874
1002.828003
1007.140747
1011.309326
1015.322144
1019.168396
1022.837402
1026.319214
1029.604126
1032.683350
1035.548340
1038.191162
1040.604614
1042.782227
1044.717896
1046.406250
1047.842773
1049.023560
1049.945313
1050.605591
1051.002441
1187.047363
1186.851929
1186.266113
1185.291626
1183.931152
1182.188232
1180.067871
1177.575806
1174.718750
1171.504761
1167.942383
1164.041504
1159.812866
1155.268066
1150.419434
1145.280396
1139.864868
1134.187988
1128.265015
1122.112305
1115.746704
1109.185669
1102.447266
1095.549805
1088.512329
1081.354004
1074.094604
1066.753906
1059.352051
1051.909302
1044.446167
1036.982910
1029.540283
1022.138367
1014.797668
1007.538208
1000.379944
993.342468
986.445007
979.706543
973.145569
966.779968
960.627258
954.704285
949.027344
943.611877
938.472778
933.624207
929.079346
924.850708
920.949829
917.387512
914.173401
911.316406
908.824280
906.703857
904.960999
903.600464
902.625977
902.040222
901.844788
902.040161
902.625916
903.600342
904.960876
906.703735
908.824097
911.316162
914.173157
917.387207
920.949524
924.850342
929.078918
933.623779
938.472351
943.611389
949.026855
954.703796
960.626770
966.779480
973.145081
979.706116
986.444580
993.342041
1000.379578
1007.537842
1014.797363
1022.138062
1029.539917
1036.982666
1044.445923
1051.909058
1059.351807
1066.753784
1074.094482
1081.354004
1088.512329
1095.549805
1102.447266
1109.185791
1115.746826
1122.112427
1128.265137
1134.188110
1139.865112
1145.280518
1150.419678
1155.268188
1159.813110
1164.041748
1167.942627
1171.504883
1174.718994
1177.575928
1180.068115
1182.188477
1183.931274
1185.291748
1186.266235
1186.851929
997.946594
997.884644
997.699036
997.390198
996.958984
996.406616
995.734619
994.944824
994.039307
993.020691
991.891663
990.655396
989.315247
987.874817
986.338135
984.709412
982.993103
981.193909
979.316772
977.366821
975.349365
973.270020
971.134399
968.948364
966.718018
964.449341
962.148621
959.822144
957.476257
955.117432
952.752136
950.386841
948.028076
945.682190
943.355713
941.054993
938.786316
936.555908
934.369934
932.234314
930.154968
928.137512
926.187561
924.310364
922.511169
920.794861
919.166138
917.629517
916.189087
914.848938
913.612610
912.483643
911.464966
910.559509
909.769653
909.097656
908.545288
908.114136
907.805298
907.619629
907.557678
907.619629
907.805237
908.114075
908.545288
909.097595
909.769592
910.559448
911.464905
912.483521
913.612549
914.848816
916.188965
917.629333
919.166016
920.794739
922.511047
924.310242
926.187378
928.137390
930.154785
932.234192
934.369812
936.555786
938.786194
941.054871
943.355591
945.682129
948.027954
950.386780
952.752075
955.117371
957.476196
959.822083
962.148560
964.449341
966.718018
968.948364
971.134399
973.270020
975.349426
977.366821
979.316833
981.193970
982.993164
984.709473
986.338196
987.874878
989.315308
990.655457
991.891724
993.020752
994.039368
994.944824
995.734680
996.406677
996.959045
997.390198
997.699036
997.884644
