-294 40.537983 994.393677
-294 42.344330 994.346375
-294 44.145729 994.204590
-294 45.937237 993.968750
-294 47.713943 993.639465
-294 49.470985 993.217651
-294 51.203541 992.704407
-294 52.906860 992.101257
-294 54.576283 991.409729
-294 56.207226 990.631836
-294 57.795219 989.769592
-294 59.335911 988.825500
-294 60.825081 987.802002
-294 62.258644 986.701965
-294 63.632671 985.528442
-294 64.943398 984.284607
-294 66.187233 982.973877
-294 67.360764 981.599854
-294 68.460777 980.166321
-294 69.484253 978.677124
-294 70.428391 977.136475
-294 71.290604 975.548462
-294 72.068520 973.917542
-294 72.760010 972.248108
-294 73.363190 970.544800
-294 73.876396 968.812195
-294 74.298225 967.055176
-294 74.627518 965.278503
-294 74.863373 963.487000
-294 75.005150 961.685547
-294 75.052452 959.879211
-294 75.005157 958.072876
-294 74.863380 956.271484
-294 74.627525 954.479980
-294 74.298233 952.703247
-294 73.876404 950.946228
-294 73.363205 949.213684
-294 72.760025 947.510376
-294 72.068535 945.840942
-294 71.290619 944.210022
-294 70.428406 942.622009
-294 69.484276 941.081299
-294 68.460800 939.592163
-294 67.360794 938.158569
-294 66.187263 936.784546
-294 64.943436 935.473816
-294 63.632706 934.229980
-294 62.258682 933.056458
-294 60.825127 931.956421
-294 59.335960 930.932983
-294 57.795269 929.988831
-294 56.207279 929.126648
-294 54.576340 928.348694
-294 52.906921 927.657227
-294 51.203606 927.054016
-294 49.471054 926.540833
-294 47.714016 926.118958
-294 45.937309 925.789673
-294 44.145802 925.553833
-294 42.344406 925.412048
-294 40.538063 925.364746
-294 38.731716 925.412048
-294 36.930321 925.553833
-294 35.138817 925.789673
-294 33.362106 926.118958
-294 31.605068 926.540771
-294 29.872513 927.053955
-294 28.169189 927.657166
-294 26.499771 928.348633
-294 24.868828 929.126526
-294 23.280834 929.988770
-294 21.740141 930.932861
-294 20.250971 931.956360
-294 18.817406 933.056335
-294 17.443375 934.229919
-294 16.132645 935.473694
-294 14.888809 936.784424
-294 13.715275 938.158447
-294 12.615253 939.592041
-294 11.591768 941.081177
-294 10.647623 942.621887
-294 9.785406 944.209900
-294 9.007481 945.840820
-294 8.315979 947.510254
-294 7.712795 949.213562
-294 7.199581 950.946167
-294 6.777748 952.703186
-294 6.448452 954.479919
-294 6.212593 956.271423
-294 6.070816 958.072815
-294 6.023514 959.879150
-294 6.070812 961.685547
-294 6.212585 963.486938
-294 6.448441 965.278442
-294 6.777737 967.055176
-294 7.199566 968.812195
-294 7.712772 970.544800
-294 8.315952 972.248108
-294 9.007454 973.917542
-294 9.785376 975.548462
-294 10.647591 977.136475
-294 11.591732 978.677185
-294 12.615215 980.166321
-294 13.715233 981.599915
-294 14.888771 982.973938
-294 16.132612 984.284668
-294 17.443344 985.528503
-294 18.817381 986.702026
-294 20.250952 987.802063
-294 21.740128 988.825500
-294 23.280828 989.769653
-294 24.868830 990.631897
-294 26.499779 991.409790
-294 28.169207 992.101257
-294 29.872536 992.704468
-294 31.605099 993.217651
-294 33.362148 993.639465
-294 35.138863 993.968750
-294 36.930378 994.204590
-294 38.731781 994.346375
-264 14.825841 1029.903931
-264 18.232008 1029.814697
-264 21.628838 1029.547363
-264 25.007023 1029.102661
-264 28.357300 1028.481689
-264 31.670486 1027.686279
-264 34.937508 1026.718506
-264 38.149403 1025.581055
-264 41.297367 1024.277222
-264 44.372776 1022.810303
-264 47.367199 1021.184448
-264 50.272430 1019.404114
-264 53.080502 1017.474182
-264 55.783722 1015.399963
-264 58.374680 1013.187073
-264 60.846272 1010.841614
-264 63.191727 1008.369995
-264 65.404617 1005.779053
-264 67.478867 1003.075806
-264 69.408806 1000.267761
-264 71.189133 997.362549
-264 72.814972 994.368103
-264 74.281860 991.292725
-264 75.585793 988.144714
-264 76.723183 984.932861
-264 77.690918 981.665833
-264 78.486343 978.352661
-264 79.107285 975.002380
-264 79.552032 971.624207
-264 79.819366 968.227356
-264 79.908562 964.821228
-264 79.819374 961.415039
-264 79.552040 958.018188
-264 79.107292 954.640015
-264 78.486359 951.289734
-264 77.690933 947.976563
-264 76.723206 944.709534
-264 75.585815 941.497681
-264 74.281891 938.349731
-264 72.815002 935.274292
-264 71.189163 932.279846
-264 69.408844 929.374634
-264 67.478912 926.566589
-264 65.404663 923.863342
-264 63.191788 921.272400
-264 60.846336 918.800781
-264 58.374748 916.455322
-264 55.783798 914.242432
-264 53.080585 912.168213
-264 50.272518 910.238281
-264 47.367294 908.457947
-264 44.372879 906.832092
-264 41.297474 905.365173
-264 38.149517 904.061279
-264 34.937626 902.923889
-264 31.670612 901.956116
-264 28.357430 901.160706
-264 25.007156 900.539734
-264 21.628979 900.094971
-264 18.232153 899.827637
-264 14.825991 899.738464
-264 11.419827 899.827637
-264 8.023001 900.094971
-264 4.644820 900.539673
-264 1.294544 901.160645
-264 -2.018643 901.956055
-264 -5.285661 902.923767
-264 -8.497554 904.061157
-264 -11.645520 905.365051
-264 -14.720931 906.831970
-264 -17.715355 908.457764
-264 -20.620586 910.238098
-264 -23.428661 912.168030
-264 -26.131886 914.242249
-264 -28.722847 916.455139
-264 -31.194447 918.800598
-264 -33.539906 921.272156
-264 -35.752796 923.863098
-264 -37.827065 926.566345
-264 -39.757019 929.374390
-264 -41.537357 932.279663
-264 -43.163208 935.274109
-264 -44.630119 938.349487
-264 -45.934059 941.497498
-264 -47.071461 944.709351
-264 -48.039207 947.976379
-264 -48.834644 951.289612
-264 -49.455585 954.639893
-264 -49.900341 958.018066
-264 -50.167675 961.414917
-264 -50.256878 964.821106
-264 -50.167690 968.227295
-264 -49.900356 971.624146
-264 -49.455608 975.002319
-264 -48.834667 978.352600
-264 -48.039238 981.665833
-264 -47.071499 984.932861
-264 -45.934105 988.144775
-264 -44.630169 991.292725
-264 -43.163269 994.368164
-264 -41.537418 997.362549
-264 -39.757084 1000.267822
-264 -37.827137 1003.075867
-264 -35.752876 1005.779114
-264 -33.539974 1008.370056
-264 -31.194508 1010.841675
-264 -28.722908 1013.187134
-264 -26.131931 1015.400024
-264 -23.428699 1017.474304
-264 -20.620613 1019.404236
-264 -17.715370 1021.184570
-264 -14.720929 1022.810364
-264 -11.645505 1024.277222
-264 -8.497525 1025.581177
-264 -5.285617 1026.718628
-264 -2.018582 1027.686279
-264 1.294621 1028.481689
-264 4.644913 1029.102661
-264 8.023109 1029.547363
-264 11.419953 1029.814697
-234 36.272274 1102.299194
-234 41.850121 1102.153076
-234 47.412682 1101.715332
-234 52.944702 1100.987061
-234 58.431030 1099.970215
-234 63.856617 1098.667603
-234 69.206604 1097.082886
-234 74.466309 1095.220337
-234 79.621338 1093.084961
-234 84.657547 1090.682861
-234 89.561134 1088.020508
-234 94.318665 1085.104980
-234 98.917084 1081.944580
-234 103.343811 1078.547852
-234 107.586685 1074.924072
-234 111.634094 1071.083252
-234 115.474960 1067.035889
-234 119.098724 1062.792969
-234 122.495468 1058.366211
-234 125.655869 1053.767822
-234 128.571289 1049.010254
-234 131.233719 1044.106689
-234 133.635864 1039.070557
-234 135.771149 1033.915527
-234 137.633713 1028.655762
-234 139.218445 1023.305786
-234 140.521011 1017.880249
-234 141.537842 1012.393921
-234 142.266144 1006.861877
-234 142.703934 1001.299316
-234 142.849991 995.721497
-234 142.703934 990.143677
-234 142.266159 984.581116
-234 141.537857 979.049072
-234 140.521027 973.562744
-234 139.218475 968.137207
-234 137.633743 962.787231
-234 135.771179 957.527466
-234 133.635910 952.372498
-234 131.233765 947.336243
-234 128.571350 942.432678
-234 125.655945 937.675171
-234 122.495544 933.076721
-234 119.098801 928.650024
-234 115.475052 924.407104
-234 111.634216 920.359741
-234 107.586807 916.518860
-234 103.343933 912.895081
-234 98.917221 909.498352
-234 94.318810 906.337952
-234 89.561295 903.422485
-234 84.657715 900.760071
-234 79.621521 898.357910
-234 74.466499 896.222656
-234 69.206802 894.360046
-234 63.856827 892.775330
-234 58.431244 891.472717
-234 52.944927 890.455933
-234 47.412910 889.727600
-234 41.850357 889.289795
-234 36.272518 889.143738
-234 30.694677 889.289795
-234 25.132124 889.727539
-234 19.600105 890.455811
-234 14.113785 891.472656
-234 8.688196 892.775208
-234 3.338215 894.359924
-234 -1.921494 896.222473
-234 -7.076519 898.357727
-234 -12.112732 900.759888
-234 -17.016319 903.422241
-234 -21.773849 906.337646
-234 -26.372276 909.498047
-234 -30.799007 912.894775
-234 -35.041897 916.518555
-234 -39.089321 920.359375
-234 -42.930180 924.406738
-234 -46.553951 928.649658
-234 -49.950718 933.076355
-234 -53.111156 937.674805
-234 -56.026592 942.432312
-234 -58.689045 947.335938
-234 -61.091213 952.372131
-234 -63.226513 957.527161
-234 -65.089096 962.786926
-234 -66.673843 968.136902
-234 -67.976425 973.562500
-234 -68.993271 979.048828
-234 -69.721588 984.580872
-234 -70.159378 990.143494
-234 -70.305450 995.721313
-234 -70.159393 1001.299194
-234 -69.721619 1006.861755
-234 -68.993301 1012.393799
-234 -67.976471 1017.880188
-234 -66.673904 1023.305786
-234 -65.089157 1028.655762
-234 -63.226589 1033.915527
-234 -61.091297 1039.070557
-234 -58.689137 1044.106812
-234 -56.026691 1049.010376
-234 -53.111263 1053.767944
-234 -49.950840 1058.366333
-234 -46.554081 1062.793091
-234 -42.930294 1067.036011
-234 -39.089420 1071.083374
-234 -35.041988 1074.924316
-234 -30.799084 1078.547974
-234 -26.372341 1081.944824
-234 -21.773891 1085.105225
-234 -17.016342 1088.020630
-234 -12.112728 1090.682983
-234 -7.076496 1093.085205
-234 -1.921448 1095.220459
-234 3.338291 1097.083008
-234 8.688295 1098.667725
-234 14.113909 1099.970215
-234 19.600258 1100.987061
-234 25.132303 1101.715332
-234 30.694883 1102.153076
-204 37.148285 1131.636597
-204 43.592846 1131.467773
-204 50.019745 1130.962036
-204 56.411362 1130.120605
-204 62.750179 1128.945679
-204 69.018822 1127.440796
-204 75.200119 1125.609741
-204 81.277107 1123.457764
-204 87.233147 1120.990723
-204 93.051910 1118.215332
-204 98.717438 1115.139160
-204 104.214218 1111.770752
-204 109.527161 1108.119263
-204 114.641731 1104.194702
-204 119.543900 1100.007935
-204 124.220215 1095.570190
-204 128.657883 1090.893921
-204 132.844727 1085.991699
-204 136.769257 1080.877197
-204 140.420761 1075.564209
-204 143.789185 1070.067383
-204 146.865326 1064.401855
-204 149.640717 1058.583130
-204 152.107788 1052.627075
-204 154.259766 1046.550171
-204 156.090744 1040.368896
-204 157.595703 1034.100220
-204 158.770538 1027.761353
-204 159.612030 1021.369812
-204 160.117828 1014.942932
-204 160.286591 1008.498352
-204 160.117828 1002.053833
-204 159.612030 995.626892
-204 158.770569 989.235291
-204 157.595734 982.896484
-204 156.090790 976.627869
-204 154.259796 970.446594
-204 152.107834 964.369568
-204 149.640778 958.413574
-204 146.865387 952.594788
-204 143.789261 946.929260
-204 140.420837 941.432495
-204 136.769348 936.119507
-204 132.844818 931.004944
-204 128.657990 926.102783
-204 124.220337 921.426514
-204 119.544029 916.988831
-204 114.641876 912.802002
-204 109.527328 908.877441
-204 104.214386 905.225952
-204 98.717621 901.857483
-204 93.052094 898.781372
-204 87.233353 896.005920
-204 81.277328 893.538879
-204 75.200348 891.386841
-204 69.019058 889.555908
-204 62.750427 888.050903
-204 56.411617 886.876038
-204 50.020012 886.034546
-204 43.593121 885.528748
-204 37.148567 885.359985
-204 30.704014 885.528748
-204 24.277122 886.034546
-204 17.885511 886.875977
-204 11.546698 888.050781
-204 5.278055 889.555725
-204 -0.903233 891.386719
-204 -6.980225 893.538635
-204 -12.936264 896.005737
-204 -18.755028 898.781128
-204 -24.420559 901.857239
-204 -29.917336 905.225647
-204 -35.230293 908.877075
-204 -40.344864 912.801636
-204 -45.247040 916.988464
-204 -49.923370 921.426086
-204 -54.361046 926.102417
-204 -58.547897 931.004517
-204 -62.472473 936.119080
-204 -66.123993 941.432068
-204 -69.492447 946.928833
-204 -72.568604 952.594360
-204 -75.344032 958.413147
-204 -77.811127 964.369202
-204 -79.963127 970.446228
-204 -81.794121 976.627563
-204 -83.299110 982.896179
-204 -84.473961 989.235046
-204 -85.315437 995.626648
-204 -85.821251 1002.053589
-204 -85.990021 1008.498169
-204 -85.821266 1014.942749
-204 -85.315468 1021.369690
-204 -84.473991 1027.761353
-204 -83.299156 1034.100098
-204 -81.794182 1040.368774
-204 -79.963196 1046.550171
-204 -77.811218 1052.627197
-204 -75.344131 1058.583252
-204 -72.568710 1064.401978
-204 -69.492561 1070.067505
-204 -66.124123 1075.564331
-204 -62.472610 1080.877319
-204 -58.548042 1085.991821
-204 -54.361176 1090.894043
-204 -49.923492 1095.570313
-204 -45.247147 1100.008057
-204 -40.344955 1104.194946
-204 -35.230370 1108.119385
-204 -29.917389 1111.770874
-204 -24.420586 1115.139404
-204 -18.755024 1118.215454
-204 -12.936234 1120.990845
-204 -6.980171 1123.458008
-204 -0.903149 1125.609863
-204 5.278168 1127.440918
-204 11.546843 1128.945801
-204 17.885687 1130.120605
-204 24.277328 1130.962036
-204 30.704250 1131.467896
-174 35.197922 1159.315918
-174 42.646095 1159.120850
-174 50.073853 1158.536255
-174 57.460835 1157.563721
-174 64.786797 1156.206055
-174 72.031654 1154.466675
-174 79.175560 1152.350586
-174 86.198921 1149.863403
-174 93.082489 1147.012207
-174 99.807411 1143.804565
-174 106.355232 1140.249390
-174 112.708023 1136.356323
-174 118.848358 1132.136230
-174 124.759415 1127.600464
-174 130.424988 1122.761597
-174 135.829559 1117.632935
-174 140.958313 1112.228394
-174 145.797150 1106.562744
-174 150.332870 1100.651733
-174 154.553009 1094.511353
-174 158.446014 1088.158569
-174 162.001175 1081.610718
-174 165.208786 1074.885864
-174 168.060059 1068.002319
-174 170.547165 1060.979004
-174 172.663284 1053.835083
-174 174.402618 1046.590210
-174 175.760406 1039.264282
-174 176.732925 1031.877319
-174 177.317505 1024.449463
-174 177.512543 1017.001343
-174 177.317505 1009.553223
-174 176.732941 1002.125427
-174 175.760437 994.738464
-174 174.402649 987.412537
-174 172.663315 980.167664
-174 170.547211 973.023743
-174 168.060120 966.000427
-174 165.208847 959.116821
-174 162.001251 952.391907
-174 158.446075 945.844116
-174 154.553101 939.491333
-174 150.332977 933.351013
-174 145.797272 927.439941
-174 140.958435 921.774353
-174 135.829697 916.369812
-174 130.425140 911.241028
-174 124.759583 906.402222
-174 118.848541 901.866455
-174 112.708214 897.646301
-174 106.355446 893.753296
-174 99.807632 890.198120
-174 93.082733 886.990479
-174 86.199173 884.139221
-174 79.175827 881.652100
-174 72.031937 879.536011
-174 64.787079 877.796631
-174 57.461132 876.438843
-174 50.074158 875.466309
-174 42.646412 874.881714
-174 35.198250 874.686646
-174 27.750084 874.881714
-174 20.322334 875.466248
-174 12.935358 876.438721
-174 5.609402 877.796509
-174 -1.635456 879.535828
-174 -8.779354 881.651917
-174 -15.802715 884.138977
-174 -22.686287 886.990234
-174 -29.411209 890.197876
-174 -35.959030 893.752991
-174 -42.311821 897.645996
-174 -48.452164 901.866089
-174 -54.363228 906.401794
-174 -60.028816 911.240601
-174 -65.433395 916.369324
-174 -70.562141 921.773865
-174 -75.401016 927.439453
-174 -79.936760 933.350464
-174 -84.156937 939.490845
-174 -88.049957 945.843628
-174 -91.605164 952.391479
-174 -94.812820 959.116394
-174 -97.664108 966.000000
-174 -100.151230 973.023376
-174 -102.267380 980.167297
-174 -104.006729 987.412170
-174 -105.364532 994.738159
-174 -106.337067 1002.125183
-174 -106.921646 1009.552979
-174 -107.116699 1017.001160
-174 -106.921661 1024.449341
-174 -106.337097 1031.877075
-174 -105.364578 1039.264160
-174 -104.006790 1046.590088
-174 -102.267441 1053.834961
-174 -100.151321 1060.978882
-174 -97.664215 1068.002319
-174 -94.812927 1074.885864
-174 -91.605293 1081.610840
-174 -88.050095 1088.158691
-174 -84.157082 1094.511475
-174 -79.936928 1100.651855
-174 -75.401184 1106.562988
-174 -70.562294 1112.228516
-174 -65.433533 1117.633057
-174 -60.028946 1122.761841
-174 -54.363335 1127.600708
-174 -48.452248 1132.136475
-174 -42.311882 1136.356567
-174 -35.959061 1140.249512
-174 -29.411201 1143.804688
-174 -22.686256 1147.012329
-174 -15.802654 1149.863525
-174 -8.779259 1152.350708
-174 -1.635326 1154.466797
-174 5.609570 1156.206055
-174 12.935562 1157.563843
-174 20.322575 1158.536377
-174 27.750359 1159.120850
-144 32.666100 1176.690186
-144 40.634010 1176.481445
-144 48.580078 1175.856079
-144 56.482533 1174.815674
-144 64.319702 1173.363159
-144 72.070114 1171.502441
-144 79.712524 1169.238770
-144 87.225983 1166.578003
-144 94.589890 1163.527832
-144 101.784081 1160.096436
-144 108.788811 1156.293091
-144 115.584900 1152.128418
-144 122.153709 1147.613892
-144 128.477249 1142.761597
-144 134.538177 1137.585083
-144 140.319870 1132.098511
-144 145.806503 1126.316772
-144 150.983017 1120.255859
-144 155.835236 1113.932373
-144 160.349854 1107.363525
-144 164.514496 1100.567383
-144 168.317780 1093.562744
-144 171.749207 1086.368530
-144 174.799438 1079.004639
-144 177.460083 1071.491211
-144 179.723877 1063.848755
-144 181.584595 1056.098389
-144 183.037109 1048.261230
-144 184.077515 1040.358765
-144 184.702881 1032.412720
-144 184.911530 1024.444824
-144 184.702881 1016.476868
-144 184.077515 1008.530823
-144 183.037140 1000.628357
-144 181.584625 992.791199
-144 179.723907 985.040833
-144 177.460144 977.398438
-144 174.799500 969.884949
-144 171.749268 962.521057
-144 168.317841 955.326904
-144 164.514587 948.322144
-144 160.349945 941.526062
-144 155.835342 934.957275
-144 150.983139 928.633728
-144 145.806641 922.572754
-144 140.320023 916.791077
-144 134.538330 911.304443
-144 128.477432 906.127930
-144 122.153915 901.275696
-144 115.585114 896.761108
-144 108.789040 892.596436
-144 101.784317 888.793152
-144 94.590149 885.361694
-144 87.226242 882.311462
-144 79.712807 879.650757
-144 72.070404 877.386963
-144 64.320007 875.526245
-144 56.482849 874.073730
-144 48.580410 873.033325
-144 40.634350 872.407959
-144 32.666451 872.199280
-144 24.698547 872.407898
-144 16.752483 873.033264
-144 8.850040 874.073608
-144 1.012875 875.526123
-144 -6.737534 877.386841
-144 -14.379940 879.650574
-144 -21.893394 882.311218
-144 -29.257305 885.361450
-144 -36.451492 888.792847
-144 -43.456230 892.596069
-144 -50.252319 896.760681
-144 -56.821144 901.275330
-144 -63.144684 906.127502
-144 -69.205620 911.303955
-144 -74.987335 916.790588
-144 -80.473969 922.572266
-144 -85.650497 928.633179
-144 -90.502754 934.956726
-144 -95.017418 941.525513
-144 -99.182091 948.321655
-144 -102.985390 955.326355
-144 -106.416862 962.520569
-144 -109.467125 969.884521
-144 -112.127800 977.398010
-144 -114.391609 985.040405
-144 -116.252342 992.790833
-144 -117.704903 1000.628052
-144 -118.745277 1008.530518
-144 -119.370659 1016.476624
-144 -119.579323 1024.444580
-144 -119.370674 1032.412476
-144 -118.745323 1040.358643
-144 -117.704948 1048.261108
-144 -116.252403 1056.098267
-144 -114.391685 1063.848755
-144 -112.127892 1071.491089
-144 -109.467232 1079.004639
-144 -106.416985 1086.368530
-144 -102.985527 1093.562744
-144 -99.182243 1100.567505
-144 -95.017570 1107.363647
-144 -90.502930 1113.932495
-144 -85.650681 1120.255981
-144 -80.474136 1126.316895
-144 -74.987480 1132.098633
-144 -69.205757 1137.585327
-144 -63.144791 1142.761841
-144 -56.821236 1147.614014
-144 -50.252388 1152.128662
-144 -43.456261 1156.293335
-144 -36.451492 1160.096558
-144 -29.257271 1163.527954
-144 -21.893326 1166.578247
-144 -14.379833 1169.238892
-144 -6.737392 1171.502686
-144 1.013054 1173.363281
-144 8.850258 1174.815796
-144 16.752741 1175.856201
-144 24.698841 1176.481445
-114 33.117039 1140.087646
-114 40.205215 1139.902100
-114 47.273960 1139.345703
-114 54.303905 1138.420166
-114 61.275780 1137.128052
-114 68.170471 1135.472778
-114 74.969086 1133.458984
-114 81.652977 1131.092041
-114 88.203842 1128.378540
-114 94.603722 1125.326050
-114 100.835068 1121.942627
-114 106.880798 1118.237793
-114 112.724350 1114.221680
-114 118.349701 1109.905151
-114 123.741455 1105.300171
-114 128.884781 1100.419312
-114 133.765640 1095.276001
-114 138.370621 1089.884277
-114 142.687103 1084.258911
-114 146.703278 1078.415405
-114 150.408112 1072.369629
-114 153.791443 1066.138306
-114 156.844025 1059.738403
-114 159.557480 1053.187622
-114 161.924362 1046.503662
-114 163.938202 1039.705078
-114 165.593475 1032.810425
-114 166.885635 1025.838501
-114 167.811142 1018.808594
-114 168.367477 1011.739868
-114 168.553085 1004.651672
-114 168.367477 997.563538
-114 167.811157 990.494751
-114 166.885666 983.464844
-114 165.593506 976.492981
-114 163.938248 969.598267
-114 161.924408 962.799683
-114 159.557526 956.115784
-114 156.844086 949.564941
-114 153.791504 943.165039
-114 150.408173 936.933716
-114 146.703354 930.888000
-114 142.687210 925.044434
-114 138.370728 919.419067
-114 133.765762 914.027344
-114 128.884918 908.884033
-114 123.741592 904.003174
-114 118.349869 899.398193
-114 112.724533 895.081665
-114 106.880981 891.065491
-114 100.835266 887.360657
-114 94.603928 883.977295
-114 88.204071 880.924744
-114 81.653214 878.211243
-114 74.969330 875.844360
-114 68.170731 873.830505
-114 61.276051 872.175232
-114 54.304192 870.883057
-114 47.274254 869.957520
-114 40.205517 869.401184
-114 33.117352 869.215576
-114 26.029182 869.401123
-114 18.960442 869.957458
-114 11.930504 870.882935
-114 4.958635 872.175110
-114 -1.936050 873.830322
-114 -8.734661 875.844177
-114 -15.418556 878.211060
-114 -21.969421 880.924500
-114 -28.369301 883.977051
-114 -34.600651 887.360352
-114 -40.646381 891.065186
-114 -46.489941 895.081299
-114 -52.115307 899.397766
-114 -57.507053 904.002747
-114 -62.650410 908.883545
-114 -67.531265 914.026855
-114 -72.136261 919.418579
-114 -76.452774 925.043945
-114 -80.468979 930.887512
-114 -84.173828 936.933289
-114 -87.557205 943.164612
-114 -90.609818 949.564514
-114 -93.323303 956.115417
-114 -95.690216 962.799316
-114 -97.704071 969.597961
-114 -99.359375 976.492676
-114 -100.651550 983.464539
-114 -101.577057 990.494507
-114 -102.133392 997.563293
-114 -102.319016 1004.651489
-114 -102.133408 1011.739685
-114 -101.577087 1018.808472
-114 -100.651581 1025.838379
-114 -99.359421 1032.810303
-114 -97.704147 1039.705078
-114 -95.690292 1046.503662
-114 -93.323395 1053.187622
-114 -90.609924 1059.738525
-114 -87.557327 1066.138428
-114 -84.173965 1072.369751
-114 -80.469116 1078.415527
-114 -76.452927 1084.259033
-114 -72.136429 1089.884399
-114 -67.531418 1095.276123
-114 -62.650539 1100.419556
-114 -57.507175 1105.300415
-114 -52.115406 1109.905396
-114 -46.490025 1114.221924
-114 -40.646442 1118.238037
-114 -34.600674 1121.942871
-114 -28.369297 1125.326172
-114 -21.969391 1128.378784
-114 -15.418499 1131.092163
-114 -8.734570 1133.459106
-114 -1.935925 1135.472900
-114 4.958796 1137.128174
-114 11.930698 1138.420288
-114 18.960670 1139.345825
-114 26.029444 1139.902100
-84 27.131710 1123.859619
-84 33.276840 1123.698730
-84 39.405125 1123.216431
-84 45.499771 1122.414063
-84 51.544071 1121.293701
-84 57.521458 1119.858765
-84 63.415550 1118.112793
-84 69.210190 1116.060791
-84 74.889496 1113.708374
-84 80.437897 1111.061890
-84 85.840195 1108.128662
-84 91.081573 1104.916748
-84 96.147675 1101.434937
-84 101.024597 1097.692749
-84 105.699005 1093.700439
-84 110.158051 1089.468994
-84 114.389526 1085.009888
-84 118.381836 1080.335571
-84 122.124039 1075.458618
-84 125.605865 1070.392456
-84 128.817795 1065.151123
-84 131.750992 1059.748779
-84 134.397446 1054.200439
-84 136.749893 1048.521118
-84 138.801880 1042.726440
-84 140.547791 1036.832397
-84 141.982819 1030.854980
-84 143.103073 1024.810791
-84 143.905457 1018.716064
-84 144.387756 1012.587830
-84 144.548676 1006.442688
-84 144.387772 1000.297546
-84 143.905472 994.169312
-84 143.103104 988.074646
-84 141.982849 982.030334
-84 140.547821 976.052979
-84 138.801910 970.158875
-84 136.749939 964.364258
-84 134.397491 958.684937
-84 131.751053 953.136536
-84 128.817856 947.734253
-84 125.605942 942.492859
-84 122.124115 937.426758
-84 118.381927 932.549866
-84 114.389633 927.875488
-84 110.158157 923.416382
-84 105.699127 919.184937
-84 101.024734 915.192627
-84 96.147827 911.450439
-84 91.081741 907.968567
-84 85.840370 904.756653
-84 80.438080 901.823425
-84 74.889694 899.177002
-84 69.210396 896.824524
-84 63.415768 894.772522
-84 57.521683 893.026611
-84 51.544308 891.591553
-84 45.500015 890.471313
-84 39.405380 889.668884
-84 33.277100 889.186584
-84 27.131979 889.025635
-84 20.986856 889.186584
-84 14.858576 889.668823
-84 8.763937 890.471191
-84 2.719641 891.591431
-84 -3.257744 893.026489
-84 -9.151833 894.772339
-84 -14.946472 896.824341
-84 -20.625778 899.176758
-84 -26.174183 901.823181
-84 -31.576481 904.756409
-84 -36.817863 907.968262
-84 -41.883968 911.450073
-84 -46.760899 915.192261
-84 -51.435307 919.184570
-84 -55.894367 923.416016
-84 -60.125851 927.875061
-84 -64.118164 932.549438
-84 -67.860397 937.426392
-84 -71.342270 942.492493
-84 -74.554199 947.733887
-84 -77.487442 953.136169
-84 -80.133911 958.684570
-84 -82.486374 964.363892
-84 -84.538391 970.158569
-84 -86.284317 976.052673
-84 -87.719376 982.030090
-84 -88.839630 988.074402
-84 -89.642014 994.169067
-84 -90.124329 1000.297363
-84 -90.285263 1006.442505
-84 -90.124344 1012.587646
-84 -89.642044 1018.716003
-84 -88.839676 1024.810669
-84 -87.719421 1030.854980
-84 -86.284378 1036.832397
-84 -84.538452 1042.726440
-84 -82.486465 1048.521118
-84 -80.134003 1054.200439
-84 -77.487549 1059.748901
-84 -74.554321 1065.151245
-84 -71.342377 1070.392578
-84 -67.860535 1075.458740
-84 -64.118317 1080.335693
-84 -60.125973 1085.010010
-84 -55.894474 1089.469116
-84 -51.435413 1093.700562
-84 -46.760983 1097.692871
-84 -41.884037 1101.435059
-84 -36.817913 1104.916992
-84 -31.576504 1108.128906
-84 -26.174179 1111.062012
-84 -20.625748 1113.708496
-84 -14.946419 1116.060913
-84 -9.151752 1118.112915
-84 -3.257635 1119.858765
-84 2.719778 1121.293823
-84 8.764105 1122.414063
-84 14.858774 1123.216431
-84 20.987083 1123.698730
-54 30.016905 1116.948242
-54 36.494350 1116.778687
-54 42.954041 1116.270264
-54 49.378273 1115.424561
-54 55.749435 1114.243652
-54 62.050072 1112.731079
-54 68.262901 1110.890747
-54 74.370903 1108.727783
-54 80.357330 1106.248047
-54 86.205788 1103.458496
-54 91.900223 1100.366699
-54 97.425049 1096.981079
-54 102.765114 1093.310913
-54 107.905777 1089.366333
-54 112.832954 1085.158203
-54 117.533134 1080.697876
-54 121.993446 1075.997681
-54 126.201653 1071.070557
-54 130.146225 1065.929810
-54 133.816345 1060.589722
-54 137.201965 1055.064941
-54 140.293793 1049.370483
-54 143.083344 1043.522095
-54 145.563019 1037.535645
-54 147.725967 1031.427612
-54 149.566284 1025.214844
-54 151.078934 1018.914185
-54 152.259766 1012.543030
-54 153.105530 1006.118835
-54 153.613922 999.659119
-54 153.783539 993.181702
-54 153.613922 986.704285
-54 153.105545 980.244568
-54 152.259781 973.820374
-54 151.078964 967.449219
-54 149.566330 961.148560
-54 147.725998 954.935730
-54 145.563049 948.827759
-54 143.083405 942.841309
-54 140.293839 936.992859
-54 137.202026 931.298462
-54 133.816422 925.773621
-54 130.146301 920.433594
-54 126.201752 915.292908
-54 121.993561 910.365723
-54 117.533264 905.665527
-54 112.833092 901.205200
-54 107.905922 896.997009
-54 102.765274 893.052429
-54 97.425224 889.382324
-54 91.900406 885.996704
-54 86.205978 882.904846
-54 80.357536 880.115295
-54 74.371117 877.635620
-54 68.263130 875.472656
-54 62.050308 873.632324
-54 55.749687 872.119629
-54 49.378532 870.938843
-54 42.954311 870.093018
-54 36.494629 869.584656
-54 30.017189 869.414978
-54 23.539751 869.584595
-54 17.080065 870.092957
-54 10.655840 870.938721
-54 4.284679 872.119507
-54 -2.015947 873.632141
-54 -8.228777 875.472473
-54 -14.336779 877.635376
-54 -20.323210 880.115051
-54 -26.171663 882.904602
-54 -31.866106 885.996399
-54 -37.390930 889.382019
-54 -42.730995 893.052124
-54 -47.871666 896.996643
-54 -52.798851 901.204834
-54 -57.499046 905.665161
-54 -61.959366 910.365295
-54 -66.167580 915.292480
-54 -70.112183 920.433105
-54 -73.782341 925.773193
-54 -77.167976 931.298035
-54 -80.259827 936.992493
-54 -83.049423 942.840942
-54 -85.529106 948.827393
-54 -87.692085 954.935425
-54 -89.532425 961.148254
-54 -91.045097 967.448914
-54 -92.225937 973.820068
-54 -93.071709 980.244324
-54 -93.580101 986.704041
-54 -93.749733 993.181519
-54 -93.580116 999.658997
-54 -93.071739 1006.118713
-54 -92.225967 1012.542969
-54 -91.045135 1018.914124
-54 -89.532486 1025.214844
-54 -87.692162 1031.427612
-54 -85.529198 1037.535645
-54 -83.049522 1043.522095
-54 -80.259941 1049.370605
-54 -77.168091 1055.065063
-54 -73.782463 1060.589844
-54 -70.112320 1065.929932
-54 -66.167732 1071.070679
-54 -61.959496 1075.997803
-54 -57.499168 1080.697998
-54 -52.798965 1085.158325
-54 -47.871758 1089.366577
-54 -42.731071 1093.311157
-54 -37.390984 1096.981201
-54 -31.866133 1100.366821
-54 -26.171659 1103.458740
-54 -20.323179 1106.248291
-54 -14.336721 1108.727905
-54 -8.228693 1110.890869
-54 -2.015833 1112.731201
-54 4.284826 1114.243774
-54 10.656017 1115.424561
-54 17.080273 1116.270264
-54 23.539989 1116.778687
-24 29.427376 1150.898682
-24 36.499722 1150.713501
-24 43.552681 1150.158447
-24 50.566925 1149.234985
-24 57.523228 1147.945679
-24 64.402519 1146.294189
-24 71.185944 1144.284790
-24 77.854919 1141.923218
-24 84.391151 1139.215820
-24 90.776733 1136.170044
-24 96.994164 1132.794189
-24 103.026398 1129.097656
-24 108.856895 1125.090454
-24 114.469688 1120.783691
-24 119.849388 1116.188965
-24 124.981239 1111.318970
-24 129.851196 1106.187134
-24 134.445892 1100.807495
-24 138.752747 1095.194702
-24 142.759933 1089.364136
-24 146.456482 1083.331909
-24 149.832275 1077.114502
-24 152.878036 1070.728882
-24 155.585434 1064.192749
-24 157.947052 1057.523682
-24 159.956390 1050.740356
-24 161.607941 1043.861084
-24 162.897217 1036.904785
-24 163.820679 1029.890503
-24 164.375763 1022.837524
-24 164.560944 1015.765198
-24 164.375763 1008.692871
-24 163.820679 1001.639893
-24 162.897247 994.625671
-24 161.607971 987.669373
-24 159.956421 980.790100
-24 157.947083 974.006653
-24 155.585480 967.337708
-24 152.878082 960.801514
-24 149.832336 954.415894
-24 146.456573 948.198486
-24 142.760010 942.166260
-24 138.752838 936.335754
-24 134.445999 930.722961
-24 129.851318 925.343262
-24 124.981377 920.211426
-24 119.849533 915.341431
-24 114.469849 910.746765
-24 108.857071 906.439880
-24 103.026581 902.432739
-24 96.994362 898.736145
-24 90.776947 895.360352
-24 84.391373 892.314575
-24 77.855156 889.607178
-24 71.186203 887.245544
-24 64.402779 885.236206
-24 57.523499 883.584595
-24 50.567207 882.295288
-24 43.552975 881.371887
-24 36.500023 880.816772
-24 29.427687 880.631592
-24 22.355349 880.816772
-24 15.302395 881.371826
-24 8.288158 882.295227
-24 1.331861 883.584473
-24 -5.547428 885.236023
-24 -12.330853 887.245361
-24 -18.999825 889.606934
-24 -25.536060 892.314331
-24 -31.921642 895.360046
-24 -38.139076 898.735840
-24 -44.171310 902.432373
-24 -50.001816 906.439575
-24 -55.614616 910.746338
-24 -60.994324 915.341064
-24 -66.126190 920.210938
-24 -70.996147 925.342773
-24 -75.590858 930.722473
-24 -79.897736 936.335266
-24 -83.904968 942.165771
-24 -87.601547 948.197998
-24 -90.977364 954.415466
-24 -94.023155 960.801086
-24 -96.730576 967.337341
-24 -99.092201 974.006287
-24 -101.101570 980.789734
-24 -102.753166 987.669067
-24 -104.042458 994.625366
-24 -104.965904 1001.639648
-24 -105.520988 1008.692627
-24 -105.706200 1015.765015
-24 -105.521004 1022.837402
-24 -104.965935 1029.890381
-24 -104.042488 1036.904663
-24 -102.753212 1043.860962
-24 -101.101631 1050.740234
-24 -99.092293 1057.523682
-24 -96.730675 1064.192749
-24 -94.023262 1070.729004
-24 -90.977486 1077.114624
-24 -87.601677 1083.332031
-24 -83.905106 1089.364258
-24 -79.897888 1095.194824
-24 -75.591019 1100.807617
-24 -70.996292 1106.187256
-24 -66.126320 1111.319214
-24 -60.994446 1116.189087
-24 -55.614716 1120.783813
-24 -50.001900 1125.090698
-24 -44.171364 1129.097900
-24 -38.139099 1132.794434
-24 -31.921638 1136.170166
-24 -25.536026 1139.215942
-24 -18.999763 1141.923340
-24 -12.330761 1144.284912
-24 -5.547302 1146.294312
-24 1.332020 1147.945801
-24 8.288351 1149.235107
-24 15.302623 1150.158447
-24 22.355610 1150.713501
6 36.583393 1164.924561
6 44.148773 1164.726563
6 51.693417 1164.132690
6 59.196644 1163.144897
6 66.637894 1161.765747
6 73.996758 1159.999023
6 81.253082 1157.849609
6 88.386963 1155.323364
6 95.378860 1152.427246
6 102.209595 1149.169189
6 108.860458 1145.557983
6 115.313217 1141.603760
6 121.550186 1137.317261
6 127.554260 1132.710205
6 133.308990 1127.795166
6 138.798599 1122.585693
6 144.008057 1117.096069
6 148.923065 1111.341309
6 153.530151 1105.337280
6 157.816696 1099.100342
6 161.770950 1092.647583
6 165.382065 1085.996704
6 168.640167 1079.166016
6 171.536301 1072.174072
6 174.062546 1065.040161
6 176.211960 1057.783936
6 177.978653 1050.425049
6 179.357819 1042.983765
6 180.345642 1035.480591
6 180.939423 1027.935913
6 181.137527 1020.370544
6 180.939423 1012.805176
6 180.345657 1005.260559
6 179.357849 997.757324
6 177.978699 990.316101
6 176.211990 982.957214
6 174.062576 975.700928
6 171.536346 968.567017
6 168.640228 961.575134
6 165.382141 954.744385
6 161.771027 948.093567
6 157.816788 941.640808
6 153.530258 935.403809
6 148.923172 929.399780
6 144.008194 923.645020
6 138.798752 918.155396
6 133.309143 912.945984
6 127.554428 908.030945
6 121.550369 903.423889
6 115.313416 899.137329
6 108.860672 895.183044
6 102.209824 891.571899
6 95.379105 888.313843
6 88.387222 885.417664
6 81.253342 882.891418
6 73.997040 880.741943
6 66.638184 878.975281
6 59.196945 877.596069
6 51.693729 876.608276
6 44.149094 876.014465
6 36.583725 875.816345
6 29.018354 876.014404
6 21.473717 876.608154
6 13.970497 877.596008
6 6.529257 878.975098
6 -0.829609 880.741821
6 -8.085926 882.891235
6 -15.219810 885.417419
6 -22.211704 888.313538
6 -29.042446 891.571655
6 -35.693317 895.182739
6 -42.146076 899.136963
6 -48.383045 903.423462
6 -54.387127 908.030518
6 -60.141872 912.945557
6 -65.631500 918.154968
6 -70.840958 923.644531
6 -75.755966 929.399231
6 -80.363098 935.403320
6 -84.649689 941.640320
6 -88.603958 948.093079
6 -92.215118 954.743958
6 -95.473251 961.574707
6 -98.369415 968.566589
6 -100.895676 975.700500
6 -103.045120 982.956848
6 -104.811844 990.315735
6 -106.191010 997.757019
6 -107.178848 1005.260254
6 -107.772629 1012.804932
6 -107.970749 1020.370361
6 -107.772644 1027.935791
6 -107.178879 1035.480469
6 -106.191055 1042.983643
6 -104.811905 1050.424927
6 -103.045181 1057.783813
6 -100.895767 1065.040161
6 -98.369507 1072.174072
6 -95.473358 1079.166016
6 -92.215256 1085.996826
6 -88.604095 1092.647705
6 -84.649826 1099.100464
6 -80.363266 1105.337402
6 -75.756149 1111.341553
6 -70.841110 1117.096191
6 -65.631638 1122.585938
6 -60.142002 1127.795288
6 -54.387234 1132.710327
6 -48.383129 1137.317383
6 -42.146137 1141.604004
6 -35.693348 1145.558228
6 -29.042446 1149.169312
6 -22.211670 1152.427490
6 -15.219746 1155.323608
6 -8.085827 1157.849854
6 -0.829475 1159.999146
6 6.529427 1161.765869
6 13.970705 1163.145020
6 21.473961 1164.132813
6 29.018633 1164.726563
36 46.995792 1160.264038
36 54.342075 1160.071655
36 61.668221 1159.495117
36 68.954155 1158.535889
36 76.179901 1157.196655
36 83.325653 1155.481079
36 90.371826 1153.393921
36 97.299110 1150.940918
36 104.088516 1148.128662
36 110.721443 1144.964844
36 117.179688 1141.458374
36 123.445572 1137.618530
36 129.501907 1133.456177
36 135.332108 1128.982544
36 140.920181 1124.209839
36 146.250809 1119.151245
36 151.309402 1113.820679
36 156.082062 1108.232544
36 160.555725 1102.402344
36 164.718140 1096.346069
36 168.557877 1090.080078
36 172.064423 1083.621948
36 175.228149 1076.989014
36 178.040421 1070.199585
36 180.493500 1063.272339
36 182.580658 1056.226074
36 184.296204 1049.080444
36 185.635422 1041.854614
36 186.594635 1034.568726
36 187.171219 1027.242554
36 187.363586 1019.896301
36 187.171219 1012.550049
36 186.594650 1005.223877
36 185.635452 997.937988
36 184.296234 990.712219
36 182.580704 983.566467
36 180.493530 976.520325
36 178.040466 969.593018
36 175.228210 962.803650
36 172.064484 956.170715
36 168.557953 949.712463
36 164.718216 943.446594
36 160.555832 937.390259
36 156.082169 931.560059
36 151.309525 925.971985
36 146.250961 920.641357
36 140.920334 915.582764
36 135.332275 910.810120
36 129.502090 906.336426
36 123.445770 902.174011
36 117.179901 898.334290
36 110.721664 894.827759
36 104.088753 891.664001
36 97.299362 888.851685
36 90.372086 886.398621
36 83.325928 884.311401
36 76.180183 882.595886
36 68.954453 881.256653
36 61.668526 880.297424
36 54.342388 879.720825
36 46.996117 879.528442
36 39.649841 879.720825
36 32.323700 880.297363
36 25.037775 881.256531
36 17.812035 882.595764
36 10.666286 884.311279
36 3.620113 886.398438
36 -3.307171 888.851440
36 -10.096581 891.663696
36 -16.729500 894.827454
36 -23.187756 898.333984
36 -29.453640 902.173706
36 -35.509983 906.336060
36 -41.340191 910.809692
36 -46.928272 915.582336
36 -52.258915 920.640869
36 -57.317509 925.971497
36 -62.090183 931.559570
36 -66.563889 937.389771
36 -70.726334 943.446106
36 -74.566086 949.712036
36 -78.072662 956.170288
36 -81.236435 962.803223
36 -84.048721 969.592651
36 -86.501831 976.519958
36 -88.589020 983.566162
36 -90.304596 990.711914
36 -91.643814 997.937683
36 -92.603043 1005.223633
36 -93.179626 1012.549805
36 -93.372009 1019.896118
36 -93.179642 1027.242432
36 -92.603073 1034.568604
36 -91.643860 1041.854492
36 -90.304642 1049.080322
36 -88.589096 1056.226074
36 -86.501923 1063.272339
36 -84.048828 1070.199585
36 -81.236542 1076.989014
36 -78.072784 1083.621948
36 -74.566223 1090.080200
36 -70.726471 1096.346191
36 -66.564041 1102.402466
36 -62.090351 1108.232666
36 -57.317661 1113.820801
36 -52.259052 1119.151489
36 -46.928402 1124.209961
36 -41.340290 1128.982666
36 -35.510067 1133.456421
36 -29.453701 1137.618774
36 -23.187786 1141.458496
36 -16.729496 1144.965088
36 -10.096546 1148.128784
36 -3.307110 1150.941040
36 3.620209 1153.394043
36 10.666416 1155.481201
36 17.812199 1157.196777
36 25.037975 1158.536011
36 32.323936 1159.495117
36 39.650108 1160.071655
66 50.337971 1208.265259
66 58.744240 1208.045166
66 67.127464 1207.385376
66 75.464676 1206.287842
66 83.733002 1204.755371
66 91.909805 1202.792236
66 99.972672 1200.403931
66 107.899475 1197.596924
66 115.668518 1194.378906
66 123.258499 1190.758667
66 130.648590 1186.746094
66 137.818573 1182.352295
66 144.748764 1177.589355
66 151.420197 1172.470215
66 157.814560 1167.008911
66 163.914337 1161.220459
66 169.702820 1155.120605
66 175.164124 1148.726318
66 180.283279 1142.054810
66 185.046280 1135.124634
66 189.440048 1127.954712
66 193.452545 1120.564575
66 197.072769 1112.974609
66 200.290817 1105.205566
66 203.097839 1097.278809
66 205.486160 1089.215942
66 207.449234 1081.039185
66 208.981689 1072.770752
66 210.079300 1064.433594
66 210.739090 1056.050415
66 210.959213 1047.644165
66 210.739090 1039.237915
66 210.079330 1030.854614
66 208.981720 1022.517456
66 207.449280 1014.249146
66 205.486206 1006.072327
66 203.097885 998.009460
66 200.290878 990.082703
66 197.072845 982.313660
66 193.452621 974.723694
66 189.440140 967.333557
66 185.046387 960.163574
66 180.283401 953.233398
66 175.164246 946.562012
66 169.702972 940.167603
66 163.914505 934.067810
66 157.814743 928.279358
66 151.420380 922.818054
66 144.748978 917.698853
66 137.818787 912.935913
66 130.648834 908.542114
66 123.258743 904.529602
66 115.668793 900.909363
66 107.899765 897.691284
66 99.972961 894.884277
66 91.910118 892.495911
66 83.733330 890.532837
66 75.465004 889.000366
66 67.127808 887.902710
66 58.744598 887.242920
66 50.338341 887.022827
66 41.932083 887.242920
66 33.548866 887.902649
66 25.211664 889.000244
66 16.943333 890.532654
66 8.766537 892.495728
66 0.703682 894.884033
66 -7.223129 897.691040
66 -14.992168 900.909058
66 -22.582142 904.529297
66 -29.972248 908.541748
66 -37.142231 912.935486
66 -44.072437 917.698425
66 -50.743870 922.817566
66 -57.138248 928.278870
66 -63.238049 934.067322
66 -69.026535 940.167053
66 -74.487854 946.561401
66 -79.607056 953.232849
66 -84.370087 960.163025
66 -88.763885 967.333008
66 -92.776428 974.723145
66 -96.396683 982.313171
66 -99.614761 990.082214
66 -102.421814 998.009033
66 -104.810165 1006.071899
66 -106.773270 1014.248718
66 -108.305725 1022.517090
66 -109.403351 1030.854370
66 -110.063141 1039.237549
66 -110.283279 1047.643921
66 -110.063156 1056.050171
66 -109.403397 1064.433472
66 -108.305771 1072.770630
66 -106.773331 1081.039063
66 -104.810242 1089.215820
66 -102.421906 1097.278809
66 -99.614868 1105.205566
66 -96.396805 1112.974609
66 -92.776566 1120.564697
66 -88.764038 1127.954834
66 -84.370255 1135.124756
66 -79.607239 1142.055054
66 -74.488037 1148.726440
66 -69.026703 1155.120850
66 -63.238201 1161.220581
66 -57.138393 1167.009155
66 -50.743984 1172.470459
66 -44.072529 1177.589600
66 -37.142300 1182.352539
66 -29.972286 1186.746338
66 -22.582142 1190.758789
66 -14.992130 1194.379028
66 -7.223057 1197.597046
66 0.703793 1200.404053
66 8.766685 1202.792358
66 16.943523 1204.755493
66 25.211895 1206.287842
66 33.549133 1207.385498
66 41.932392 1208.045166
96 56.312145 1176.229248
96 63.920921 1176.030029
96 71.508842 1175.432861
96 79.055115 1174.439453
96 86.539047 1173.052368
96 93.940125 1171.275513
96 101.238068 1169.113770
96 108.412872 1166.572998
96 115.444878 1163.660278
96 122.314804 1160.383423
96 129.003815 1156.751587
96 135.493591 1152.774658
96 141.766327 1148.463501
96 147.804855 1143.830078
96 153.592590 1138.886841
96 159.113693 1133.647461
96 164.353027 1128.126343
96 169.296234 1122.338623
96 173.929749 1116.300171
96 178.240891 1110.027344
96 182.217819 1103.537598
96 185.849655 1096.848633
96 189.126434 1089.978638
96 192.039185 1082.946655
96 194.579926 1075.771851
96 196.741669 1068.473999
96 198.518509 1061.072876
96 199.905579 1053.588989
96 200.899063 1046.042725
96 201.496246 1038.454834
96 201.695496 1030.846069
96 201.496262 1023.237244
96 200.899078 1015.649353
96 199.905609 1008.103088
96 198.518539 1000.619141
96 196.741714 993.218079
96 194.579971 985.920166
96 192.039246 978.745361
96 189.126495 971.713379
96 185.849731 964.843445
96 182.217896 958.154419
96 178.240967 951.664673
96 173.929855 945.391907
96 169.296341 939.353394
96 164.353165 933.565674
96 159.113846 928.044556
96 153.592743 922.805176
96 147.805023 917.862000
96 141.766525 913.228516
96 135.493790 908.917358
96 129.004028 904.940430
96 122.315033 901.308594
96 115.445122 898.031738
96 108.413132 895.119019
96 101.238342 892.578247
96 93.940407 890.416504
96 86.539337 888.639648
96 79.055420 887.252563
96 71.509155 886.259033
96 63.921246 885.661865
96 56.312481 885.462585
96 48.703712 885.661865
96 41.115795 886.258972
96 33.569534 887.252441
96 26.085608 888.639526
96 18.684532 890.416321
96 11.386589 892.578064
96 4.211781 895.118774
96 -2.820221 898.031494
96 -9.690151 901.308228
96 -16.379162 904.940063
96 -22.868938 908.916992
96 -29.141682 913.228088
96 -35.180210 917.861572
96 -40.967968 922.804749
96 -46.489086 928.044067
96 -51.728420 933.565186
96 -56.671635 939.352905
96 -61.305187 945.391418
96 -65.616364 951.664124
96 -69.593323 958.153931
96 -73.225189 964.842957
96 -76.501999 971.712891
96 -79.414780 978.744934
96 -81.955536 985.919739
96 -84.117310 993.217712
96 -85.894180 1000.618835
96 -87.281250 1008.102783
96 -88.274750 1015.649048
96 -88.871948 1023.237000
96 -89.071198 1030.845825
96 -88.871964 1038.454590
96 -88.274780 1046.042603
96 -87.281296 1053.588867
96 -85.894226 1061.072754
96 -84.117371 1068.473877
96 -81.955627 1075.771851
96 -79.414886 1082.946777
96 -76.502121 1089.978760
96 -73.225311 1096.848633
96 -69.593460 1103.537720
96 -65.616501 1110.027466
96 -61.305347 1116.300293
96 -56.671810 1122.338867
96 -51.728580 1128.126587
96 -46.489223 1133.647705
96 -40.968098 1138.886963
96 -35.180317 1143.830200
96 -29.141773 1148.463745
96 -22.868999 1152.774902
96 -16.379192 1156.751831
96 -9.690144 1160.383667
96 -2.820187 1163.660400
96 4.211845 1166.573120
96 11.386688 1169.113892
96 18.684666 1171.275635
96 26.085779 1173.052490
96 33.569740 1174.439453
96 41.116043 1175.432983
96 48.703991 1176.030029
126 39.484863 1141.465698
126 46.241116 1141.288696
126 52.978851 1140.758423
126 59.679596 1139.876343
126 66.324997 1138.644653
126 72.896820 1137.066895
126 79.377068 1135.147339
126 85.747971 1132.891235
126 91.992081 1130.304932
126 98.092270 1127.395264
126 104.031807 1124.170410
126 109.794434 1120.639038
126 115.364342 1116.810913
126 120.726280 1112.696533
126 125.865540 1108.307251
126 130.768036 1103.654907
126 135.420319 1098.752441
126 139.809662 1093.613159
126 143.924011 1088.251221
126 147.752106 1082.681274
126 151.283447 1076.918701
126 154.508362 1070.979126
126 157.417999 1064.879028
126 160.004395 1058.634888
126 162.260437 1052.264038
126 164.179977 1045.783813
126 165.757721 1039.211914
126 166.989380 1032.566528
126 167.871552 1025.865845
126 168.401825 1019.128052
126 168.578751 1012.371826
126 168.401840 1005.615601
126 167.871567 998.877869
126 166.989410 992.177124
126 165.757751 985.531738
126 164.180023 978.959900
126 162.260483 972.479675
126 160.004425 966.108765
126 157.418045 959.864685
126 154.508423 953.764465
126 151.283524 947.824951
126 147.752197 942.062317
126 143.924103 936.492432
126 139.809753 931.130493
126 135.420441 925.991211
126 130.768158 921.088745
126 125.865677 916.436462
126 120.726433 912.047119
126 115.364517 907.932739
126 109.794609 904.104614
126 104.031998 900.573303
126 98.092468 897.348389
126 91.992294 894.438721
126 85.748199 891.852295
126 79.377304 889.596252
126 72.897064 887.676697
126 66.325256 886.098938
126 59.679867 884.867310
126 52.979130 883.985107
126 46.241402 883.454834
126 39.485161 883.277893
126 32.728916 883.454773
126 25.991188 883.985046
126 19.290445 884.867188
126 12.645056 886.098816
126 6.073231 887.676575
126 -0.407017 889.596069
126 -6.777920 891.852112
126 -13.022022 894.438477
126 -19.122211 897.348083
126 -25.061760 900.572998
126 -30.824387 904.104309
126 -36.394302 907.932373
126 -41.756241 912.046753
126 -46.895508 916.436035
126 -51.798012 921.088318
126 -56.450310 925.990784
126 -60.839661 931.130005
126 -64.954048 936.491943
126 -68.782181 942.061890
126 -72.313545 947.824524
126 -75.538483 953.764099
126 -78.448143 959.864258
126 -81.034561 966.108398
126 -83.290634 972.479309
126 -85.210190 978.959595
126 -86.787971 985.531433
126 -88.019638 992.176819
126 -88.901810 998.877625
126 -89.432098 1005.615356
126 -89.609024 1012.371643
126 -89.432114 1019.127930
126 -88.901840 1025.865723
126 -88.019676 1032.566406
126 -86.788017 1039.211914
126 -85.210258 1045.783691
126 -83.290718 1052.264038
126 -81.034653 1058.634888
126 -78.448242 1064.879028
126 -75.538597 1070.979248
126 -72.313667 1076.918823
126 -68.782310 1082.681396
126 -64.954193 1088.251343
126 -60.839821 1093.613281
126 -56.450447 1098.752563
126 -51.798134 1103.655029
126 -46.895622 1108.307373
126 -41.756332 1112.696777
126 -36.394379 1116.811035
126 -30.824440 1120.639160
126 -25.061783 1124.170532
126 -19.122208 1127.395386
126 -13.021992 1130.305054
126 -6.777863 1132.891479
126 -0.406929 1135.147461
126 6.073349 1137.067017
126 12.645206 1138.644775
126 19.290630 1139.876343
126 25.991405 1140.758545
126 32.729164 1141.288818
156 38.101723 1172.697754
156 45.245979 1172.510742
156 52.370651 1171.949951
156 59.456215 1171.017090
156 66.483246 1169.714722
156 73.432480 1168.046387
156 80.284882 1166.016602
156 87.021667 1163.630981
156 93.624359 1160.896118
156 100.074875 1157.819336
156 106.355515 1154.409180
156 112.449081 1150.675049
156 118.338867 1146.627197
156 124.008728 1142.276489
156 129.443130 1137.635132
156 134.627167 1132.715576
156 139.546631 1127.531616
156 144.188049 1122.097168
156 148.538681 1116.427368
156 152.586624 1110.537598
156 156.320770 1104.443970
156 159.730865 1098.163330
156 162.807602 1091.712891
156 165.542526 1085.110107
156 167.928131 1078.373413
156 169.957916 1071.520996
156 171.626282 1064.571777
156 172.928680 1057.544678
156 173.861511 1050.459229
156 174.422211 1043.334473
156 174.609314 1036.190308
156 174.422241 1029.046021
156 173.861511 1021.921326
156 172.928680 1014.835815
156 171.626312 1007.808777
156 169.957947 1000.859558
156 167.928192 994.007141
156 165.542572 987.270386
156 162.807648 980.667664
156 159.730927 974.217163
156 156.320831 967.936523
156 152.586700 961.842957
156 148.538788 955.953186
156 144.188141 950.283325
156 139.546753 944.848938
156 134.627289 939.664917
156 129.443268 934.745422
156 124.008888 930.104004
156 118.339043 925.753357
156 112.449272 921.705444
156 106.355721 917.971252
156 100.075089 914.561157
156 93.624588 911.484375
156 87.021904 908.749451
156 80.285141 906.363831
156 73.432755 904.334045
156 66.483521 902.665649
156 59.456497 901.363281
156 52.370949 900.430420
156 45.246284 899.869690
156 38.102036 899.682617
156 30.957788 899.869690
156 23.833122 900.430359
156 16.747566 901.363159
156 9.720539 902.665527
156 2.771301 904.333862
156 -4.081097 906.363647
156 -10.817875 908.749268
156 -17.420567 911.484131
156 -23.871078 914.560852
156 -30.151726 917.970947
156 -36.245293 921.705078
156 -42.135086 925.752991
156 -47.804955 930.103638
156 -53.239365 934.744995
156 -58.423416 939.664429
156 -63.342888 944.848450
156 -67.984314 950.282837
156 -72.334984 955.952698
156 -76.382957 961.842468
156 -80.117126 967.936035
156 -83.527260 974.216736
156 -86.604027 980.667236
156 -89.338974 987.269958
156 -91.724617 994.006775
156 -93.754417 1000.859192
156 -95.422798 1007.808411
156 -96.725197 1014.835510
156 -97.658043 1021.921082
156 -98.218773 1029.045776
156 -98.405861 1036.190063
156 -98.218788 1043.334351
156 -97.658073 1050.458984
156 -96.725243 1057.544678
156 -95.422844 1064.571655
156 -93.754478 1071.520996
156 -91.724693 1078.373413
156 -89.339073 1085.110107
156 -86.604134 1091.712891
156 -83.527382 1098.163452
156 -80.117256 1104.444092
156 -76.383095 1110.537598
156 -72.335136 1116.427490
156 -67.984474 1122.097290
156 -63.343033 1127.531738
156 -58.423546 1132.715820
156 -53.239487 1137.635254
156 -47.805054 1142.276733
156 -42.135170 1146.627319
156 -36.245354 1150.675293
156 -30.151756 1154.409424
156 -23.871075 1157.819458
156 -17.420536 1160.896240
156 -10.817814 1163.631104
156 -4.081001 1166.016724
156 2.771427 1168.046509
156 9.720699 1169.714844
156 16.747761 1171.017212
156 23.833351 1171.950073
156 30.958052 1172.510742
186 37.542793 1144.940308
186 44.410542 1144.760498
186 51.259464 1144.221436
186 58.070793 1143.324707
186 64.825851 1142.072754
186 71.506134 1140.468994
186 78.093323 1138.517700
186 84.569366 1136.224487
186 90.916504 1133.595337
186 97.117363 1130.637695
186 103.154922 1127.359619
186 109.012650 1123.770020
186 114.674477 1119.878662
186 120.124893 1115.696411
186 125.348961 1111.234741
186 130.332352 1106.505615
186 135.061432 1101.522217
186 139.523193 1096.298218
186 143.705444 1090.847778
186 147.596725 1085.185913
186 151.186340 1079.328125
186 154.464462 1073.290649
186 157.422119 1067.089844
186 160.051178 1060.742676
186 162.344482 1054.266602
186 164.295685 1047.679443
186 165.899475 1040.999146
186 167.151459 1034.244141
186 168.048187 1027.432739
186 168.587219 1020.583862
186 168.767059 1013.716125
186 168.587219 1006.848389
186 168.048187 999.999512
186 167.151489 993.188171
186 165.899506 986.433105
186 164.295715 979.752808
186 162.344513 973.165649
186 160.051239 966.689636
186 157.422180 960.342468
186 154.464523 954.141602
186 151.186401 948.104065
186 147.596802 942.246338
186 143.705536 936.584534
186 139.523300 931.134094
186 135.061554 925.910034
186 130.332489 920.926636
186 125.349106 916.197571
186 120.125053 911.735779
186 114.674644 907.553528
186 109.012825 903.662231
186 103.155121 900.072632
186 97.117569 896.794495
186 90.916725 893.836853
186 84.569595 891.207764
186 78.093567 888.914429
186 71.506386 886.963257
186 64.826118 885.359436
186 58.071068 884.107422
186 51.259750 883.210693
186 44.410835 882.671631
186 37.543095 882.491821
186 30.675354 882.671631
186 23.826439 883.210632
186 17.015118 884.107361
186 10.260061 885.359314
186 3.579784 886.963074
186 -3.007401 888.914307
186 -9.483444 891.207520
186 -15.830589 893.836609
186 -22.031445 896.794250
186 -28.069008 900.072327
186 -33.926735 903.661926
186 -39.588570 907.553162
186 -45.038994 911.735413
186 -50.263069 916.197144
186 -55.246475 920.926208
186 -59.975555 925.909607
186 -64.437340 931.133606
186 -68.619621 936.584045
186 -72.510925 942.245911
186 -76.100563 948.103638
186 -79.378723 954.141174
186 -82.336403 960.342041
186 -84.965500 966.689209
186 -87.258812 973.165283
186 -89.210045 979.752502
186 -90.813850 986.432800
186 -92.065849 993.187866
186 -92.962578 999.999207
186 -93.501610 1006.848145
186 -93.681465 1013.715942
186 -93.501625 1020.583740
186 -92.962608 1027.432617
186 -92.065895 1034.244019
186 -90.813896 1040.999146
186 -89.210106 1047.679443
186 -87.258888 1054.266602
186 -84.965591 1060.742676
186 -82.336502 1067.089844
186 -79.378838 1073.290771
186 -76.100693 1079.328247
186 -72.511055 1085.186035
186 -68.619766 1090.847900
186 -64.437492 1096.298340
186 -59.975693 1101.522339
186 -55.246605 1106.505737
186 -50.263191 1111.234863
186 -45.039085 1115.696655
186 -39.588646 1119.878906
186 -33.926788 1123.770142
186 -28.069038 1127.359741
186 -22.031441 1130.637939
186 -15.830559 1133.595581
186 -9.483383 1136.224609
186 -3.007313 1138.517822
186 3.579906 1140.469116
186 10.260216 1142.072876
186 17.015305 1143.324829
186 23.826660 1144.221558
186 30.675608 1144.760498
216 37.137989 1132.299072
216 43.609604 1132.129639
216 50.063484 1131.621704
216 56.481934 1130.776611
216 62.847366 1129.596924
216 69.142326 1128.085571
216 75.349564 1126.246948
216 81.452072 1124.085938
216 87.433121 1121.608521
216 93.276306 1118.821411
216 98.965622 1115.732422
216 104.485474 1112.349854
216 109.820724 1108.682983
216 114.956772 1104.741943
216 119.879517 1100.537598
216 124.575470 1096.081299
216 129.031769 1091.385254
216 133.236176 1086.462524
216 137.177200 1081.326538
216 140.844025 1075.991333
216 144.226593 1070.471436
216 147.315643 1064.782104
216 150.102692 1058.938965
216 152.580124 1052.957886
216 154.741135 1046.855347
216 156.579788 1040.648193
216 158.091080 1034.353271
216 159.270844 1027.987793
216 160.115860 1021.569336
216 160.623779 1015.115479
216 160.793259 1008.643860
216 160.623795 1002.172241
216 160.115875 995.718384
216 159.270874 989.299927
216 158.091110 982.934509
216 156.579834 976.639587
216 154.741165 970.432312
216 152.580170 964.329834
216 150.102737 958.348755
216 147.315704 952.505615
216 144.226669 946.816284
216 140.844101 941.296448
216 137.177292 935.961182
216 133.236282 930.825134
216 129.031876 925.902405
216 124.575592 921.206421
216 119.879654 916.750122
216 114.956909 912.545715
216 109.820892 908.604736
216 104.485641 904.937866
216 98.965805 901.555298
216 93.276505 898.466248
216 87.433319 895.679199
216 81.452286 893.201721
216 75.349792 891.040710
216 69.142563 889.202026
216 62.847614 887.690735
216 56.482193 886.510986
216 50.063751 885.665955
216 43.609882 885.158020
216 37.138271 884.988525
216 30.666664 885.157959
216 24.212791 885.665894
216 17.794346 886.510864
216 11.428921 887.690613
216 5.133961 889.201904
216 -1.073277 891.040527
216 -7.175781 893.201538
216 -13.156826 895.678955
216 -19.000015 898.466003
216 -24.689335 901.555054
216 -30.209187 904.937561
216 -35.544453 908.604370
216 -40.680492 912.545349
216 -45.603252 916.749756
216 -50.299213 921.206055
216 -54.755512 925.901978
216 -58.959949 930.824707
216 -62.900997 935.960754
216 -66.567856 941.296021
216 -69.950439 946.815857
216 -73.039520 952.505188
216 -75.826599 958.348389
216 -78.304047 964.329468
216 -80.465073 970.432007
216 -82.303772 976.639221
216 -83.815079 982.934204
216 -84.994843 989.299683
216 -85.839859 995.718140
216 -86.347794 1002.172058
216 -86.517273 1008.643677
216 -86.347809 1015.115295
216 -85.839890 1021.569214
216 -84.994888 1027.987671
216 -83.815109 1034.353149
216 -82.303818 1040.648193
216 -80.465149 1046.855347
216 -78.304138 1052.957886
216 -75.826691 1058.938965
216 -73.039627 1064.782227
216 -69.950562 1070.471558
216 -66.567978 1075.991333
216 -62.901134 1081.326660
216 -58.960094 1086.462646
216 -54.755650 1091.385498
216 -50.299328 1096.081421
216 -45.603359 1100.537720
216 -40.680584 1104.742188
216 -35.544521 1108.683228
216 -30.209240 1112.349976
216 -24.689362 1115.732544
216 -19.000011 1118.821655
216 -13.156796 1121.608643
216 -7.175728 1124.086060
216 -1.073193 1126.247070
216 5.134075 1128.085693
216 11.429066 1129.597046
216 17.794523 1130.776733
216 24.212999 1131.621704
216 30.666903 1132.129639
246 41.807873 1073.527588
246 46.933434 1073.393311
246 52.044945 1072.991089
246 57.128395 1072.321777
246 62.169853 1071.387451
246 67.155502 1070.190552
246 72.071678 1068.734253
246 76.904892 1067.022705
246 81.641922 1065.060547
246 86.269760 1062.853271
246 90.775734 1060.406738
246 95.147491 1057.727661
246 99.373047 1054.823486
246 103.440819 1051.702148
246 107.339661 1048.372314
246 111.058884 1044.842896
246 114.588303 1041.123657
246 117.918228 1037.224854
246 121.039536 1033.156982
246 123.943680 1028.931519
246 126.622696 1024.559692
246 129.069244 1020.053772
246 131.276611 1015.425903
246 133.238739 1010.688904
246 134.950272 1005.855652
246 136.406509 1000.939514
246 137.603455 995.953857
246 138.537842 990.912415
246 139.207092 985.828979
246 139.609375 980.717468
246 139.743591 975.591919
246 139.609375 970.466370
246 139.207108 965.354858
246 138.537857 960.271423
246 137.603485 955.229980
246 136.406540 950.244324
246 134.950302 945.328125
246 133.238785 940.494934
246 131.276642 935.757874
246 129.069290 931.130066
246 126.622757 926.624084
246 123.943741 922.252319
246 121.039612 918.026794
246 117.918304 913.958984
246 114.588394 910.060181
246 111.058990 906.340942
246 107.339767 902.811523
246 103.440933 899.481628
246 99.373169 896.360291
246 95.147629 893.456116
246 90.775879 890.777100
246 86.269913 888.330566
246 81.642082 886.123169
246 76.905067 884.161072
246 72.071854 882.449524
246 67.155693 880.993286
246 62.170052 879.796326
246 57.128601 878.861938
246 52.045155 878.192627
246 46.933651 877.790344
246 41.808098 877.656128
246 36.682545 877.790344
246 31.571037 878.192627
246 26.487591 878.861816
246 21.446135 879.796204
246 16.460487 880.993164
246 11.544317 882.449341
246 6.711098 884.160889
246 1.974075 886.123047
246 -2.653770 888.330383
246 -7.159744 890.776917
246 -11.531502 893.455872
246 -15.757061 896.360046
246 -19.824841 899.481323
246 -23.723690 902.811218
246 -27.442921 906.340637
246 -30.972340 910.059814
246 -34.302273 913.958679
246 -37.423611 918.026428
246 -40.327785 922.252014
246 -43.006817 926.623779
246 -45.453381 931.129761
246 -47.660763 935.757568
246 -49.622921 940.494629
246 -51.334469 945.327881
246 -52.790722 950.244080
246 -53.987690 955.229736
246 -54.922077 960.271179
246 -55.591335 965.354675
246 -55.993626 970.466187
246 -56.127850 975.591736
246 -55.993633 980.717346
246 -55.591358 985.828857
246 -54.922108 990.912354
246 -53.987720 995.953796
246 -52.790768 1000.939514
246 -51.334530 1005.855652
246 -49.622990 1010.688904
246 -47.660839 1015.425964
246 -45.453465 1020.053833
246 -43.006908 1024.559814
246 -40.327885 1028.931519
246 -37.423725 1033.157104
246 -34.302395 1037.224854
246 -30.972446 1041.123779
246 -27.443020 1044.843018
246 -23.723782 1048.372437
246 -19.824909 1051.702393
246 -15.757118 1054.823608
246 -11.531540 1057.727783
246 -7.159763 1060.406860
246 -2.653767 1062.853394
246 1.974098 1065.060669
246 6.711140 1067.022827
246 11.544384 1068.734375
246 16.460579 1070.190552
246 21.446249 1071.387573
246 26.487730 1072.321899
246 31.571201 1072.991089
246 36.682732 1073.393433
276 30.478008 1097.529785
276 36.125443 1097.381836
276 41.757393 1096.938599
276 47.358429 1096.201172
276 52.913200 1095.171753
276 58.406471 1093.852905
276 63.823200 1092.248413
276 69.148529 1090.362549
276 74.367859 1088.200684
276 79.466904 1085.768555
276 84.431656 1083.072876
276 89.248535 1080.121094
276 93.904327 1076.921265
276 98.386276 1073.482178
276 102.682083 1069.813232
276 106.779999 1065.924438
276 110.668762 1061.826538
276 114.337738 1057.530762
276 117.776855 1053.048706
276 120.976685 1048.392944
276 123.928482 1043.576050
276 126.624115 1038.611328
276 129.056229 1033.512329
276 131.218155 1028.292969
276 133.103943 1022.967651
276 134.708450 1017.550903
276 136.027267 1012.057678
276 137.056793 1006.502869
276 137.794174 1000.901855
276 138.237427 995.269897
276 138.385315 989.622498
276 138.237427 983.975098
276 137.794189 978.343140
276 137.056808 972.742065
276 136.027298 967.187317
276 134.708481 961.694031
276 133.103973 956.277344
276 131.218185 950.952026
276 129.056274 945.732666
276 126.624176 940.633667
276 123.928543 935.668884
276 120.976761 930.851990
276 117.776932 926.196228
276 114.337814 921.714294
276 110.668869 917.418457
276 106.780106 913.320557
276 102.682205 909.431763
276 98.386398 905.762817
276 93.904465 902.323730
276 89.248688 899.123840
276 84.431824 896.172058
276 79.467072 893.476440
276 74.368042 891.044312
276 69.148712 888.882385
276 63.823399 886.996582
276 58.406685 885.392029
276 52.913414 884.073242
276 47.358658 883.043701
276 41.757626 882.306274
276 36.125683 881.863037
276 30.478256 881.715149
276 24.830830 881.863037
276 19.198883 882.306213
276 13.597851 883.043579
276 8.043085 884.073120
276 2.549814 885.391907
276 -2.866909 886.996399
276 -8.192238 888.882202
276 -13.411572 891.044067
276 -18.510612 893.476196
276 -23.475372 896.171814
276 -28.292252 899.123596
276 -32.948048 902.323425
276 -37.429996 905.762512
276 -41.725819 909.431458
276 -45.823734 913.320190
276 -49.712513 917.418091
276 -53.381496 921.713867
276 -56.820637 926.195862
276 -60.020504 930.851624
276 -62.972309 935.668518
276 -65.667969 940.633301
276 -68.100113 945.732361
276 -70.262054 950.951721
276 -72.147873 956.277039
276 -73.752396 961.693787
276 -75.071228 967.187073
276 -76.100754 972.741882
276 -76.838150 978.342896
276 -77.281403 983.974854
276 -77.429291 989.622314
276 -77.281418 995.269775
276 -76.838181 1000.901733
276 -76.100784 1006.502808
276 -75.071259 1012.057617
276 -73.752441 1017.550903
276 -72.147934 1022.967651
276 -70.262131 1028.292969
276 -68.100189 1033.512329
276 -65.668076 1038.611450
276 -62.972408 1043.576172
276 -60.020611 1048.393066
276 -56.820759 1053.048828
276 -53.381618 1057.530762
276 -49.712627 1061.826660
276 -45.823841 1065.924561
276 -41.725918 1069.813354
276 -37.430080 1073.482300
276 -32.948112 1076.921387
276 -28.292297 1080.121216
276 -23.475395 1083.072998
276 -18.510609 1085.768677
276 -13.411545 1088.200806
276 -8.192188 1090.362671
276 -2.866837 1092.248535
276 2.549913 1093.853027
276 8.043213 1095.171753
276 13.598005 1096.201294
276 19.199064 1096.938721
276 24.831039 1097.381836
306 39.441593 1105.106567
306 45.198372 1104.955811
306 50.939369 1104.503906
306 56.648849 1103.752319
306 62.311172 1102.702881
306 67.910805 1101.358521
306 73.432411 1099.722900
306 78.860840 1097.800537
306 84.181236 1095.596802
306 89.378998 1093.117554
306 94.439888 1090.369751
306 99.350037 1087.360840
306 104.095963 1084.098999
306 108.664688 1080.593262
306 113.043686 1076.853271
306 117.220932 1072.889282
306 121.184998 1068.712036
306 124.925003 1064.333008
306 128.430710 1059.764282
306 131.692505 1055.018311
306 134.701447 1050.108154
306 137.449280 1045.047363
306 139.928482 1039.849609
306 142.132248 1034.529175
306 144.054565 1029.100708
306 145.690125 1023.579163
306 147.034485 1017.979553
306 148.083939 1012.317200
306 148.835602 1006.607727
306 149.287430 1000.866760
306 149.438187 995.109985
306 149.287445 989.353210
306 148.835617 983.612244
306 148.083954 977.902771
306 147.034515 972.240417
306 145.690170 966.640808
306 144.054596 961.119202
306 142.132294 955.690796
306 139.928528 950.370361
306 137.449326 945.172607
306 134.701492 940.111755
306 131.692566 935.201599
306 128.430786 930.455688
306 124.925079 925.886963
306 121.185089 921.507935
306 117.221039 917.330688
306 113.043793 913.366638
306 108.664825 909.626648
306 104.096115 906.120911
306 99.350182 902.859131
306 94.440048 899.850159
306 89.379173 897.102356
306 84.181419 894.623108
306 78.861038 892.419312
306 73.432617 890.497009
306 67.911018 888.861450
306 62.311394 887.517090
306 56.649082 886.467590
306 50.939606 885.715942
306 45.198616 885.264099
306 39.441845 885.113342
306 33.685074 885.264038
306 27.944082 885.715881
306 22.234604 886.467529
306 16.572289 887.516968
306 10.972656 888.861328
306 5.451054 890.496887
306 0.022621 892.419128
306 -5.297771 894.622925
306 -10.495537 897.102112
306 -15.556427 899.849915
306 -20.466568 902.858826
306 -25.212513 906.120605
306 -29.781239 909.626282
306 -34.160236 913.366333
306 -38.337498 917.330322
306 -42.301563 921.507568
306 -46.041584 925.886536
306 -49.547314 930.455261
306 -52.809139 935.201233
306 -55.818096 940.111389
306 -58.565952 945.172241
306 -61.045185 950.370056
306 -63.248981 955.690430
306 -65.171310 961.118896
306 -66.806900 966.640503
306 -68.151276 972.240173
306 -69.200729 977.902527
306 -69.952408 983.612000
306 -70.404236 989.353027
306 -70.554993 995.109802
306 -70.404251 1000.866638
306 -69.952438 1006.607605
306 -69.200760 1012.317139
306 -68.151306 1017.979492
306 -66.806946 1023.579163
306 -65.171371 1029.100708
306 -63.249058 1034.529175
306 -61.045269 1039.849609
306 -58.566051 1045.047363
306 -55.818203 1050.108276
306 -52.809246 1055.018433
306 -49.547436 1059.764404
306 -46.041714 1064.333130
306 -42.301685 1068.712158
306 -38.337605 1072.889404
306 -34.160336 1076.853516
306 -29.781322 1080.593506
306 -25.212574 1084.099243
306 -20.466614 1087.360962
306 -15.556450 1090.369873
306 -10.495533 1093.117798
306 -5.297745 1095.596924
306 0.022667 1097.800659
306 5.451130 1099.723022
306 10.972757 1101.358521
306 16.572418 1102.702881
306 22.234762 1103.752319
306 27.944267 1104.504028
306 33.685287 1104.955811
336 41.303230 1091.654541
336 46.828732 1091.509888
336 52.339088 1091.076172
336 57.819199 1090.354736
336 63.254040 1089.347412
336 68.628716 1088.057129
336 73.928490 1086.487305
336 79.138840 1084.642212
336 84.245491 1082.526978
336 89.234436 1080.147339
336 94.092010 1077.509888
336 98.804893 1074.621826
336 103.360161 1071.491089
336 107.745338 1068.126221
336 111.948410 1064.536499
336 115.957840 1060.731689
336 119.762650 1056.722168
336 123.352409 1052.519165
336 126.717270 1048.133911
336 129.848022 1043.578735
336 132.736084 1038.865845
336 135.373535 1034.008179
336 137.753128 1029.019287
336 139.868378 1023.912659
336 141.713455 1018.702332
336 143.283325 1013.402527
336 144.573654 1008.027893
336 145.580963 1002.593018
336 146.302429 997.112915
336 146.736099 991.602600
336 146.880798 986.077087
336 146.736115 980.551575
336 146.302429 975.041260
336 145.580963 969.561157
336 144.573685 964.126282
336 143.283356 958.751648
336 141.713486 953.451843
336 139.868408 948.241516
336 137.753174 943.134888
336 135.373566 938.145935
336 132.736145 933.288330
336 129.848083 928.575439
336 126.717346 924.020203
336 123.352486 919.635010
336 119.762749 915.431946
336 115.957947 911.422546
336 111.948524 907.617737
336 107.745468 904.027954
336 103.360306 900.663086
336 98.805038 897.532349
336 94.092163 894.644287
336 89.234604 892.006836
336 84.245667 889.627197
336 79.139030 887.511963
336 73.928688 885.666870
336 68.628922 884.096985
336 63.254253 882.806641
336 57.819420 881.799316
336 52.339317 881.077881
336 46.828968 880.644165
336 41.303474 880.499451
336 35.777977 880.644165
336 30.267624 881.077820
336 24.787519 881.799255
336 19.352682 882.806519
336 13.978012 884.096863
336 8.678238 885.666748
336 3.467884 887.511780
336 -1.638763 889.627014
336 -6.627712 892.006592
336 -11.485287 894.644043
336 -16.198166 897.532043
336 -20.753445 900.662781
336 -25.138626 904.027649
336 -29.341705 907.617371
336 -33.351143 911.422180
336 -37.155960 915.431580
336 -40.745728 919.634644
336 -44.110619 924.019836
336 -47.241394 928.575134
336 -50.129471 933.287964
336 -52.766937 938.145569
336 -55.146568 943.134521
336 -57.261826 948.241211
336 -59.106934 953.451538
336 -60.676811 958.751343
336 -61.967171 964.126038
336 -62.974472 969.560913
336 -63.695946 975.041016
336 -64.129631 980.551392
336 -64.274330 986.076904
336 -64.129646 991.602478
336 -63.695976 997.112854
336 -62.974503 1002.592957
336 -61.967209 1008.027832
336 -60.676857 1013.402527
336 -59.106995 1018.702271
336 -57.261902 1023.912659
336 -55.146652 1029.019287
336 -52.767036 1034.008301
336 -50.129570 1038.865845
336 -47.241501 1043.578735
336 -44.110733 1048.134033
336 -40.745850 1052.519287
336 -37.156075 1056.722290
336 -33.351242 1060.731812
336 -29.341797 1064.536621
336 -25.138702 1068.126343
336 -20.753506 1071.491211
336 -16.198212 1074.621948
336 -11.485306 1077.510010
336 -6.627712 1080.147461
336 -1.638741 1082.527100
336 3.467930 1084.642334
336 8.678310 1086.487305
336 13.978109 1088.057251
336 19.352808 1089.347534
336 24.787670 1090.354858
336 30.267801 1091.076294
336 35.778179 1091.509888
366 35.259983 1093.889526
366 40.795105 1093.744507
366 46.315056 1093.310059
366 51.804707 1092.587402
366 57.249008 1091.578369
366 62.633041 1090.285767
366 67.942047 1088.713135
366 73.161469 1086.864868
366 78.277008 1084.745972
366 83.274643 1082.362183
366 88.140671 1079.720093
366 92.861755 1076.827026
366 97.424957 1073.690918
366 101.817764 1070.320068
366 106.028152 1066.724121
366 110.044556 1062.912720
366 113.856003 1058.896240
366 117.452011 1054.685913
366 120.822723 1050.293091
366 123.958939 1045.729858
366 126.852020 1041.008789
366 129.494049 1036.142822
366 131.877792 1031.145142
366 133.996719 1026.029663
366 135.845016 1020.810181
366 137.417618 1015.501221
366 138.710205 1010.117188
366 139.719254 1004.672852
366 140.441971 999.183228
366 140.876404 993.663269
366 141.021347 988.128174
366 140.876419 982.593079
366 140.441986 977.073120
366 139.719269 971.583496
366 138.710220 966.139160
366 137.417648 960.755127
366 135.845047 955.446167
366 133.996765 950.226746
366 131.877838 945.111206
366 129.494110 940.113586
366 126.852081 935.247559
366 123.959000 930.526428
366 120.822800 925.963257
366 117.452087 921.570435
366 113.856094 917.360046
366 110.044662 913.343628
366 106.028259 909.532227
366 101.817886 905.936218
366 97.425095 902.565491
366 92.861900 899.429260
366 88.140823 896.536194
366 83.274811 893.894165
366 78.277184 891.510376
366 73.161652 889.391418
366 67.942238 887.543152
366 62.633244 885.970520
366 57.249222 884.677917
366 51.804928 883.668884
366 46.315285 882.946167
366 40.795341 882.511719
366 35.260227 882.366760
366 29.725109 882.511658
366 24.205162 882.946106
366 18.715519 883.668823
366 13.271221 884.677856
366 7.887192 885.970398
366 2.578190 887.542969
366 -2.641235 889.391235
366 -7.756771 891.510193
366 -12.754406 893.893921
366 -17.620438 896.535950
366 -22.341522 899.429016
366 -26.904732 902.565186
366 -31.297550 905.935913
366 -35.507938 909.531860
366 -39.524364 913.343262
366 -43.335804 917.359680
366 -46.931820 921.570068
366 -50.302563 925.962891
366 -53.438801 930.526062
366 -56.331905 935.247192
366 -58.973957 940.113220
366 -61.357731 945.110840
366 -63.476673 950.226440
366 -65.324982 955.445862
366 -66.897598 960.754883
366 -68.190216 966.138916
366 -69.199265 971.583252
366 -69.921997 977.072876
366 -70.356430 982.592896
366 -70.501389 988.127991
366 -70.356445 993.663147
366 -69.922028 999.183105
366 -69.199295 1004.672791
366 -68.190247 1010.117126
366 -66.897659 1015.501160
366 -65.325058 1020.810181
366 -63.476749 1026.029663
366 -61.357815 1031.145142
366 -58.974056 1036.142822
366 -56.332005 1041.008911
366 -53.438908 1045.729980
366 -50.302685 1050.293213
366 -46.931942 1054.686035
366 -43.335918 1058.896362
366 -39.524464 1062.912842
366 -35.508038 1066.724243
366 -31.297626 1070.320313
366 -26.904793 1073.691040
366 -22.341568 1076.827148
366 -17.620457 1079.720337
366 -12.754406 1082.362305
366 -7.756748 1084.746094
366 -2.641186 1086.864990
366 2.578262 1088.713257
366 7.887289 1090.285889
366 13.271345 1091.578369
366 18.715670 1092.587402
366 24.205341 1093.310181
366 29.725313 1093.744507
396 62.659550 1041.446045
396 67.000069 1041.332397
396 71.328690 1040.991821
396 75.633545 1040.425049
396 79.902847 1039.633789
396 84.124878 1038.620117
396 88.288086 1037.386963
396 92.381035 1035.937500
396 96.392525 1034.275879
396 100.311554 1032.406616
396 104.127380 1030.334839
396 107.829559 1028.066162
396 111.407913 1025.606812
396 114.852661 1022.963562
396 118.154343 1020.143677
396 121.303925 1017.154785
396 124.292770 1014.005249
396 127.112671 1010.703552
396 129.755920 1007.258789
396 132.215256 1003.680420
396 134.483948 999.978271
396 136.555771 996.162476
396 138.425049 992.243408
396 140.086670 988.231934
396 141.536057 984.138977
396 142.769241 979.975769
396 143.782867 975.753784
396 144.574142 971.484436
396 145.140884 967.179626
396 145.481552 962.851013
396 145.595215 958.510498
396 145.481567 954.169983
396 145.140900 949.841370
396 144.574158 945.536499
396 143.782883 941.267212
396 142.769272 937.045166
396 141.536087 932.881958
396 140.086700 928.789001
396 138.425079 924.777527
396 136.555817 920.858521
396 134.483994 917.042664
396 132.215302 913.340515
396 129.755981 909.762146
396 127.112732 906.317383
396 124.292839 903.015747
396 121.304008 899.866150
396 118.154434 896.877319
396 114.852753 894.057373
396 111.408020 891.414124
396 107.829666 888.954834
396 104.127502 886.686096
396 100.311691 884.614258
396 96.392662 882.744995
396 92.381180 881.083374
396 88.288239 879.633972
396 84.125038 878.400757
396 79.903015 877.387146
396 75.633720 876.595886
396 71.328865 876.029114
396 67.000252 875.688416
396 62.659740 875.574768
396 58.319229 875.688416
396 53.990608 876.029053
396 49.685757 876.595825
396 45.416458 877.387085
396 41.194427 878.400696
396 37.031227 879.633850
396 32.938274 881.083252
396 28.926785 882.744873
396 25.007751 884.614136
396 21.191921 886.685913
396 17.489754 888.954590
396 13.911388 891.413940
396 10.466640 894.057129
396 7.164948 896.877075
396 4.015358 899.865845
396 1.026516 903.015442
396 -1.793400 906.317139
396 -4.436665 909.761841
396 -6.896023 913.340210
396 -9.164730 917.042419
396 -11.236576 920.858215
396 -13.105869 924.777283
396 -14.767498 928.788757
396 -16.216908 932.881775
396 -17.450115 937.044983
396 -18.463749 941.267029
396 -19.255024 945.536316
396 -19.821774 949.841187
396 -20.162449 954.169800
396 -20.276119 958.510376
396 -20.162464 962.850891
396 -19.821796 967.179504
396 -19.255047 971.484375
396 -18.463779 975.753723
396 -17.450153 979.975769
396 -16.216953 984.138977
396 -14.767559 988.231934
396 -13.105938 992.243469
396 -11.236645 996.162476
396 -9.164814 999.978333
396 -6.896107 1003.680542
396 -4.436756 1007.258911
396 -1.793499 1010.703613
396 1.026428 1014.005310
396 4.015282 1017.154907
396 7.164871 1020.143738
396 10.466579 1022.963684
396 13.911339 1025.606934
396 17.489719 1028.066284
396 21.191906 1030.334961
396 25.007755 1032.406738
396 28.926804 1034.276001
396 32.938309 1035.937622
396 37.031284 1037.387085
396 41.194504 1038.620239
396 45.416557 1039.633789
396 49.685875 1040.425049
396 53.990749 1040.991821
396 58.319389 1041.332520
426 19.462572 1082.217285
426 24.826050 1082.076782
426 30.174824 1081.655884
426 35.494240 1080.955566
426 40.769714 1079.977783
426 45.986782 1078.725342
426 51.131157 1077.201416
426 56.188721 1075.410522
426 61.145630 1073.357300
426 65.988281 1071.047485
426 70.703415 1068.487305
426 75.278099 1065.683960
426 79.699791 1062.645020
426 83.956383 1059.378784
426 88.036201 1055.894287
426 91.928062 1052.201050
426 95.621307 1048.309204
426 99.105797 1044.229370
426 102.371994 1039.972778
426 105.410942 1035.551147
426 108.214317 1030.976440
426 110.774414 1026.261353
426 113.084244 1021.418640
426 115.137459 1016.461792
426 116.928436 1011.404175
426 118.452263 1006.259827
426 119.704773 1001.042786
426 120.682526 995.767273
426 121.382843 990.447876
426 121.803802 985.099121
426 121.944252 979.735657
426 121.803810 974.372192
426 121.382858 969.023438
426 120.682549 963.703979
426 119.704796 958.428528
426 118.452293 953.211487
426 116.928467 948.067078
426 115.137497 943.009521
426 113.084282 938.052612
426 110.774467 933.209961
426 108.214371 928.494873
426 105.411003 923.920166
426 102.372070 919.498474
426 99.105873 915.241882
426 95.621399 911.162048
426 91.928162 907.270203
426 88.036308 903.576965
426 83.956505 900.092468
426 79.699928 896.826294
426 75.278236 893.787292
426 70.703568 890.983948
426 65.988441 888.423828
426 61.145798 886.114014
426 56.188904 884.060791
426 51.131344 882.269775
426 45.986984 880.745972
426 40.769920 879.493408
426 35.494453 878.515686
426 30.175047 877.815308
426 24.826279 877.394409
426 19.462807 877.253906
426 14.099337 877.394348
426 8.750566 877.815308
426 3.431156 878.515625
426 -1.844313 879.493347
426 -7.061382 880.745850
426 -12.205750 882.269653
426 -17.263319 884.060608
426 -22.220224 886.113831
426 -27.062880 888.423645
426 -31.778013 890.983704
426 -36.352699 893.787048
426 -40.774399 896.825989
426 -45.030998 900.092163
426 -49.110825 903.576660
426 -53.002693 907.269897
426 -56.695938 911.161743
426 -60.180443 915.241516
426 -63.446663 919.498108
426 -66.485641 923.919800
426 -69.289024 928.494507
426 -71.849152 933.209656
426 -74.159004 938.052307
426 -76.212242 943.009216
426 -78.003235 948.066833
426 -79.527084 953.211182
426 -80.779610 958.428284
426 -81.757370 963.703796
426 -82.457687 969.023193
426 -82.878654 974.372009
426 -83.019112 979.735474
426 -82.878670 985.098999
426 -82.457718 990.447815
426 -81.757401 995.767212
426 -80.779640 1001.042725
426 -79.527130 1006.259827
426 -78.003296 1011.404175
426 -76.212311 1016.461792
426 -74.159081 1021.418701
426 -71.849243 1026.261353
426 -69.289124 1030.976563
426 -66.485741 1035.551270
426 -63.446777 1039.972900
426 -60.180565 1044.229492
426 -56.696053 1048.309326
426 -53.002792 1052.201172
426 -49.110916 1055.894409
426 -45.031067 1059.378906
426 -40.774460 1062.645142
426 -36.352737 1065.684082
426 -31.778032 1068.487427
426 -27.062876 1071.047607
426 -22.220198 1073.357422
426 -17.263273 1075.410645
426 -12.205681 1077.201538
426 -7.061287 1078.725342
426 -1.844193 1079.977905
426 3.431303 1080.955566
426 8.750738 1081.655884
426 14.099534 1082.076904
456 49.802399 1000.554443
456 52.633270 1000.480286
456 55.456383 1000.258118
456 58.264000 999.888489
456 61.048424 999.372437
456 63.802021 998.711365
456 66.517250 997.907043
456 69.186661 996.961792
456 71.802940 995.878052
456 74.358925 994.658936
456 76.847595 993.307678
456 79.262138 991.828064
456 81.595932 990.224121
456 83.842583 988.500183
456 85.995934 986.661011
456 88.050079 984.711731
456 89.999390 982.657593
456 91.838531 980.504211
456 93.562439 978.257568
456 95.166420 975.923767
456 96.646057 973.509216
456 97.997284 971.020569
456 99.216431 968.464600
456 100.300125 965.848328
456 101.245415 963.178894
456 102.049698 960.463684
456 102.710777 957.710083
456 103.226845 954.925659
456 103.596474 952.118042
456 103.818657 949.294922
456 103.892792 946.464050
456 103.818665 943.633240
456 103.596481 940.810120
456 103.226852 938.002502
456 102.710793 935.218079
456 102.049713 932.464478
456 101.245430 929.749268
456 100.300140 927.079834
456 99.216446 924.463562
456 97.997314 921.907593
456 96.646080 919.418884
456 95.166451 917.004395
456 93.562485 914.670593
456 91.838570 912.423950
456 89.999443 910.270569
456 88.050133 908.216431
456 85.995987 906.267090
456 83.842651 904.427979
456 81.596001 902.704041
456 79.262207 901.100098
456 76.847672 899.620422
456 74.359009 898.269226
456 71.803032 897.050049
456 69.186752 895.966370
456 66.517349 895.021057
456 63.802124 894.216797
456 61.048531 893.555664
456 58.264114 893.039612
456 55.456501 892.669983
456 52.633392 892.447815
456 49.802525 892.373657
456 46.971653 892.447754
456 44.148544 892.669983
456 41.340931 893.039551
456 38.556507 893.555664
456 35.802910 894.216736
456 33.087685 895.020996
456 30.418274 895.966248
456 27.801992 897.049988
456 25.246012 898.269104
456 22.757339 899.620300
456 20.342796 901.099976
456 18.008999 902.703918
456 15.762344 904.427795
456 13.608990 906.266968
456 11.554836 908.216248
456 9.605522 910.270386
456 7.766384 912.423706
456 6.042454 914.670410
456 4.438465 917.004150
456 2.958824 919.418701
456 1.607574 921.907410
456 0.388424 924.463379
456 -0.695286 927.079651
456 -1.640583 929.749084
456 -2.444878 932.464355
456 -3.105968 935.217957
456 -3.622036 938.002380
456 -3.991669 940.809998
456 -4.213856 943.633118
456 -4.287991 946.463989
456 -4.213863 949.294861
456 -3.991684 952.117981
456 -3.622051 954.925659
456 -3.105988 957.710083
456 -2.444904 960.463684
456 -1.640617 963.178894
456 -0.695324 965.848328
456 0.388382 968.464600
456 1.607525 971.020630
456 2.958771 973.509277
456 4.438412 975.923828
456 6.042393 978.257629
456 7.766319 980.504272
456 9.605465 982.657654
456 11.554787 984.711792
456 13.608940 986.661133
456 15.762306 988.500244
456 18.008966 990.224182
456 20.342773 991.828125
456 22.757328 993.307800
456 25.246014 994.658997
456 27.802006 995.878174
456 30.418299 996.961853
456 33.087723 997.907104
456 35.802963 998.711426
456 38.556572 999.372498
456 41.341007 999.888550
456 44.148636 1000.258179
456 46.971760 1000.480347
516 72.105736 995.119202
516 73.765823 995.075684
516 75.421364 994.945435
516 77.067810 994.728638
516 78.700661 994.426025
516 80.315430 994.038330
516 81.907700 993.566711
516 83.473106 993.012390
516 85.007355 992.376831
516 86.506241 991.661926
516 87.965652 990.869507
516 89.381592 990.001831
516 90.750183 989.061218
516 92.067673 988.050293
516 93.330444 986.971802
516 94.535042 985.828674
516 95.678162 984.624084
516 96.756676 983.361267
516 97.767616 982.043823
516 98.708221 980.675232
516 99.575912 979.259277
516 100.368309 977.799866
516 101.083237 976.300964
516 101.718750 974.766724
516 102.273087 973.201355
516 102.744736 971.609070
516 103.132408 969.994263
516 103.435043 968.361450
516 103.651802 966.714966
516 103.782089 965.059448
516 103.825562 963.399353
516 103.782097 961.739258
516 103.651802 960.083740
516 103.435043 958.437317
516 103.132416 956.804443
516 102.744743 955.189697
516 102.273094 953.597412
516 101.718758 952.031982
516 101.083252 950.497742
516 100.368324 948.998901
516 99.575928 947.539490
516 98.708244 946.123535
516 97.767639 944.754944
516 96.756699 943.437439
516 95.678192 942.174683
516 94.535072 940.970093
516 93.330475 939.826965
516 92.067711 938.748474
516 90.750229 937.737488
516 89.381638 936.796875
516 87.965698 935.929199
516 86.506287 935.136780
516 85.007408 934.421875
516 83.473160 933.786377
516 81.907761 933.231995
516 80.315491 932.760376
516 78.700722 932.372681
516 77.067879 932.070068
516 75.421432 931.853271
516 73.765892 931.723022
516 72.105812 931.679504
516 70.445724 931.723022
516 68.790184 931.853271
516 67.143738 932.070007
516 65.510895 932.372681
516 63.896118 932.760315
516 62.303848 933.231995
516 60.738445 933.786316
516 59.204201 934.421814
516 57.705315 935.136719
516 56.245899 935.929138
516 54.829956 936.796814
516 53.461365 937.737427
516 52.143875 938.748352
516 50.881100 939.826843
516 49.676498 940.969971
516 48.533379 942.174561
516 47.454865 943.437317
516 46.443913 944.754822
516 45.503296 946.123413
516 44.635601 947.539368
516 43.843201 948.998779
516 43.128262 950.497681
516 42.492752 952.031921
516 41.938408 953.597351
516 41.466751 955.189575
516 41.079071 956.804382
516 40.776436 958.437256
516 40.559677 960.083679
516 40.429382 961.739258
516 40.385906 963.399353
516 40.429375 965.059387
516 40.559669 966.714966
516 40.776428 968.361389
516 41.079060 969.994263
516 41.466736 971.609070
516 41.938385 973.201294
516 42.492729 974.766724
516 43.128235 976.300964
516 43.843170 977.799866
516 44.635571 979.259277
516 45.503265 980.675232
516 46.443878 982.043823
516 47.454826 983.361328
516 48.533340 984.624084
516 49.676468 985.828674
516 50.881073 986.971802
516 52.143852 988.050354
516 53.461349 989.061279
516 54.829945 990.001892
516 56.245895 990.869568
516 57.705315 991.661987
516 59.204208 992.376892
516 60.738461 993.012390
516 62.303871 993.566711
516 63.896149 994.038391
516 65.510925 994.426025
516 67.143784 994.728699
516 68.790237 994.945435
516 70.445786 995.075745
