28.859200
31.692387
34.517807
37.327721
40.114422
42.870274
45.587723
48.259315
50.877739
53.435806
55.926514
58.343033
60.678734
62.927223
65.082336
67.138161
69.089066
70.929703
72.655029
74.260323
75.741165
77.093506
78.313644
79.398224
80.344284
81.149231
81.810852
82.327339
82.697266
82.919632
82.993828
82.919640
82.697281
82.327347
81.810867
81.149246
80.344299
79.398247
78.313660
77.093536
75.741196
74.260353
72.655075
70.929749
69.089119
67.138214
65.082397
62.927288
60.678806
58.343109
55.926594
53.435890
50.877827
48.259411
45.587822
42.870377
40.114532
37.327835
34.517925
31.692509
28.859324
26.026138
23.200720
20.390810
17.604111
14.848263
12.130816
9.459221
6.840799
4.282728
1.792021
-0.624498
-2.960203
-5.208698
-7.363811
-9.419643
-11.370552
-13.211197
-14.936535
-16.541836
-18.022690
-19.375042
-20.595192
-21.679787
-22.625858
-23.430809
-24.092438
-24.608929
-24.978867
-25.201233
-25.275429
-25.201241
-24.978878
-24.608948
-24.092457
-23.430836
-22.625889
-21.679825
-20.595234
-19.375092
-18.022739
-16.541889
-14.936596
-13.211262
-11.370609
-9.419693
-7.363861
-5.208736
-2.960236
-0.624519
1.792009
4.282730
6.840813
9.459246
12.130854
14.848312
17.604176
20.390888
23.200811
26.026243
26.640198
31.270727
35.888565
40.481052
45.035606
49.539734
53.981098
58.347523
62.627041
66.807922
70.878708
74.828232
78.645676
82.320587
85.842880
89.202896
92.391434
95.399750
98.219604
100.843269
103.263542
105.473793
107.467972
109.240601
110.786835
112.102425
113.183769
114.027908
114.632523
114.995956
115.117210
114.995956
114.632530
114.027924
113.183784
112.102448
110.786858
109.240631
107.468002
105.473839
103.263588
100.843323
98.219666
95.399818
92.391518
89.202980
85.842972
82.320694
78.645798
74.828354
70.878838
66.808060
62.627190
58.347679
53.981262
49.539906
45.035782
40.481239
35.888756
31.270924
26.640402
22.009876
17.392044
12.799561
8.245012
3.740883
-0.700480
-5.066904
-9.346420
-13.527302
-17.598087
-21.547615
-25.365070
-29.039978
-32.562275
-35.922302
-39.110847
-42.119171
-44.939049
-47.562729
-49.983017
-52.193291
-54.187485
-55.960136
-57.506386
-58.821991
-59.903351
-60.747498
-61.352112
-61.715553
-61.836815
-61.715561
-61.352135
-60.747520
-59.903381
-58.822029
-57.506439
-55.960205
-54.187553
-52.193375
-49.983101
-47.562820
-44.939148
-42.119278
-39.110939
-35.922386
-32.562355
-29.040043
-25.365120
-21.547653
-17.598106
-13.527302
-9.346401
-5.066864
-0.700418
3.740965
8.245115
12.799686
17.392193
22.010048
34.926155
40.892998
46.843491
52.761314
58.630257
64.434219
70.157310
75.783829
81.298370
86.685806
91.931366
97.020676
101.939796
106.675232
111.214012
115.543694
119.652412
123.528893
127.162521
130.543335
133.662079
136.510178
139.079849
141.364044
143.356506
145.051758
146.445160
147.532898
148.312012
148.780319
148.936569
148.780334
148.312012
147.532928
146.445190
145.051788
143.356537
141.364075
139.079895
136.510223
133.662140
130.543396
127.162598
123.528976
119.652512
115.543808
111.214134
106.675369
101.939941
97.020836
91.931534
86.685974
81.298553
75.784035
70.157516
64.434441
58.630486
52.761551
46.843735
40.893253
34.926418
28.959579
23.009094
17.091276
11.222340
5.418375
-0.304714
-5.931236
-11.445770
-16.833202
-22.078766
-27.168083
-32.087204
-36.822647
-41.361443
-45.691132
-49.799850
-53.676346
-57.309998
-60.690842
-63.809601
-66.657730
-69.227432
-71.511642
-73.504120
-75.199394
-76.592819
-77.680580
-78.459679
-78.928001
-79.084259
-78.928017
-78.459709
-77.680611
-76.592857
-75.199448
-73.504189
-71.511726
-69.227516
-66.657837
-63.809708
-60.690964
-57.310127
-53.676476
-49.799973
-45.691238
-41.361542
-36.822731
-32.087273
-27.168129
-22.078789
-16.833199
-11.445744
-5.931183
-0.304634
5.418480
11.222473
17.091438
23.009287
28.959799
30.246988
37.024303
43.783043
50.504681
57.170792
63.763107
70.263557
76.654327
82.917892
89.037102
94.995155
100.775749
106.363022
111.741669
116.896950
121.814720
126.481529
130.884552
135.011734
138.851761
142.394119
145.629074
148.547775
151.142227
153.405319
155.330841
156.913513
158.149002
159.033936
159.565857
159.743332
159.565872
159.033951
158.149033
156.913544
155.330872
153.405365
151.142273
148.547836
145.629135
142.394180
138.851837
135.011826
130.884644
126.481644
121.814857
116.897087
111.741829
106.363190
100.775925
94.995346
89.037300
82.918114
76.654556
70.263794
63.763359
57.171051
50.504951
43.783321
37.024593
30.247286
23.469978
16.711246
9.989614
3.323507
-3.268805
-9.769255
-16.160021
-22.423590
-28.542795
-34.500862
-40.281448
-45.868736
-51.247391
-56.402679
-61.320465
-65.987267
-70.390305
-74.517517
-78.357574
-81.899956
-85.134941
-88.053680
-90.648155
-92.911270
-94.836807
-96.419502
-97.655006
-98.539940
-99.071877
-99.249352
-99.071892
-98.539970
-97.655045
-96.419548
-94.836868
-92.911346
-90.648247
-88.053780
-85.135056
-81.900078
-78.357712
-74.517662
-70.390457
-65.987404
-61.320587
-56.402794
-51.247482
-45.868813
-40.281509
-34.500885
-28.542788
-22.423559
-16.159964
-9.769167
-3.268686
3.323660
9.989799
16.711464
23.470228
26.285625
34.119606
41.932114
49.701736
57.407181
65.027313
72.541267
79.928436
87.168571
94.241837
101.128830
107.810684
114.269089
120.486328
126.445374
132.129898
137.524307
142.613815
147.384476
151.823212
155.917862
159.657196
163.030960
166.029922
168.645859
170.871582
172.701004
174.129135
175.152023
175.766891
175.972031
175.766891
175.152039
174.129166
172.701050
170.871628
168.645889
166.029968
163.031021
159.657257
155.917938
151.823303
147.384583
142.613922
137.524445
132.130051
126.445541
120.486511
114.269287
107.810898
101.129044
94.242065
87.168823
79.928696
72.541550
65.027603
57.407478
49.702049
41.932442
34.119942
26.285969
18.451996
10.639495
2.869879
-4.835556
-12.455692
-19.969639
-27.356804
-34.596939
-41.670200
-48.557201
-55.239056
-61.697468
-67.914719
-73.873779
-79.558319
-84.952728
-90.042252
-94.812943
-99.251724
-103.346390
-107.085754
-110.459549
-113.458542
-116.074509
-118.300262
-120.129715
-121.557846
-122.580750
-123.195618
-123.400772
-123.195633
-122.580780
-121.557892
-120.129776
-118.300323
-116.074600
-113.458649
-110.459671
-107.085892
-103.346527
-99.251877
-94.813110
-90.042419
-84.952881
-79.558456
-73.873917
-67.914825
-61.697559
-55.239124
-48.557232
-41.670200
-34.596905
-27.356739
-19.969536
-12.455551
-4.835381
2.870094
10.639747
18.452286
28.474247
36.636909
44.777199
52.872803
60.901535
68.841385
76.670586
84.367691
91.911591
99.281616
106.457565
113.419769
120.149124
126.627228
132.836288
138.759308
144.380051
149.683090
154.653900
159.278870
163.545319
167.441528
170.956848
174.081635
176.807312
179.126434
181.032608
182.520660
183.586472
184.227127
184.440872
184.227127
183.586487
182.520691
181.032654
179.126480
176.807358
174.081680
170.956909
167.441605
163.545395
159.278961
154.654007
149.683212
144.380188
138.759460
132.836456
126.627411
120.149338
113.419983
106.457794
99.281860
91.911850
84.367966
76.670876
68.841682
60.901848
52.873131
44.777538
36.637260
28.474606
20.311951
12.171669
4.076073
-3.952652
-11.892498
-19.721699
-27.418800
-34.962700
-42.332729
-49.508678
-56.470882
-63.200253
-69.678360
-75.887436
-81.810471
-87.431213
-92.734268
-97.705124
-102.330139
-106.596603
-110.492859
-114.008209
-117.133026
-119.858734
-122.177872
-124.084091
-125.572144
-126.637955
-127.278625
-127.492386
-127.278641
-126.638000
-125.572189
-124.084152
-122.177948
-119.858826
-117.133133
-114.008331
-110.492996
-106.596756
-102.330292
-97.705292
-92.734451
-87.431381
-81.810623
-75.887573
-69.678467
-63.200352
-56.470943
-49.508709
-42.332722
-34.962666
-27.418728
-19.721592
-11.892353
-3.952469
4.076296
12.171932
20.312252
28.797499
36.886982
44.954292
52.977322
60.934074
68.802734
76.561752
84.189850
91.666122
98.970078
106.081688
112.981476
119.650513
126.070526
132.223923
138.093842
143.664185
148.919693
153.845947
158.429459
162.657654
166.518936
170.002731
173.099503
175.800751
178.099075
179.988174
181.462875
182.519135
183.154037
183.365875
183.154053
182.519150
181.462906
179.988205
178.099121
175.800797
173.099564
170.002792
166.519012
162.657730
158.429550
153.846054
148.919815
143.664337
138.093994
132.224091
126.070717
119.650711
112.981682
106.081917
98.970314
91.666382
84.190125
76.562042
68.803040
60.934380
52.977646
44.954628
36.887329
28.797853
20.708378
12.641075
4.618055
-3.338690
-11.207354
-18.966364
-26.594461
-34.070732
-41.374687
-48.486298
-55.386086
-62.055130
-68.475159
-74.628571
-80.498505
-86.068855
-91.324371
-96.250656
-100.834198
-105.062424
-108.923752
-112.407578
-115.504379
-118.205658
-120.504013
-122.393127
-123.867844
-124.924103
-125.559036
-125.770874
-125.559052
-124.924149
-123.867889
-122.393188
-120.504089
-118.205750
-115.504501
-112.407700
-108.923889
-105.062576
-100.834366
-96.250832
-91.324554
-86.069016
-80.498650
-74.628708
-68.475273
-62.055222
-55.386147
-48.486336
-41.374680
-34.070694
-26.594393
-18.966261
-11.207209
-3.338507
4.618277
12.641335
20.708675
20.525728
27.519764
34.494629
41.431206
48.310478
55.113602
61.821915
68.417046
74.880905
81.195778
87.344360
93.309799
99.075737
104.626381
109.946518
115.021545
119.837578
124.381393
128.640549
132.603378
136.259003
139.597412
142.609451
145.286865
147.622314
149.609406
151.242691
152.517700
153.430908
153.979843
154.162994
153.979858
153.430923
152.517715
151.242722
149.609451
147.622360
145.286911
142.609497
139.597473
136.259079
132.603455
128.640640
124.381493
119.837692
115.021675
109.946655
104.626541
99.075912
93.309982
87.344559
81.195992
74.881126
68.417274
61.822166
55.113853
48.310749
41.431480
34.494915
27.520061
20.526035
13.532008
6.557151
-0.379419
-7.258690
-14.061808
-20.770121
-27.365248
-33.829109
-40.143990
-46.292572
-52.258011
-58.023964
-63.574615
-68.894753
-73.969795
-78.785828
-83.329659
-87.588852
-91.551704
-95.207359
-98.545792
-101.557861
-104.235306
-106.570786
-108.557892
-110.191208
-111.466217
-112.379440
-112.928391
-113.111542
-112.928406
-112.379471
-111.466263
-110.191254
-108.557953
-106.570862
-104.235397
-101.557968
-98.545914
-95.207481
-91.551842
-87.588997
-83.329819
-78.785973
-73.969925
-68.894875
-63.574707
-58.024040
-52.258072
-46.292603
-40.143982
-33.829079
-27.365187
-20.770029
-14.061686
-7.258533
-0.379229
6.557376
13.532267
21.986870
29.042210
36.078213
43.075592
50.015167
56.877918
63.645035
70.297974
76.818489
83.188721
89.391197
95.408928
101.225410
106.824707
112.191467
117.310982
122.169228
126.752876
131.049362
135.046936
138.734589
142.102264
145.140701
147.841583
150.197510
152.202026
153.849609
155.135803
156.057037
156.610779
156.795532
156.610779
156.057037
155.135834
153.849640
152.202057
150.197540
147.841644
145.140747
142.102325
138.734665
135.046997
131.049469
126.752975
122.169350
117.311119
112.191612
106.824867
101.225586
95.409111
89.391396
83.188934
76.818710
70.298203
63.645287
56.878178
50.015438
43.075874
36.078503
29.042511
21.987179
14.931847
7.895851
0.898479
-6.041092
-12.903839
-19.670956
-26.323891
-32.844410
-39.214642
-45.417122
-51.434853
-57.251335
-62.850639
-68.217415
-73.336945
-78.195190
-82.778854
-87.075378
-91.072968
-94.760666
-98.128365
-101.166832
-103.867744
-106.223701
-108.228218
-109.875847
-111.162041
-112.083275
-112.637016
-112.821785
-112.637032
-112.083305
-111.162071
-109.875893
-108.228294
-106.223778
-103.867844
-101.166939
-98.128479
-94.760788
-91.073105
-87.075531
-82.779015
-78.195335
-73.337074
-68.217537
-62.850739
-57.251419
-51.434906
-45.417145
-39.214634
-32.844376
-26.323830
-19.670864
-12.903717
-6.040932
0.898672
7.896078
14.932107
28.375408
35.964458
43.532711
51.059418
58.523949
65.905838
73.184868
80.341072
87.354843
94.206970
100.878632
107.351593
113.608063
119.630920
125.403671
130.910446
136.136215
141.066589
145.688095
149.988052
153.954681
157.577103
160.845398
163.750595
166.284744
168.440887
170.213120
171.596588
172.587494
173.183136
173.381866
173.183151
172.587524
171.596619
170.213150
168.440918
166.284790
163.750641
160.845459
157.577179
153.954773
149.988144
145.688202
141.066711
136.136337
130.910599
125.403824
119.631104
113.608246
107.351791
100.878845
94.207184
87.355087
80.341324
73.185135
65.906120
58.524239
51.059719
43.533024
35.964783
28.375742
20.786697
13.218454
5.691755
-1.772770
-9.154659
-16.433685
-23.589890
-30.603664
-37.455776
-44.127453
-50.600407
-56.856892
-62.879765
-68.652512
-74.159317
-79.385071
-84.315475
-88.937012
-93.237015
-97.203659
-100.826111
-104.094437
-106.999664
-109.533829
-111.690002
-113.462250
-114.845734
-115.836655
-116.432297
-116.631042
-116.432327
-115.836700
-114.845779
-113.462311
-111.690063
-109.533920
-106.999756
-104.094543
-100.826248
-97.203796
-93.237152
-88.937180
-84.315643
-79.385223
-74.159454
-68.652649
-62.879864
-56.856976
-50.600468
-44.127483
-37.455776
-30.603630
-23.589825
-16.433586
-9.154526
-1.772598
5.691963
13.218699
20.786978
37.574512
45.412121
53.228249
61.001469
68.710480
76.334137
83.851578
91.242157
98.485641
105.562180
112.452362
119.137314
125.598709
131.818832
137.780640
143.467789
148.864700
153.956558
158.729431
163.170227
167.266754
171.007828
174.383148
177.383499
180.000641
182.227402
184.057678
185.486465
186.509827
187.124969
187.330215
187.124985
186.509857
185.486496
184.057709
182.227448
180.000687
177.383560
174.383209
171.007889
167.266846
163.170319
158.729538
153.956680
148.864838
143.467941
137.780807
131.819016
125.598907
119.137527
112.452591
105.562408
98.485901
91.242416
83.851852
76.334427
68.710777
61.001778
53.228569
45.412457
37.574856
29.737257
21.921139
14.147924
6.438921
-1.184742
-8.702168
-16.092754
-23.336243
-30.412777
-37.302967
-43.987919
-50.449314
-56.669453
-62.631268
-68.318436
-73.715347
-78.807220
-83.580124
-88.020950
-92.117523
-95.858627
-99.233994
-102.234375
-104.851532
-107.078323
-108.908630
-110.337418
-111.360794
-111.975952
-112.181198
-111.975967
-111.360840
-110.337463
-108.908676
-107.078400
-104.851624
-102.234482
-99.234100
-95.858765
-92.117676
-88.021103
-83.580292
-78.807404
-73.715500
-68.318573
-62.631405
-56.669559
-50.449406
-43.987980
-37.302998
-30.412777
-23.336205
-16.092686
-8.702065
-1.184605
6.439098
14.148140
21.921391
29.737545
41.064945
49.658302
58.228104
66.750870
75.203217
83.562004
91.804306
99.907539
107.849487
115.608383
123.162964
130.492508
137.576950
144.396851
150.933533
157.169067
163.086380
168.669235
173.902328
178.771332
183.262878
187.364670
191.065475
194.355133
197.224640
199.666122
201.672882
203.239441
204.361481
205.035950
205.260971
205.035950
204.361496
203.239471
201.672913
199.666168
197.224686
194.355194
191.065536
187.364761
183.262970
178.771423
173.902435
168.669357
163.086533
157.169235
150.933716
144.397049
137.577164
130.492737
123.163208
115.608643
107.849762
99.907829
91.804611
83.562325
75.203552
66.751205
58.228462
49.658669
41.065323
32.471977
23.902180
15.379429
6.927078
-1.431702
-9.674004
-17.777233
-25.719181
-33.478077
-41.032658
-48.362217
-55.446659
-62.266575
-68.803268
-75.038818
-80.956131
-86.539001
-91.772141
-96.641174
-101.132767
-105.234604
-108.935440
-112.225128
-115.094666
-117.536163
-119.542953
-121.109528
-122.231583
-122.906052
-123.131088
-122.906067
-122.231613
-121.109573
-119.543015
-117.536240
-115.094757
-112.225250
-108.935562
-105.234741
-101.132919
-96.641342
-91.772324
-86.539200
-80.956299
-75.038971
-68.803406
-62.266689
-55.446758
-48.362286
-41.032696
-33.478077
-25.719143
-17.777161
-9.673893
-1.431553
6.927273
15.379663
23.902456
32.472290
55.382149
65.538887
75.667786
85.741089
95.731171
105.610657
115.352478
124.929924
134.316742
143.487213
152.416183
161.079193
169.452499
177.513138
185.239044
192.609009
199.602844
206.201355
212.386505
218.141327
223.450043
228.298065
232.672150
236.560303
239.951843
242.837494
245.209351
247.060913
248.387085
249.184265
249.450226
249.184265
248.387115
247.060944
245.209381
242.837555
239.951904
236.560364
232.672241
228.298157
223.450134
218.141449
212.386658
206.201508
199.603027
192.609192
185.239258
177.513367
169.452759
161.079468
152.416473
143.487518
134.317078
124.930267
115.352844
105.611038
95.731560
85.741493
75.668205
65.539322
55.382595
45.225868
35.096977
25.023689
15.033611
5.154121
-4.587692
-14.165138
-23.551956
-32.722420
-41.651398
-50.314415
-58.687721
-66.748383
-74.474281
-81.844276
-88.838112
-95.436668
-101.621864
-107.376732
-112.685463
-117.533531
-121.907661
-125.795845
-129.187439
-132.073120
-134.445007
-136.296570
-137.622772
-138.419952
-138.685913
-138.419952
-137.622803
-136.296631
-134.445068
-132.073212
-129.187561
-125.795982
-121.907814
-117.533714
-112.685646
-107.376915
-101.622078
-95.436897
-88.838326
-81.844460
-74.474464
-66.748520
-58.687843
-50.314499
-41.651443
-32.722420
-23.551910
-14.165047
-4.587559
5.154301
15.033836
25.023966
35.097305
45.226242
54.287304
63.312061
72.312088
81.262703
90.139381
98.917793
107.573875
116.083900
124.424545
132.572952
140.506790
148.204300
155.644379
162.806656
169.671494
176.220062
182.434433
188.297562
193.793365
198.906799
203.623840
207.931549
211.818130
215.272949
218.286499
220.850540
222.958054
224.603256
225.781631
226.489944
226.726273
226.489960
225.781647
224.603287
222.958099
220.850601
218.286560
215.273010
211.818207
207.931641
203.623932
198.906906
193.793488
188.297684
182.434601
176.220245
169.671677
162.806870
155.644608
148.204529
140.507050
132.573227
124.424835
116.084206
107.574196
98.918121
90.139725
81.263062
72.312454
63.312447
54.287701
45.262951
36.262939
27.312328
18.435654
9.657249
1.001167
-7.508858
-15.849506
-23.997913
-31.931744
-39.629261
-47.069355
-54.231640
-61.096485
-67.645081
-73.859451
-79.722580
-85.218430
-90.331909
-95.048981
-99.356735
-103.243362
-106.698196
-109.711792
-112.275864
-114.383392
-116.028610
-117.206985
-117.915314
-118.151657
-117.915344
-117.207031
-116.028656
-114.383453
-112.275940
-109.711884
-106.698318
-103.243484
-99.356888
-95.049149
-90.332077
-85.218628
-79.722794
-73.859634
-67.645233
-61.096638
-54.231762
-47.069454
-39.629330
-31.931782
-23.997906
-15.849461
-7.508781
1.001286
9.657406
18.435856
27.312576
36.263229
45.263283
47.244480
55.556049
63.844837
72.088127
80.263321
88.348007
96.320038
104.157547
111.839066
119.343552
126.650391
133.739609
140.591736
147.188004
153.510345
159.541397
165.264679
170.664459
175.725952
180.435287
184.779556
188.746857
192.326294
195.508087
198.283493
200.644913
202.585876
204.101059
205.186310
205.838654
206.056305
205.838669
205.186325
204.101089
202.585907
200.644958
198.283539
195.508148
192.326370
188.746933
184.779648
180.435379
175.726059
170.664581
165.264816
159.541565
153.510513
147.188187
140.591934
133.739822
126.650635
119.343796
111.839340
104.157829
96.320328
88.348312
80.263641
72.088455
63.845181
55.556404
47.244846
38.933285
30.644505
22.401226
14.226040
6.141354
-1.830673
-9.668186
-17.349705
-24.854183
-32.161037
-39.250248
-46.102383
-52.698666
-59.021008
-65.052094
-70.775360
-76.175156
-81.236694
-85.946075
-90.290375
-94.257706
-97.837189
-101.019012
-103.794449
-106.155899
-108.096878
-109.612076
-110.697342
-111.349686
-111.567352
-111.349716
-110.697372
-109.612122
-108.096939
-106.155975
-103.794540
-101.019119
-97.837311
-94.257858
-90.290527
-85.946243
-81.236877
-76.175354
-70.775543
-65.052246
-59.021152
-52.698772
-46.102474
-39.250309
-32.161068
-24.854176
-17.349667
-9.668118
-1.830563
6.141499
14.226227
22.401453
30.644772
38.933590
36.397038
43.717617
51.018131
58.278572
65.479034
72.599777
79.621307
86.524353
93.290001
99.899719
106.335373
112.579330
118.614471
124.424271
129.992798
135.304779
140.345657
145.101624
149.559631
153.707489
157.533783
161.028061
164.180725
166.983139
169.427643
171.507507
173.217041
174.551575
175.507431
176.082001
176.273697
176.082001
175.507446
174.551605
173.217072
171.507553
169.427689
166.983200
164.180786
161.028122
157.533859
153.707565
149.559738
145.101730
140.345795
135.304916
129.992950
124.424438
118.614655
112.579529
106.335571
99.899933
93.290237
86.524597
79.621567
72.600052
65.479309
58.278862
51.018433
43.717930
36.397358
29.076788
21.776279
14.515848
7.315392
0.194645
-6.826874
-13.729919
-20.495571
-27.105286
-33.540943
-39.784908
-45.820057
-51.629864
-57.198399
-62.510387
-67.551285
-72.307251
-76.765305
-80.913177
-84.739517
-88.233810
-91.386520
-94.188965
-96.633484
-98.713379
-100.422943
-101.757492
-102.713348
-103.287918
-103.479630
-103.287933
-102.713379
-101.757523
-100.422989
-98.713440
-96.633575
-94.189072
-91.386627
-88.233948
-84.739639
-80.913330
-76.765457
-72.307419
-67.551422
-62.510525
-57.198521
-51.629963
-45.820141
-39.784962
-33.540974
-27.105282
-20.495541
-13.729858
-6.826778
0.194771
7.315556
14.516048
21.776516
29.077057
37.413128
44.245262
51.058666
57.834671
64.554703
71.200340
77.753372
84.195831
90.510056
96.678757
102.685013
108.512360
114.144821
119.566971
124.763962
129.721512
134.426056
138.864685
143.025253
146.896347
150.467346
153.728470
156.670792
159.286224
161.567612
163.508713
165.104187
166.349686
167.241760
167.777985
167.956894
167.778000
167.241776
166.349701
165.104218
163.508743
161.567657
159.286270
156.670837
153.728531
150.467422
146.896423
143.025345
138.864792
134.426178
129.721634
124.764099
119.567139
114.144989
108.512543
102.685196
96.678955
90.510277
84.196060
77.753616
71.200592
64.554962
57.834946
51.058949
44.245552
37.413429
30.581303
23.767902
16.991903
10.271877
3.626244
-2.926785
-9.369244
-15.683472
-21.852173
-27.858425
-33.685780
-39.318249
-44.740414
-49.937397
-54.894962
-59.599514
-64.038162
-68.198761
-72.069885
-75.640900
-78.902054
-81.844406
-84.459869
-86.741287
-88.682404
-90.277893
-91.523392
-92.415482
-92.951721
-93.130630
-92.951736
-92.415512
-91.523438
-90.277939
-88.682465
-86.741364
-84.459961
-81.844513
-78.902176
-75.641037
-72.070007
-68.198898
-64.038315
-59.599651
-54.895084
-49.937511
-44.740505
-39.318325
-33.685833
-27.858456
-21.852169
-15.683441
-9.369183
-2.926693
3.626362
10.272032
16.992090
23.768122
30.581554
43.639084
49.570152
55.484966
61.367310
67.201065
72.970230
78.659012
84.251801
89.733269
95.088402
100.302513
105.361313
110.250938
114.957985
119.469559
123.773270
127.857361
131.710602
135.322449
138.682983
141.783020
144.614044
147.168320
149.438812
151.419327
153.104416
154.489471
155.570694
156.345123
156.810638
156.965942
156.810638
156.345139
155.570709
154.489502
153.104446
151.419357
149.438858
147.168365
144.614105
141.783081
138.683060
135.322510
131.710693
127.857460
123.773384
119.469673
114.958122
110.251091
105.361473
100.302681
95.088577
89.733459
84.251999
78.659218
72.970451
67.201294
61.367546
55.485214
49.570408
43.639343
37.708282
31.793472
25.911135
20.077387
14.308218
8.619446
3.026657
-2.454815
-7.809948
-13.024063
-18.082867
-22.972496
-27.679550
-32.191124
-36.494858
-40.578941
-44.432190
-48.044060
-51.404640
-54.504700
-57.335754
-59.890045
-62.160561
-64.141090
-65.826202
-67.211273
-68.292511
-69.066940
-69.532455
-69.687775
-69.532471
-69.066971
-68.292542
-67.211311
-65.826256
-64.141159
-62.160645
-59.890129
-57.335854
-54.504807
-51.404755
-48.044189
-44.432327
-40.579063
-36.494965
-32.191223
-27.679626
-22.972565
-18.082912
-13.024086
-7.809944
-2.454788
3.026707
8.619522
14.308323
20.077520
25.911297
31.793663
37.708500
39.182732
45.999180
52.796944
59.557396
66.261993
72.892380
79.430359
85.858032
92.157761
98.312302
104.304764
110.118736
115.738274
121.147980
126.333023
131.279190
135.972931
140.401382
144.552399
148.414612
151.977417
155.231049
158.166595
160.776031
163.052185
164.988831
166.580627
167.823273
168.713287
169.248291
169.426788
169.248291
168.713318
167.823303
166.580673
164.988861
163.052231
160.776093
158.166656
155.231110
151.977478
148.414673
144.552490
140.401489
135.973053
131.279327
126.333160
121.148132
115.738441
110.118912
104.304955
98.312500
92.157982
85.858261
79.430603
72.892624
66.262260
59.557663
52.797226
45.999470
39.183029
32.366592
25.568832
18.808390
12.103790
5.473415
-1.064568
-7.492237
-13.791973
-19.946510
-25.938972
-31.752945
-37.372490
-42.782204
-47.967255
-52.913437
-57.607193
-62.035645
-66.186691
-70.048927
-73.611755
-76.865425
-79.801010
-82.410477
-84.686653
-86.623306
-88.215141
-89.457787
-90.347816
-90.882820
-91.061333
-90.882835
-90.347847
-89.457817
-88.215187
-86.623375
-84.686729
-82.410568
-79.801117
-76.865540
-73.611877
-70.049057
-66.186836
-62.035805
-57.607330
-52.913567
-47.967377
-42.782295
-37.372566
-31.752998
-25.939003
-19.946507
-13.791943
-7.492180
-1.064480
5.473534
12.103945
18.808577
25.569052
32.366840
40.432056
46.767536
53.085648
59.369080
65.600601
71.763145
77.839813
83.813942
89.669167
95.389435
100.959076
106.362808
111.585831
116.613831
121.433014
126.030182
130.392746
134.508713
138.366821
141.956512
145.267929
148.291992
151.020416
153.445724
155.561279
157.361267
158.840759
159.995712
160.822937
161.320190
161.486084
161.320190
160.822952
159.995728
158.840790
157.361298
155.561310
153.445770
151.020462
148.292053
145.267990
141.956589
138.366913
134.508804
130.392853
126.030304
121.433151
116.613968
111.585983
106.362976
100.959251
95.389626
89.669373
83.814156
77.840034
71.763382
65.600845
59.369331
53.085911
46.767807
40.432335
34.096863
27.778755
21.495331
15.263807
9.101271
3.024609
-2.949520
-8.804749
-14.525021
-20.094658
-25.498394
-30.721424
-35.749424
-40.568623
-45.165798
-49.528362
-53.644344
-57.502491
-61.092205
-64.403641
-67.427734
-70.156189
-72.581528
-74.697098
-76.497101
-77.976608
-79.131577
-79.958817
-80.456070
-80.621979
-80.456085
-79.958832
-79.131607
-77.976654
-76.497162
-74.697159
-72.581604
-70.156281
-67.427841
-64.403763
-61.092327
-57.502628
-53.644489
-49.528492
-45.165920
-40.568729
-35.749508
-30.721493
-25.498447
-20.094681
-14.525017
-8.804718
-2.949467
3.024693
9.101383
15.263950
21.495502
27.778957
34.097095
37.931545
44.482616
51.015728
57.512978
63.956558
70.328804
76.612251
82.789673
88.844147
94.759079
100.518242
106.105865
111.506622
116.705719
121.688889
126.442505
130.953506
135.209549
139.198944
142.910797
146.334885
149.461853
152.283127
154.790970
156.978516
158.839752
160.369583
161.563843
162.419220
162.933395
163.104935
162.933395
162.419235
161.563858
160.369614
158.839783
156.978546
154.791016
152.283173
149.461914
146.334961
142.910873
139.199036
135.209641
130.953629
126.442627
121.689026
116.705856
111.506790
106.106033
100.518433
94.759277
88.844360
82.789902
76.612488
70.329041
63.956810
57.513241
51.015999
44.482895
37.931831
31.380770
24.847664
18.350418
11.906843
5.534599
-0.748844
-6.926270
-12.980743
-18.895672
-24.654839
-30.242458
-35.643223
-40.842327
-45.825512
-50.579136
-55.090145
-59.346195
-63.335629
-67.047501
-70.471619
-73.598618
-76.419922
-78.927780
-81.115341
-82.976608
-84.506470
-85.700729
-86.556122
-87.070297
-87.241852
-87.070313
-86.556152
-85.700760
-84.506516
-82.976669
-81.115417
-78.927872
-76.420013
-73.598724
-70.471741
-67.047623
-63.335766
-59.346340
-55.090275
-50.579250
-45.825626
-40.842411
-35.643299
-30.242512
-24.654865
-18.895668
-12.980713
-6.926212
-0.748760
5.534718
11.906992
18.350597
24.847874
31.381012
35.064053
41.532360
47.982937
54.398106
60.760281
67.052025
73.256088
79.355469
85.333458
91.173660
96.860062
102.377090
107.709625
112.843033
117.763260
122.456818
126.910828
131.113098
135.052109
138.717056
142.097885
145.185349
147.970978
150.447144
152.607056
154.444778
155.955292
157.134445
157.979019
158.486694
158.656082
158.486710
157.979034
157.134476
155.955307
154.444809
152.607086
150.447189
147.971039
145.185410
142.097961
138.717133
135.052185
131.113190
126.910950
122.456940
117.763397
112.843185
107.709778
102.377258
96.860245
91.173851
85.333664
79.355690
73.256317
67.052261
60.760529
54.398365
47.983204
41.532635
35.064335
28.596037
22.145466
15.730303
9.368132
3.076391
-3.127670
-9.227055
-15.205040
-21.045242
-26.731651
-32.248684
-37.581211
-42.714634
-47.634869
-52.328434
-56.782452
-60.984737
-64.923767
-68.588745
-71.969604
-75.057098
-77.842758
-80.318939
-82.478867
-84.316620
-85.827148
-87.006317
-87.850906
-88.358582
-88.527969
-88.358597
-87.850937
-87.006363
-85.827194
-84.316681
-82.478943
-80.319031
-77.842850
-75.057205
-71.969727
-68.588867
-64.923904
-60.984882
-56.782589
-52.328548
-47.634983
-42.714725
-37.581287
-32.248730
-26.731678
-21.045238
-15.205009
-9.227001
-3.127586
3.076506
9.368277
15.730480
22.145672
28.596275
40.735626
46.400818
52.050476
57.669128
63.241364
68.751907
74.185669
79.527740
84.763489
89.878555
94.858932
99.690956
104.361382
108.857422
113.166748
117.277534
121.178535
124.859039
128.308960
131.518875
134.479950
137.184052
139.623810
141.792542
143.684265
145.293808
146.616776
147.649536
148.389252
148.833878
148.982239
148.833893
148.389252
147.649551
146.616791
145.293839
143.684296
141.792572
139.623871
137.184113
134.479996
131.518936
128.309052
124.859123
121.178635
117.277641
113.166862
108.857552
104.361526
99.691101
94.859085
89.878723
84.763672
79.527931
74.185867
68.752121
63.241577
57.669353
52.050713
46.401058
40.735874
35.070690
29.421036
23.802391
18.230160
12.719614
7.285858
1.943787
-3.291962
-8.407032
-13.387405
-18.219433
-22.889866
-27.385910
-31.695244
-35.806046
-39.707047
-43.387566
-46.837517
-50.047447
-53.008530
-55.712677
-58.152458
-60.321198
-62.212944
-63.822510
-65.145493
-66.178261
-66.917976
-67.362625
-67.510979
-67.362633
-66.917999
-66.178291
-65.145531
-63.822563
-62.213005
-60.321274
-58.152542
-55.712776
-53.008636
-50.047554
-46.837639
-43.387688
-39.707161
-35.806145
-31.695335
-27.385986
-22.889931
-18.219475
-13.387428
-8.407028
-3.291935
1.943836
7.285934
12.719715
18.230288
23.802546
29.421217
35.070900
47.197166
52.185333
57.159832
62.107021
67.013344
71.865349
76.649742
81.353409
85.963455
90.467247
94.852432
99.107010
103.219299
107.178032
110.972366
114.591896
118.026703
121.267372
124.305016
127.131317
129.738525
132.119476
134.267670
136.177216
137.842865
139.260071
140.424927
141.334274
141.985580
142.377075
142.507706
142.377090
141.985596
141.334290
140.424957
139.260101
137.842896
136.177246
134.267715
132.119522
129.738571
127.131371
124.305084
121.267441
118.026787
114.591988
110.972473
107.178146
103.219421
99.107140
94.852577
90.467392
85.963615
81.353577
76.649918
71.865532
67.013535
62.107220
57.160038
52.185547
47.197384
42.209221
37.234730
32.287544
27.381227
22.529222
17.744831
13.041164
8.431118
3.927326
-0.457863
-4.712437
-8.824730
-12.783470
-16.577812
-20.197350
-23.632164
-26.872841
-29.910507
-32.736832
-35.344048
-37.725029
-39.873253
-41.782814
-43.448486
-44.865700
-46.030579
-46.939919
-47.591240
-47.982742
-48.113373
-47.982758
-47.591263
-46.939949
-46.030609
-44.865746
-43.448540
-41.782883
-39.873322
-37.725121
-35.344139
-32.736923
-29.910614
-26.872948
-23.632263
-20.197441
-16.577896
-12.783539
-8.824787
-4.712475
-0.457886
3.927330
8.431141
13.041206
17.744896
22.529310
27.381340
32.287682
37.234890
42.209408
72.877563
78.062531
83.233292
88.375671
93.475563
98.518997
103.492157
108.381401
113.173332
117.854813
122.413017
126.835449
131.109985
135.224899
139.168945
142.931274
146.501602
149.870117
153.027618
155.965424
158.675491
161.150391
163.383331
165.368225
167.099594
168.572708
169.783524
170.728729
171.405746
171.812698
171.948471
171.812698
171.405762
170.728760
169.783539
168.572723
167.099625
165.368256
163.383377
161.150436
158.675537
155.965485
153.027679
149.870209
146.501678
142.931366
139.169037
135.225021
131.110107
126.835587
122.413162
117.854965
113.173492
108.381577
103.492340
98.519196
93.475761
88.375877
83.233505
78.062759
72.877792
67.692825
62.522072
57.379700
52.279808
47.236374
42.263222
37.373978
32.582047
27.900562
23.342358
18.919926
14.645390
10.530457
6.586418
2.824074
-0.746254
-4.114784
-7.272301
-10.210136
-12.920219
-15.395142
-17.628120
-19.613014
-21.344406
-22.817535
-24.028374
-24.973595
-25.650604
-26.057564
-26.193344
-26.057571
-25.650635
-24.973625
-24.028412
-22.817581
-21.344467
-19.613091
-17.628197
-15.395233
-12.920319
-10.210236
-7.272415
-4.114906
-0.746361
2.823975
6.586327
10.530388
14.645329
18.919884
23.342339
27.900566
32.582069
37.374020
42.263287
47.236465
52.279926
57.379845
62.522240
67.693016
14.655553
20.522026
26.372417
32.190697
37.960911
43.667244
49.294060
54.825935
60.247707
65.544518
70.701836
75.705544
80.541916
85.197693
89.660126
93.916969
97.956573
101.767845
105.340347
108.664299
111.730568
114.530762
117.057205
119.302979
121.261917
122.928650
124.298622
125.368073
126.134064
126.594498
126.748123
126.594505
126.134079
125.368095
124.298645
122.928688
121.261955
119.303017
117.057259
114.530815
111.730629
108.664368
105.340431
101.767929
97.956673
93.917084
89.660248
85.197830
80.542061
75.705696
70.702003
65.544693
60.247894
54.826134
49.294270
43.667461
37.961136
32.190929
26.372660
20.522274
14.655810
8.789345
2.938958
-2.879313
-8.649524
-14.355857
-19.982674
-25.514549
-30.936317
-36.233128
-41.390450
-46.394157
-51.230534
-55.886318
-60.348759
-64.605614
-68.645210
-72.456497
-76.029030
-79.353004
-82.419296
-85.219521
-87.745987
-89.991783
-91.950737
-93.617493
-94.987480
-96.056938
-96.822937
-97.283386
-97.437012
-97.283394
-96.822968
-96.056976
-94.987526
-93.617546
-91.950806
-89.991859
-87.746078
-85.219620
-82.419403
-79.353119
-76.029160
-72.456635
-68.645332
-64.605721
-60.348858
-55.886402
-51.230595
-46.394203
-41.390476
-36.233124
-30.936291
-25.514496
-19.982597
-14.355754
-8.649392
-2.879153
2.939147
8.789561
44.218216
46.467857
48.711330
50.942490
53.155220
55.343452
57.501194
59.622524
61.701633
63.732826
65.710526
67.629318
69.483940
71.269310
72.980537
74.612930
76.162010
77.623535
78.993500
80.268150
81.443985
82.517792
83.486618
84.347809
85.099014
85.738159
86.263512
86.673615
86.967354
87.143921
87.202835
87.143921
86.967361
86.673630
86.263519
85.738174
85.099030
84.347824
83.486633
82.517807
81.444008
80.268173
78.993530
77.623566
76.162048
74.612976
72.980583
71.269363
69.483994
67.629379
65.710587
63.732891
61.701706
59.622601
57.501274
55.343536
53.155308
50.942581
48.711426
46.467953
44.218315
41.968678
39.725204
37.494045
35.281319
33.093086
30.935349
28.814016
26.734907
24.703716
22.726015
20.807224
18.952599
17.167223
15.455994
13.823599
12.274515
10.812984
9.443012
8.168350
6.992508
5.918694
4.949860
4.088654
3.337444
2.698288
2.172932
1.762821
1.469082
1.292515
1.233601
1.292507
1.469070
1.762810
2.172916
2.698265
3.337418
4.088623
4.949825
5.918655
6.992466
8.168308
9.442963
10.812935
12.274467
13.823557
15.455956
17.167192
18.952572
20.807205
22.726007
24.703718
26.734917
28.814035
30.935377
33.093124
35.281368
37.494106
39.725277
41.968758
42.396183
44.823036
47.243233
49.650150
52.037182
54.397789
56.725498
59.013931
61.256821
63.448013
65.581505
67.651443
69.652161
71.578171
73.424194
75.185181
76.856285
78.432938
79.910820
81.285873
82.554337
83.712723
84.757874
85.686905
86.497284
87.186783
87.753510
88.195923
88.512802
88.703278
88.766823
88.703278
88.512802
88.195930
87.753525
87.186790
86.497299
85.686920
84.757889
83.712753
82.554367
81.285904
79.910851
78.432976
76.856323
75.185226
73.424248
71.578232
69.652222
67.651505
65.581573
63.448086
61.256897
59.014015
56.725586
54.397877
52.037277
49.650246
47.243336
44.823139
42.396290
39.969440
37.549244
35.142330
32.755299
30.394695
28.066984
25.778549
23.535662
21.344469
19.210979
17.141037
15.140318
13.214304
11.368277
9.607292
7.936184
6.359524
4.881634
3.506565
2.238094
1.079697
0.034542
-0.894501
-1.704887
-2.394394
-2.961132
-3.403545
-3.720425
-3.910904
-3.974457
-3.910908
-3.720436
-3.403561
-2.961147
-2.394417
-1.704914
-0.894535
0.034504
1.079655
2.238052
3.506519
4.881580
6.359467
7.936134
9.607246
11.368235
13.214272
15.140291
17.141018
19.210970
21.344471
23.535673
25.778570
28.067017
30.394737
32.755356
35.142395
37.549320
39.969528
