58.468845
63.599224
68.715538
73.803772
78.849968
83.840302
88.761093
93.598862
98.340332
102.972527
107.482735
111.858597
116.088127
120.159729
124.062241
127.784958
131.317688
134.650742
137.774979
140.681870
143.363403
145.812241
148.021667
149.985657
151.698807
153.156403
154.354477
155.289734
155.959610
156.362274
156.496628
156.362289
155.959625
155.289749
154.354492
153.156433
151.698822
149.985687
148.021713
145.812286
143.363449
140.681915
137.775055
134.650818
131.317780
127.785049
124.062332
120.159836
116.088257
111.858734
107.482880
102.972679
98.340500
93.599030
88.761276
83.840492
78.850166
73.803970
68.715752
63.599442
58.469070
53.338699
48.222389
43.134163
38.087967
33.097633
28.176844
23.339081
18.597603
13.965412
9.455200
5.079334
0.849804
-3.221802
-7.124317
-10.847042
-14.379780
-17.712841
-20.837116
-23.744015
-26.425564
-28.874432
-31.083889
-33.047894
-34.761051
-36.218670
-37.416759
-38.352024
-39.021908
-39.424580
-39.558933
-39.424595
-39.021938
-38.352055
-37.416790
-36.218716
-34.761112
-33.047962
-31.083965
-28.874516
-26.425655
-23.744114
-20.837223
-17.712963
-14.379887
-10.847141
-7.124401
-3.221870
0.849743
5.079292
9.455181
13.965416
18.597626
23.339123
28.176910
33.097725
38.088081
43.134300
48.222553
53.338886
50.427353
56.872528
63.300034
69.692261
76.031685
82.300926
88.482803
94.560379
100.516983
106.336296
112.002365
117.499664
122.813118
127.928177
132.830811
137.507568
141.945663
146.132904
150.057816
153.709656
157.078400
160.154831
162.930496
165.397797
167.549988
169.381134
170.886246
172.061188
172.902740
173.408600
173.577377
173.408600
172.902756
172.061218
170.886261
169.381165
167.550018
165.397842
162.930542
160.154877
157.078476
153.709732
150.057907
146.132996
141.945770
137.507690
132.830933
127.928322
122.813278
117.499832
112.002548
106.336487
100.517181
94.560593
88.483032
82.301163
76.031929
69.692520
63.300301
56.872803
50.427635
43.982468
37.554966
31.162746
24.823328
18.554090
12.372215
6.294643
0.338036
-5.481277
-11.147350
-16.644653
-21.958115
-27.073174
-31.975815
-36.652588
-41.090683
-45.277939
-49.202881
-52.854752
-56.223526
-59.299973
-62.075668
-64.542999
-66.695206
-68.526375
-70.031509
-71.206467
-72.048027
-72.553886
-72.722672
-72.553902
-72.048050
-71.206497
-70.031548
-68.526436
-66.695274
-64.543091
-62.075768
-59.300087
-56.223640
-52.854881
-49.203026
-45.278084
-41.090813
-36.652710
-31.975922
-27.073265
-21.958183
-16.644699
-11.147377
-5.481274
0.338066
6.294697
12.372299
18.554203
24.823473
31.162922
37.555172
43.982704
54.075191
60.733036
67.372635
73.975784
80.524384
87.000488
93.386353
99.664467
105.817619
111.828957
117.681992
123.360687
128.849457
134.133301
139.197708
144.028778
148.613327
152.938721
156.993149
160.765488
164.245407
167.423340
170.290588
172.839310
175.062500
176.954071
178.508850
179.722565
180.591888
181.114441
181.288788
181.114441
180.591904
179.722595
178.508881
176.954117
175.062546
172.839355
170.290634
167.423401
164.245468
160.765564
156.993240
152.938828
148.613434
144.028915
139.197845
134.133453
128.849625
123.360855
117.682175
111.829155
105.817833
99.664688
93.386589
87.000740
80.524643
73.976051
67.372910
60.733322
54.075485
47.417645
40.778053
34.174911
27.626314
21.150211
14.764351
8.486240
2.333084
-3.678249
-9.531288
-15.209980
-20.698772
-25.982609
-31.047024
-35.878117
-40.462658
-44.788074
-48.842533
-52.614902
-56.094837
-59.272800
-62.140079
-64.688828
-66.912048
-68.803635
-70.358429
-71.572159
-72.441498
-72.964050
-73.138397
-72.964066
-72.441528
-71.572205
-70.358475
-68.803696
-66.912125
-64.688919
-62.140179
-59.272915
-56.094959
-52.615032
-48.842678
-44.788227
-40.462795
-35.878239
-31.047138
-25.982700
-20.698849
-15.210033
-9.531311
-3.678246
2.333115
8.486298
14.764439
21.150326
27.626463
34.175095
40.778271
47.417892
50.657253
58.597633
66.516243
74.391388
82.201485
89.925110
97.541115
105.028610
112.367081
119.536407
126.516937
133.289536
139.835648
146.137344
152.177322
157.939041
163.406723
168.565338
173.400803
177.899826
182.050079
185.840195
189.259781
192.299484
194.950943
197.206894
199.061172
200.508698
201.545471
202.168686
202.376617
202.168701
201.545502
200.508728
199.061203
197.206940
194.950989
192.299530
189.259842
185.840271
182.050171
177.899918
173.400909
168.565460
163.406860
157.939194
152.177490
146.137527
139.835846
133.289749
126.517166
119.536636
112.367325
105.028877
97.541397
89.925407
82.201790
74.391708
66.516571
58.597969
50.657600
42.717232
34.798626
26.923487
19.113401
11.389774
3.773777
-3.713718
-11.052185
-18.221516
-25.202045
-31.974659
-38.520779
-44.822468
-50.862461
-56.624195
-62.091877
-67.250519
-72.086014
-76.585068
-80.735352
-84.525497
-87.945129
-90.984848
-93.636337
-95.892319
-97.746628
-99.194153
-100.230942
-100.854172
-101.062103
-100.854187
-100.230988
-99.194199
-97.746674
-95.892395
-93.636429
-90.984955
-87.945251
-84.525635
-80.735504
-76.585220
-72.086182
-67.250702
-62.092037
-56.624340
-50.862598
-44.822582
-38.520870
-31.974720
-25.202076
-18.221508
-11.052151
-3.713650
3.773880
11.389912
19.113579
26.923704
34.798882
42.717525
49.483738
57.441780
65.378006
73.270676
81.098137
88.838943
96.471893
103.976044
111.330833
118.516113
125.512161
132.299835
138.860519
145.176208
151.229630
157.004166
162.484009
167.654114
172.500320
177.009354
181.168839
184.967377
188.394577
191.441040
194.098389
196.359360
198.217773
199.668518
200.707596
201.332199
201.540588
201.332199
200.707611
199.668533
198.217804
196.359406
194.098434
191.441086
188.394638
184.967453
181.168915
177.009445
172.500427
167.654236
162.484146
157.004318
151.229797
145.176392
138.860718
132.300049
125.512390
118.516342
111.331085
103.976303
96.472168
88.839241
81.098442
73.270988
65.378334
57.442120
49.484089
41.526054
33.589832
25.697178
17.869717
10.128910
2.495972
-5.008179
-12.362972
-19.548244
-26.544308
-33.331982
-39.892666
-46.208378
-52.261806
-58.036358
-63.516201
-68.686325
-73.532562
-78.041626
-82.201157
-85.999741
-89.426971
-92.473450
-95.130829
-97.391830
-99.250259
-100.701019
-101.740112
-102.364716
-102.573120
-102.364731
-101.740143
-100.701065
-99.250320
-97.391907
-95.130920
-92.473557
-89.427078
-85.999878
-82.201294
-78.041794
-73.532730
-68.686493
-63.516361
-58.036503
-52.261944
-46.208485
-39.892757
-33.332043
-26.544338
-19.548244
-12.362934
-5.008114
2.496075
10.129051
17.869896
25.697395
33.590088
41.526348
50.030922
58.338165
66.622635
74.861633
83.032562
91.113037
99.080917
106.914352
114.591873
122.092438
129.395477
136.481003
143.329559
149.922394
156.241440
162.269363
167.989655
173.386627
178.445496
183.152374
187.494385
191.459595
195.037201
198.217316
200.991272
203.351471
205.291412
206.805817
207.890503
208.542511
208.760040
208.542511
207.890533
206.805847
205.291473
203.351532
200.991333
198.217377
195.037262
191.459686
187.494476
183.152466
178.445587
173.386749
167.989807
162.269531
156.241608
149.922577
143.329773
136.481216
129.395721
122.092690
114.592140
106.914627
99.081215
91.113350
83.032883
74.861961
66.622978
58.338516
50.031288
41.724052
33.439590
25.200605
17.029675
8.949200
0.981327
-6.852108
-14.529625
-22.030197
-29.333244
-36.418762
-43.267326
-49.860176
-56.179230
-62.207169
-67.927467
-73.324448
-78.383339
-83.090279
-87.432320
-91.397575
-94.975197
-98.155357
-100.929344
-103.289558
-105.229546
-106.743950
-107.828651
-108.480659
-108.698204
-108.480675
-107.828682
-106.743996
-105.229591
-103.289635
-100.929436
-98.155464
-94.975319
-91.397713
-87.432472
-83.090431
-78.383522
-73.324638
-67.927635
-62.207321
-56.179367
-49.860291
-43.267426
-36.418831
-29.333275
-22.030190
-14.529587
-6.852036
0.981434
8.949345
17.029861
25.200832
33.439857
41.724361
46.478302
54.303326
62.106903
69.867645
77.564270
85.175690
92.681053
100.059769
107.291626
114.356804
121.235924
127.910141
134.361145
140.571289
146.523529
152.201538
157.589783
162.673462
167.438675
171.872345
175.962311
179.697357
183.067276
186.062805
188.675751
190.898926
192.726257
194.152756
195.174484
195.788635
195.993546
195.788651
195.174500
194.152786
192.726303
190.898972
188.675781
186.062851
183.067337
179.697433
175.962387
171.872437
167.438782
162.673584
157.589920
152.201691
146.523682
140.571472
134.361359
127.910347
121.236145
114.357040
107.291878
100.060036
92.681335
85.175980
77.564575
69.867950
62.107224
54.303658
46.478645
38.653629
30.850063
23.089331
15.392706
7.781284
0.275928
-7.102791
-14.334648
-21.399826
-28.278946
-34.953163
-41.404190
-47.614334
-53.566582
-59.244606
-64.632851
-69.716560
-74.481796
-78.915497
-83.005493
-86.740585
-90.110519
-93.106079
-95.719055
-97.942261
-99.769623
-101.196121
-102.217865
-102.832016
-103.036942
-102.832047
-102.217896
-101.196167
-99.769684
-97.942337
-95.719147
-93.106186
-90.110641
-86.740707
-83.005630
-78.915649
-74.481964
-69.716736
-64.633018
-59.244751
-53.566711
-47.614441
-41.404274
-34.953224
-28.278976
-21.399818
-14.334610
-7.102722
0.276031
7.781422
15.392881
23.089544
30.850313
38.653919
46.880547
54.104862
61.309376
68.474342
75.580124
82.607239
89.536423
96.348694
103.025383
109.548187
115.899208
122.061066
128.016846
133.750244
139.245544
144.487671
149.462280
154.155701
158.555084
162.648392
166.424377
169.872711
172.983917
175.749481
178.161835
180.214355
181.901398
183.218384
184.161682
184.728699
184.917877
184.728699
184.161713
183.218414
181.901428
180.214386
178.161865
175.749542
172.983978
169.872772
166.424454
162.648468
158.555176
154.155807
149.462402
144.487808
139.245697
133.750412
128.017029
122.061249
115.899414
109.548401
103.025620
96.348938
89.536682
82.607498
75.580399
68.474632
61.309677
54.105171
46.880863
39.656555
32.452049
25.287090
18.181316
11.154205
4.225018
-2.587257
-9.263943
-15.786739
-22.137772
-28.299622
-34.255417
-39.988823
-45.484131
-50.726273
-55.700874
-60.394318
-64.793739
-68.887077
-72.663094
-76.111443
-79.222687
-81.988289
-84.400658
-86.453194
-88.140282
-89.457283
-90.400566
-90.967583
-91.156776
-90.967613
-90.400612
-89.457314
-88.140327
-86.453270
-84.400749
-81.988380
-79.222794
-76.111565
-72.663223
-68.887215
-64.793900
-60.394478
-55.701027
-50.726410
-45.484253
-39.988922
-34.255501
-28.299683
-22.137794
-15.786736
-9.263908
-2.587196
4.225113
11.154331
18.181479
25.287287
32.452282
39.656822
42.086800
49.531029
56.954849
64.337921
71.660004
78.901024
86.041145
93.060791
99.940712
106.662064
113.206421
119.555847
125.692924
131.600861
137.263428
142.665131
147.791168
152.627457
157.160767
161.378662
165.269592
168.822891
172.028809
174.878571
177.364349
179.479340
181.217773
182.574829
183.546844
184.131104
184.326050
184.131104
183.546844
182.574860
181.217804
179.479401
177.364410
174.878632
172.028870
168.822968
165.269684
161.378754
157.160858
152.627563
147.791290
142.665283
137.263580
131.601013
125.693115
119.556038
113.206635
106.662285
99.940948
93.061035
86.041412
78.901299
71.660286
64.338219
56.955158
49.531345
42.087128
34.642906
27.219091
19.836027
12.513950
5.272930
-1.867184
-8.886826
-15.766750
-22.488106
-29.032463
-35.381889
-41.518982
-47.426918
-53.089500
-58.491219
-63.617249
-68.453560
-72.986900
-77.204842
-81.095802
-84.649124
-87.855080
-90.704857
-93.190666
-95.305687
-97.044121
-98.401207
-99.373222
-99.957497
-100.152443
-99.957512
-99.373253
-98.401253
-97.044182
-95.305763
-93.190758
-90.704964
-87.855186
-84.649254
-81.095940
-77.204987
-72.987061
-68.453728
-63.617401
-58.491356
-53.089630
-47.427017
-41.519066
-35.381950
-29.032494
-22.488106
-15.766720
-8.886761
-1.867088
5.273064
12.514118
19.836231
27.219330
34.643181
41.477879
49.735336
57.970161
66.159790
74.281754
82.313812
90.233948
98.020432
105.651947
113.107574
120.366852
127.409912
134.217422
140.770752
147.051926
153.043732
158.729752
164.094376
169.122910
173.801590
178.117584
182.059052
185.615189
188.776260
191.533600
193.879654
195.807968
197.313293
198.391479
199.039581
199.255814
199.039597
198.391495
197.313324
195.808014
193.879700
191.533646
188.776321
185.615250
182.059128
178.117676
173.801697
169.123032
164.094498
158.729889
153.043884
147.052094
140.770935
134.217636
127.410126
120.367081
113.107819
105.652206
98.020714
90.234238
82.314117
74.282074
66.160118
57.970505
49.735691
41.478241
33.220791
24.985971
16.796358
8.674393
0.642338
-7.277786
-15.064278
-22.695789
-30.151409
-37.410694
-44.453754
-51.261280
-57.814617
-64.095810
-70.087616
-75.773636
-81.138290
-86.166870
-90.845596
-95.161606
-99.103104
-102.659286
-105.820389
-108.577759
-110.923828
-112.852188
-114.357529
-115.435715
-116.083817
-116.300064
-116.083847
-115.435745
-114.357574
-112.852249
-110.923904
-108.577850
-105.820511
-102.659409
-99.103256
-95.161758
-90.845749
-86.167038
-81.138474
-75.773804
-70.087769
-64.095947
-57.814732
-51.261372
-44.453815
-37.410732
-30.151409
-22.695751
-15.064209
-7.277679
0.642483
8.674576
16.796583
24.986237
33.221096
47.186111
55.914185
64.618332
73.274704
81.859558
90.349380
98.720901
106.951164
115.017616
122.898148
130.571152
138.015610
145.211105
152.137924
158.777069
165.110367
171.120438
176.790802
182.105942
187.051270
191.613251
195.779343
199.538162
202.879395
205.793884
208.273621
210.311844
211.902969
213.042603
213.727631
213.956192
213.727646
213.042618
211.903000
210.311890
208.273682
205.793930
202.879456
199.538223
195.779419
191.613327
187.051376
182.106064
176.790939
171.120590
165.110535
158.777252
152.138123
145.211319
138.015839
130.571411
122.898407
115.017891
106.951462
98.721207
90.349709
81.859894
73.275047
64.618698
55.914555
47.186493
38.458431
29.754292
21.097931
12.513077
4.023254
-4.348255
-12.578518
-20.644966
-28.525505
-36.198509
-43.642967
-50.838470
-57.765305
-64.404472
-70.737770
-76.747849
-82.418243
-87.733414
-92.678787
-97.240784
-101.406921
-105.165771
-108.507034
-111.421555
-113.901337
-115.939590
-117.530716
-118.670364
-119.355408
-119.583969
-119.355423
-118.670395
-117.530762
-115.939651
-113.901413
-111.421661
-108.507156
-105.165909
-101.407074
-97.240936
-92.678955
-87.733597
-82.418442
-76.748032
-70.737930
-64.404617
-57.765419
-50.838570
-43.643036
-36.198547
-28.525497
-20.644928
-12.578442
-4.348141
4.023411
12.513271
21.098169
29.754572
38.458755
56.316982
65.504364
74.666573
83.778481
92.815117
101.751709
110.563782
119.227158
127.718109
136.013351
144.090149
151.926361
159.500519
166.791870
173.780411
180.446976
186.773331
192.742111
198.336945
203.542526
208.344574
212.729904
216.686523
220.203598
223.271454
225.881699
228.027191
229.702042
230.901642
231.622726
231.863312
231.622742
230.901657
229.702072
228.027222
225.881760
223.271515
220.203659
216.686600
212.729996
208.344666
203.542633
198.337067
192.742249
186.773499
180.447159
173.780594
166.792068
159.500748
151.926605
144.090408
136.013626
127.718399
119.227463
110.564102
101.752060
92.815475
83.778847
74.666946
65.504761
56.317387
47.130013
37.967815
28.855917
19.819283
10.882690
2.070629
-6.592751
-15.083698
-23.378941
-31.455738
-39.291965
-46.866131
-54.157482
-61.146030
-67.812622
-74.138977
-80.107773
-85.702652
-90.908279
-95.710342
-100.095734
-104.052383
-107.569489
-110.637375
-113.247650
-115.393173
-117.068039
-118.267654
-118.988739
-119.229340
-118.988770
-118.267685
-117.068085
-115.393234
-113.247742
-110.637482
-107.569611
-104.052521
-100.095886
-95.710510
-90.908447
-85.702850
-80.107971
-74.139160
-67.812790
-61.146191
-54.157604
-46.866230
-39.292034
-31.455776
-23.378933
-15.083652
-6.592670
2.070747
10.882851
19.819492
28.856167
37.968109
47.130348
59.706268
69.440277
79.147598
88.801636
98.375931
107.844223
117.180588
126.359406
135.355530
144.144318
152.701660
161.004120
169.028900
176.754059
184.158386
191.221603
197.924362
204.248260
210.175980
215.691269
220.779022
225.425278
229.617294
233.343613
236.594009
239.359558
241.632690
243.407196
244.678162
245.442154
245.697052
245.442169
244.678192
243.407227
241.632736
239.359619
236.594070
233.343689
229.617371
225.425354
220.779114
215.691391
210.176102
204.248398
197.924530
191.221802
184.158600
176.754272
169.029144
161.004364
152.701935
144.144608
135.355835
126.359734
117.180923
107.844589
98.376297
88.802025
79.148003
69.440689
59.706696
49.972702
40.265381
30.611355
21.037071
11.568779
2.232426
-6.946396
-15.942528
-24.731316
-33.288658
-41.591110
-49.615913
-57.341080
-64.745430
-71.808670
-78.511414
-84.835327
-90.763092
-96.278442
-101.366211
-106.012512
-110.204590
-113.930939
-117.181366
-119.946945
-122.220108
-123.994614
-125.265610
-126.029602
-126.284515
-126.029633
-125.265656
-123.994675
-122.220169
-119.947037
-117.181473
-113.931076
-110.204727
-106.012680
-101.366394
-96.278625
-90.763306
-84.835556
-78.511612
-71.808838
-64.745598
-57.341209
-49.616028
-41.591187
-33.288696
-24.731308
-15.942482
-6.946312
2.232552
11.568951
21.037289
30.611620
40.265697
49.973061
60.134941
69.278481
78.396957
87.465385
96.458900
105.352852
114.122864
122.744904
131.195328
139.450989
147.489227
155.288055
162.826080
170.082611
177.037811
183.672577
189.968719
195.909027
201.477173
206.657898
211.437012
215.801422
219.739166
223.239441
226.292664
228.890472
231.025696
232.692566
233.886444
234.604095
234.843536
234.604095
233.886475
232.692596
231.025757
228.890503
226.292725
223.239502
219.739258
215.801514
211.437103
206.657990
201.477295
195.909149
189.968903
183.672745
177.037994
170.082825
162.826294
155.288300
147.489502
139.451263
131.195618
122.745209
114.123184
105.353188
96.459251
87.465752
78.397339
69.278870
60.135342
50.991810
41.873341
32.804924
23.811417
14.917469
6.147461
-2.474575
-10.925003
-19.180656
-27.218918
-35.017738
-42.555763
-49.812317
-56.767517
-63.402298
-69.698463
-75.638771
-81.206947
-86.387733
-91.166893
-95.531349
-99.469124
-102.969429
-106.022682
-108.620506
-110.755791
-112.422661
-113.616554
-114.334206
-114.573647
-114.334221
-113.616585
-112.422707
-110.755852
-108.620598
-106.022789
-102.969566
-99.469261
-95.531502
-91.167061
-86.387917
-81.207146
-75.638985
-69.698647
-63.402466
-56.767677
-49.812439
-42.555862
-35.017815
-27.218948
-19.180656
-10.924957
-2.474495
6.147579
14.917629
23.811623
32.805176
41.873634
50.992149
56.150211
64.829659
73.485313
82.093460
90.630493
99.073013
107.397896
115.582306
123.603821
131.440445
139.070709
146.473694
153.629105
160.517319
167.119492
173.417496
179.394089
185.032867
190.318390
195.236176
199.772720
203.915604
207.653488
210.976105
213.874359
216.340286
218.367157
219.949417
221.082687
221.763916
221.991196
221.763916
221.082718
219.949448
218.367203
216.340332
213.874405
210.976166
207.653549
203.915695
199.772812
195.236267
190.318512
185.032990
179.394241
173.417664
167.119675
160.517517
153.629318
146.473923
139.070953
131.440704
123.604095
115.582596
107.398201
99.073334
90.630829
82.093803
73.485672
64.830032
56.150593
47.471153
38.815506
30.207371
21.670341
13.227821
4.902946
-3.281464
-11.302975
-19.139606
-26.769871
-34.172855
-41.328266
-48.216511
-54.818684
-61.116711
-67.093307
-72.732101
-78.017670
-82.935486
-87.472076
-91.615005
-95.352905
-98.675552
-101.573837
-104.039810
-106.066696
-107.648972
-108.782257
-109.463486
-109.690781
-109.463501
-108.782303
-107.649017
-106.066757
-104.039886
-101.573944
-98.675674
-95.353043
-91.615143
-87.472229
-82.935654
-78.017853
-72.732300
-67.093475
-61.116863
-54.818836
-48.216625
-41.328365
-34.172924
-26.769901
-19.139599
-11.302937
-3.281391
4.903061
13.227974
21.670536
30.207607
38.815784
47.471474
48.266575
54.926277
61.567722
68.172714
74.723145
81.201050
87.588699
93.868553
100.023422
106.036438
111.891098
117.571381
123.061691
128.347000
133.412811
138.245239
142.831055
147.157654
151.213211
154.986603
158.467484
161.646301
164.514359
167.063797
169.287598
171.179703
172.734909
173.948975
174.818527
175.341232
175.515625
175.341232
174.818542
173.948990
172.734940
171.179749
169.287643
167.063843
164.514420
161.646362
158.467560
154.986679
151.213303
147.157761
142.831161
138.245361
133.412949
128.347153
123.061859
117.571548
111.891289
106.036636
100.023636
93.868774
87.588928
81.201294
74.723396
68.172974
61.567997
54.926559
48.266869
41.607174
34.965733
28.360750
21.810326
15.332417
8.944778
2.664917
-3.489952
-9.502964
-15.357628
-21.037907
-26.528225
-31.813541
-36.879360
-41.711803
-46.297619
-50.624249
-54.679829
-58.453259
-61.934155
-65.113007
-67.981094
-70.530548
-72.754379
-74.646500
-76.201736
-77.415802
-78.285370
-78.808075
-78.982468
-78.808090
-78.285400
-77.415833
-76.201782
-74.646561
-72.754456
-70.530640
-67.981186
-65.113113
-61.934277
-58.453388
-54.679974
-50.624393
-46.297756
-41.711926
-36.879475
-31.813633
-26.528301
-21.037960
-15.357655
-9.502960
-3.489922
2.664974
8.944866
15.332535
21.810476
28.360931
34.965946
41.607418
54.168152
62.728508
71.265396
79.755432
88.175323
96.502007
104.712662
112.784775
120.696220
128.425323
135.950882
143.252289
150.309509
157.103241
163.614807
169.826385
175.720978
181.282394
186.495392
191.345703
195.820007
199.906052
203.592636
206.869659
209.728149
212.160248
214.159302
215.719849
216.837570
217.509445
217.733612
217.509460
216.837601
215.719879
214.159332
212.160294
209.728195
206.869720
203.592697
199.906128
195.820084
191.345795
186.495514
181.282516
175.721130
169.826569
163.614990
157.103424
150.309723
143.252502
135.951126
128.425568
120.696487
112.785057
104.712967
96.502319
88.175659
79.755768
71.265755
62.728874
54.168526
45.608181
37.071297
28.581276
20.161385
11.834705
3.624058
-4.448051
-12.359497
-20.088600
-27.614166
-34.915573
-41.972809
-48.766533
-55.278130
-61.489731
-67.384323
-72.945747
-78.158783
-83.009125
-87.483459
-91.569550
-95.256165
-98.533234
-101.391739
-103.823868
-105.822952
-107.383514
-108.501251
-109.173126
-109.397308
-109.173157
-108.501297
-107.383560
-105.823013
-103.823944
-101.391846
-98.533340
-95.256302
-91.569687
-87.483627
-83.009293
-78.158966
-72.945946
-67.384499
-61.489891
-55.278275
-48.766655
-41.972908
-34.915642
-27.614204
-20.088600
-12.359459
-4.447979
3.624168
11.834858
20.161579
28.581511
37.071571
45.608498
51.935287
59.636196
67.315994
74.953644
82.528198
90.018890
97.405212
104.666893
111.784042
118.737160
125.507164
132.075531
138.424225
144.535858
150.393677
155.981628
161.284424
166.287460
170.977081
175.340424
179.365524
183.041336
186.357788
189.305817
191.877304
194.065231
195.863586
197.267456
198.272964
198.877380
199.079041
198.877396
198.272980
197.267471
195.863617
194.065277
191.877350
189.305862
186.357849
183.041397
179.365601
175.340515
170.977188
166.287567
161.284546
155.981781
150.393829
144.536026
138.424408
132.075714
125.507385
118.737381
111.784286
104.667152
97.405479
90.019180
82.528488
74.953949
67.316315
59.636524
51.935627
44.234726
36.554932
28.917294
21.342747
13.852051
6.465740
-0.795944
-7.913097
-14.866211
-21.636223
-28.204575
-34.553276
-40.664925
-46.522758
-52.110733
-57.413513
-62.416580
-67.106239
-71.469620
-75.494736
-79.170578
-82.487076
-85.435120
-88.006638
-90.194595
-91.992966
-93.396851
-94.402374
-95.006805
-95.208466
-95.006821
-94.402405
-93.396896
-91.993027
-90.194656
-88.006729
-85.435226
-82.487183
-79.170715
-75.494881
-71.469765
-67.106407
-62.416756
-57.413673
-52.110870
-46.522896
-40.665031
-34.553368
-28.204643
-21.636253
-14.866203
-7.913059
-0.795879
6.465839
13.852188
21.342918
28.917503
36.555176
44.235008
47.172543
53.899059
60.607140
67.278397
73.894547
80.437447
86.889175
93.232040
99.448669
105.522003
111.435410
117.172668
122.718063
128.056396
133.173035
138.053955
142.685776
147.055801
151.152039
154.963287
158.479095
161.689804
164.586639
167.161636
169.407761
171.318848
172.889664
174.115906
174.994186
175.522125
175.698273
175.522141
174.994202
174.115921
172.889694
171.318893
169.407806
167.161682
164.586685
161.689865
158.479156
154.963364
151.152130
147.055893
142.685898
138.054077
133.173187
128.056549
122.718231
117.172852
111.435593
105.522202
99.448883
93.232269
86.889420
80.437698
73.894806
67.278664
60.607418
53.899345
47.172836
40.446327
33.738255
27.067003
20.450861
13.907959
7.456234
1.113369
-5.103252
-11.176594
-17.090000
-22.827267
-28.372669
-33.711010
-38.827656
-43.708584
-48.340405
-52.710438
-56.806721
-60.618000
-64.133820
-67.344559
-70.241425
-72.816452
-75.062607
-76.973709
-78.544540
-79.770798
-80.649094
-81.177032
-81.353180
-81.177048
-80.649124
-79.770828
-78.544586
-76.973770
-75.062683
-72.816544
-70.241531
-67.344681
-64.133942
-60.618130
-56.806866
-52.710598
-48.340549
-43.708706
-38.827770
-33.711102
-28.372746
-22.827320
-17.090023
-11.176590
-5.103222
1.113426
7.456322
13.908077
20.451012
27.067188
33.738472
40.446575
40.961544
47.918037
54.855461
61.754803
68.597153
75.363754
82.036057
88.595779
95.024948
101.305923
107.421509
113.354919
119.089920
124.610764
129.902328
134.950119
139.740295
144.259720
148.496017
152.437576
156.073578
159.394058
162.389938
165.052979
167.375900
169.352325
170.976837
172.244995
173.153320
173.699310
173.881470
173.699310
173.153336
172.245026
170.976868
169.352356
167.375931
165.053024
162.389984
159.394119
156.073654
152.437653
148.496109
144.259827
139.740417
134.950256
129.902481
124.610916
119.090088
113.355103
107.421707
101.306137
95.025169
88.596016
82.036301
75.364014
68.597420
61.755081
54.855747
47.918331
40.961849
34.005363
27.067947
20.168612
13.326267
6.559669
-0.112637
-6.672359
-13.101521
-19.382504
-25.498081
-31.431507
-37.166500
-42.687359
-47.978939
-53.026737
-57.816921
-62.336361
-66.572693
-70.514267
-74.150299
-77.470810
-80.466721
-83.129791
-85.452728
-87.429169
-89.053711
-90.321884
-91.230209
-91.776199
-91.958374
-91.776215
-91.230240
-90.321915
-89.053757
-87.429230
-85.452805
-83.129883
-80.466812
-77.470932
-74.150421
-70.514404
-66.572830
-62.336521
-57.817066
-53.026867
-47.979053
-42.687450
-37.166576
-31.431561
-25.498112
-19.382500
-13.101490
-6.672298
-0.112545
6.559792
13.326424
20.168802
27.068172
34.005623
43.487530
50.385582
57.264729
64.106117
70.890984
77.600739
84.216995
90.721619
97.096771
103.324997
109.389191
115.272766
120.959579
126.434052
131.681168
136.686554
141.436493
145.917953
150.118668
154.027115
157.632568
160.925156
163.895859
166.536530
168.839935
170.799759
172.410629
173.668137
174.568832
175.110229
175.290863
175.110229
174.568848
173.668167
172.410660
170.799805
168.839981
166.536575
163.895920
160.925217
157.632645
154.027191
150.118759
145.918060
141.436615
136.686691
131.681320
126.434204
120.959747
115.272949
109.389389
103.325195
97.096992
90.721848
84.217239
77.600998
70.891251
64.106392
57.265015
50.385880
43.487831
36.589787
29.710648
22.869268
16.084404
9.374649
2.758392
-3.746223
-10.121380
-16.349598
-22.413807
-28.297382
-33.984203
-39.458675
-44.705807
-49.711208
-54.461147
-58.942623
-63.143360
-67.051834
-70.657318
-73.949936
-76.920670
-79.561371
-81.864807
-83.824646
-85.435532
-86.693054
-87.593750
-88.135147
-88.315796
-88.135162
-87.593781
-86.693085
-85.435577
-83.824707
-81.864883
-79.561462
-76.920776
-73.950058
-70.657440
-67.051971
-63.143513
-58.942783
-54.461292
-49.711330
-44.705929
-39.458775
-33.984280
-28.297436
-22.413830
-16.349594
-10.121349
-3.746166
2.758484
9.374771
16.084558
22.869457
29.710869
36.590042
31.584959
37.888901
44.175568
50.427723
56.628231
62.760094
68.806511
74.750908
80.576988
86.268791
91.810699
97.187538
102.384560
107.387527
112.182732
116.757019
121.097855
125.193344
129.032257
132.604065
135.899002
138.908005
141.622849
144.036102
146.141113
147.932144
149.404266
150.553467
151.376587
151.871353
152.036438
151.871368
151.376602
150.553497
149.404297
147.932175
146.141144
144.036133
141.622910
138.908066
135.899063
132.604141
129.032333
125.193436
121.097969
116.757141
112.182861
107.387672
102.384720
97.187706
91.810875
86.268974
80.577187
74.751122
68.806732
62.760330
56.628471
50.427975
44.175827
37.889172
31.585236
25.281300
18.994640
12.742491
6.541986
0.410124
-5.636290
-11.580687
-17.406767
-23.098566
-28.640478
-34.017319
-39.214348
-44.217323
-49.012527
-53.586830
-57.927673
-62.023170
-65.862106
-69.433960
-72.728912
-75.737946
-78.452820
-80.866081
-82.971123
-84.762169
-86.234322
-87.383530
-88.206650
-88.701431
-88.866516
-88.701447
-88.206680
-87.383568
-86.234367
-84.762230
-82.971199
-80.866173
-78.452911
-75.738052
-72.729027
-69.434082
-65.862244
-62.023315
-57.927803
-53.586945
-49.012642
-44.217407
-39.214417
-34.017365
-28.640505
-23.098562
-17.406736
-11.580629
-5.636209
0.410236
6.542130
12.742664
18.994843
25.281532
45.129238
51.017754
56.890129
62.730267
68.522163
74.249939
79.897903
85.450562
90.892700
96.209412
101.386108
106.408615
111.263153
115.936432
120.415634
124.688477
128.743256
132.568848
136.154770
139.491211
142.569000
145.379715
147.915665
150.169861
152.136169
153.809158
155.184280
156.257751
157.026627
157.488785
157.642990
157.488800
157.026627
156.257767
155.184311
153.809204
152.136200
150.169907
147.915710
145.379776
142.569061
139.491272
136.154861
132.568939
128.743347
124.688583
120.415756
115.936569
111.263306
106.408768
101.386276
96.209587
90.892891
85.450760
79.898102
74.250153
68.522385
62.730503
56.890373
51.018005
45.129498
39.240990
33.368618
27.528486
21.736593
16.008820
10.360863
4.808201
-0.633942
-5.950653
-11.127354
-16.149860
-21.004406
-25.677692
-30.156895
-34.429745
-38.484531
-42.310131
-45.896091
-49.232555
-52.310368
-55.121113
-57.657078
-59.911304
-61.877621
-63.550640
-64.925781
-65.999252
-66.768127
-67.230301
-67.384506
-67.230316
-66.768158
-65.999283
-64.925812
-63.550694
-61.877689
-59.911388
-57.657162
-55.121212
-52.310474
-49.232670
-45.896214
-42.310268
-38.484646
-34.429852
-30.156994
-25.677769
-21.004475
-16.149910
-11.127377
-5.950649
-0.633915
4.808250
10.360939
16.008923
21.736727
27.528646
33.368809
39.241203
54.890335
59.610229
64.317184
68.998299
73.640747
78.231804
82.758881
87.209572
91.571678
95.833252
99.982590
104.008339
107.899460
111.645287
115.235550
118.660416
121.910492
124.976868
127.851135
130.525436
132.992416
135.245331
137.277985
139.084824
140.660889
142.001877
143.104095
143.964523
144.580811
144.951248
145.074844
144.951263
144.580811
143.964539
143.104111
142.001892
140.660919
139.084854
137.278015
135.245361
132.992462
130.525482
127.851204
124.976936
121.910568
118.660507
115.235649
111.645393
107.899582
104.008469
99.982727
95.833389
91.571831
87.209732
82.759048
78.231979
73.640930
68.998489
64.317383
59.610428
54.890541
50.170654
45.463703
40.782589
36.140144
31.549093
27.022017
22.571327
18.209221
13.947651
9.798306
5.772556
1.881432
-1.864399
-5.454674
-8.879543
-12.129623
-15.196007
-18.070297
-20.744614
-23.211617
-25.464546
-27.497223
-29.304085
-30.880173
-32.221169
-33.323395
-34.183830
-34.800117
-35.170570
-35.294174
-35.170586
-34.800140
-34.183861
-33.323425
-32.221207
-30.880226
-29.304153
-27.497292
-25.464622
-23.211700
-20.744705
-18.070404
-15.196114
-12.129715
-8.879627
-5.454754
-1.864464
1.881378
5.772518
9.798286
13.947655
18.209240
22.571365
27.022079
31.549175
36.140251
40.782719
45.463856
50.170830
30.530626
36.133629
41.721275
47.278244
52.789314
58.239372
63.613487
68.896919
74.075188
79.134109
84.059814
88.838799
93.457954
97.904640
102.166656
106.232323
110.090508
113.730606
117.142670
120.317337
123.245903
125.920334
128.333313
130.478226
132.349182
133.941071
135.249512
136.270935
137.002518
137.442276
137.589005
137.442291
137.002533
136.270950
135.249527
133.941101
132.349213
130.478271
128.333359
125.920387
123.245956
120.317398
117.142746
113.730690
110.090599
106.232430
102.166779
97.904770
93.458099
88.838943
84.059975
79.134277
74.075371
68.897102
63.613678
58.239578
52.789528
47.278473
41.721504
36.133869
30.530872
24.927876
19.340237
13.783270
8.272205
2.822149
-2.551958
-7.835390
-13.013666
-18.072588
-22.998293
-27.777277
-32.396446
-36.843140
-41.105164
-45.170837
-49.029022
-52.669136
-56.081223
-59.255913
-62.184494
-64.858955
-67.271957
-69.416893
-71.287872
-72.879768
-74.188232
-75.209656
-75.941254
-76.381020
-76.527748
-76.381035
-75.941277
-75.209694
-74.188271
-72.879822
-71.287933
-69.416969
-67.272041
-64.859055
-62.184601
-59.256020
-56.081345
-52.669266
-49.029137
-45.170944
-41.105255
-36.843216
-32.396507
-27.777319
-22.998316
-18.072584
-13.013639
-7.835344
-2.551886
2.822248
8.272331
13.783422
19.340416
24.928082
36.744392
42.529709
48.299164
54.036949
59.727341
65.354729
70.903702
76.359055
81.705818
86.929352
92.015320
96.949806
101.719269
106.310638
110.711334
114.909294
118.893013
122.651558
126.174637
129.452606
132.476456
135.237915
137.729401
139.944107
141.875946
143.519623
144.870636
145.925293
146.680695
147.134766
147.286255
147.134766
146.680695
145.925323
144.870667
143.519653
141.875977
139.944153
137.729462
135.237976
132.476517
129.452667
126.174721
122.651642
118.893112
114.909401
110.711456
106.310768
101.719414
96.949959
92.015488
86.929520
81.706001
76.359253
70.903915
65.354950
59.727562
54.037182
48.299404
42.529953
36.744648
30.959339
25.189886
19.452106
13.761721
8.134331
2.585358
-2.869987
-8.216755
-13.440285
-18.526260
-23.460747
-28.230209
-32.821594
-37.222298
-41.420265
-45.403984
-49.162544
-52.685646
-55.963638
-58.987518
-61.749001
-64.240517
-66.455238
-68.387093
-70.030792
-71.381828
-72.436493
-73.191895
-73.645966
-73.797470
-73.645981
-73.191917
-72.436523
-71.381866
-70.030846
-68.387161
-66.455315
-64.240601
-61.749092
-58.987617
-55.963753
-52.685776
-49.162674
-45.404099
-41.420372
-37.222397
-32.821671
-28.230278
-23.460793
-18.526287
-13.440281
-8.216728
-2.869938
2.585434
8.134432
13.761850
19.452265
25.190073
30.959553
41.164188
43.838856
46.506195
49.158890
51.789673
54.391335
56.956738
59.478855
61.950775
64.365723
66.717072
68.998383
71.203400
73.326088
75.360619
77.301422
79.143173
80.880829
82.509621
84.025085
85.423080
86.699753
87.851624
88.875526
89.768654
90.528564
91.153168
91.640747
91.989990
92.199905
92.269951
92.199913
91.989990
91.640762
91.153175
90.528580
89.768669
88.875549
87.851646
86.699783
85.423111
84.025116
82.509659
80.880867
79.143219
77.301468
75.360672
73.326149
71.203468
68.998451
66.717148
64.365799
61.950859
59.478943
56.956833
54.391434
51.789776
49.158997
46.506306
43.838970
41.164307
38.489639
35.822304
33.169609
30.538830
27.937172
25.371769
22.849651
20.377731
17.962786
15.611435
13.330122
11.125101
9.002411
6.967876
5.027069
3.185314
1.447659
-0.181149
-1.696629
-3.094631
-4.371319
-5.523197
-6.547112
-7.440247
-8.200161
-8.824772
-9.312366
-9.661602
-9.871532
-9.941574
-9.871536
-9.661617
-9.312382
-8.824791
-8.200188
-7.440277
-6.547146
-5.523239
-4.371365
-3.094677
-1.696682
-0.181206
1.447598
3.185261
5.027023
6.967831
9.002377
11.125071
13.330101
15.611423
17.962788
20.377745
22.849674
25.371803
27.937218
30.538891
33.169685
35.822392
38.489738
36.125454
39.614594
43.094170
46.554646
49.986534
53.380432
56.727036
60.017174
63.241821
66.392151
69.459518
72.435516
75.311996
78.081062
80.735138
83.266937
85.669525
87.936317
90.061096
92.038048
93.861740
95.527184
97.029816
98.365509
99.530602
100.521912
101.336716
101.972778
102.428360
102.702209
102.793579
102.702209
102.428360
101.972794
101.336731
100.521927
99.530624
98.365524
97.029839
95.527222
93.861778
92.038086
90.061142
87.936371
85.669586
83.266998
80.735207
78.081146
75.312080
72.435608
69.459610
66.392250
63.241936
60.017288
56.727158
53.380562
49.986671
46.554787
43.094315
39.614742
36.125607
32.636471
29.156898
25.696426
22.264538
18.870642
15.524040
12.233906
9.009254
5.858929
2.791561
-0.184441
-3.060921
-5.829994
-8.484074
-11.015881
-13.418472
-15.685268
-17.810066
-19.787033
-21.610741
-23.276199
-24.778839
-26.114544
-27.279655
-28.270977
-29.085789
-29.721859
-30.177441
-30.451298
-30.542667
-30.451305
-30.177456
-29.721874
-29.085812
-28.271008
-27.279694
-26.114594
-24.778893
-23.276257
-21.610806
-19.787102
-17.810143
-15.685349
-13.418545
-11.015942
-8.484131
-5.830044
-3.060963
-0.184471
2.791546
5.858931
9.009272
12.233934
15.524086
18.870703
22.264616
25.696522
29.157009
32.636600
27.447914
29.270079
31.087248
32.894444
34.686707
36.459133
38.206856
39.925095
41.609131
43.254353
44.856251
46.410435
47.912643
49.358757
50.744816
52.067020
53.321747
54.505554
55.615196
56.647636
57.600037
58.469795
59.254524
59.952076
60.560535
61.078236
61.503757
61.835934
62.073856
62.216873
62.264587
62.216873
62.073860
61.835941
61.503765
61.078247
60.560547
59.952091
59.254539
58.469814
57.600060
56.647655
55.615219
54.505577
53.321777
52.067055
50.744854
49.358795
47.912689
46.410484
44.856300
43.254410
41.609188
39.925156
38.206924
36.459198
34.686779
32.894516
31.087322
29.270155
27.447994
25.625832
23.808664
22.001472
20.209208
18.436783
16.689058
14.970822
13.286785
11.641562
10.039665
8.485481
6.983273
5.537155
4.151093
2.828886
1.574160
0.390348
-0.719303
-1.751751
-2.704161
-3.573927
-4.358665
-5.056221
-5.664688
-6.182392
-6.607922
-6.940102
-7.178024
-7.321041
-7.368759
-7.321045
-7.178032
-6.940109
-6.607933
-6.182411
-5.664707
-5.056248
-4.358692
-3.573959
-2.704195
-1.751785
-0.719341
0.390308
1.574121
2.828852
4.151062
5.537130
6.983252
8.485466
10.039658
11.641563
13.286794
14.970838
16.689083
18.436815
20.209248
22.001522
23.808723
25.625900
