-286 20.061247 994.135742
-286 23.796118 994.037964
-286 27.520750 993.744812
-286 31.224937 993.257202
-286 34.898529 992.576294
-286 38.531448 991.704102
-286 42.113743 990.643005
-286 45.635593 989.395874
-286 49.087345 987.966064
-286 52.459541 986.357605
-286 55.742935 984.574890
-286 58.928528 982.622742
-286 62.007584 980.506592
-286 64.971672 978.232178
-286 67.812668 975.805725
-286 70.522774 973.233948
-286 73.094574 970.523804
-286 75.521004 967.682800
-286 77.795425 964.718750
-286 79.911613 961.639648
-286 81.863747 958.454102
-286 83.646477 955.170715
-286 85.254929 951.798523
-286 86.684692 948.346741
-286 87.931847 944.824890
-286 88.992966 941.242615
-286 89.865150 937.609680
-286 90.546021 933.936096
-286 91.033684 930.231934
-286 91.326820 926.507324
-286 91.424622 922.772461
-286 91.326820 919.037598
-286 91.033691 915.312927
-286 90.546028 911.608765
-286 89.865173 907.935181
-286 88.992989 904.302246
-286 87.931870 900.719971
-286 86.684723 897.198120
-286 85.254959 893.746338
-286 83.646515 890.374146
-286 81.863785 887.090759
-286 79.911652 883.905212
-286 77.795479 880.826111
-286 75.521057 877.862061
-286 73.094635 875.021057
-286 70.522842 872.310974
-286 67.812744 869.739136
-286 64.971756 867.312744
-286 62.007675 865.038269
-286 58.928627 862.922119
-286 55.743042 860.969971
-286 52.459656 859.187256
-286 49.087463 857.578735
-286 45.635719 856.148987
-286 42.113876 854.901855
-286 38.531586 853.840698
-286 34.898670 852.968506
-286 31.225086 852.287659
-286 27.520905 851.799988
-286 23.796276 851.506836
-286 20.061411 851.409058
-286 16.326544 851.506836
-286 12.601914 851.799927
-286 8.897731 852.287598
-286 5.224144 852.968445
-286 1.591225 853.840637
-286 -1.991068 854.901733
-286 -5.512918 856.148865
-286 -8.964670 857.578613
-286 -12.336866 859.187073
-286 -15.620260 860.969788
-286 -18.805853 862.921936
-286 -21.884916 865.038086
-286 -24.849009 867.312500
-286 -27.690004 869.738953
-286 -30.400118 872.310730
-286 -32.971924 875.020813
-286 -35.398361 877.861816
-286 -37.672806 880.825867
-286 -39.789001 883.904968
-286 -41.741150 887.090515
-286 -43.523903 890.373962
-286 -45.132370 893.746155
-286 -46.562141 897.197937
-286 -47.809303 900.719788
-286 -48.870438 904.302063
-286 -49.742638 907.934998
-286 -50.423508 911.608582
-286 -50.911179 915.312805
-286 -51.204315 919.037476
-286 -51.302124 922.772339
-286 -51.204323 926.507202
-286 -50.911194 930.231873
-286 -50.423531 933.936035
-286 -49.742668 937.609680
-286 -48.870476 941.242615
-286 -47.809349 944.824890
-286 -46.562195 948.346741
-286 -45.132423 951.798523
-286 -43.523964 955.170715
-286 -41.741219 958.454163
-286 -39.789078 961.639771
-286 -37.672882 964.718811
-286 -35.398445 967.682922
-286 -32.972000 970.523926
-286 -30.400187 973.234009
-286 -27.690069 975.805786
-286 -24.849058 978.232239
-286 -21.884958 980.506653
-286 -18.805883 982.622864
-286 -15.620275 984.575012
-286 -12.336866 986.357727
-286 -8.964653 987.966187
-286 -5.512886 989.395935
-286 -1.991018 990.643066
-286 1.591291 991.704224
-286 5.224228 992.576355
-286 8.897833 993.257202
-286 12.602035 993.744873
-286 16.326683 994.037964
-256 11.291403 985.289734
-256 15.698769 985.174316
-256 20.094053 984.828430
-256 24.465212 984.252930
-256 28.800261 983.449463
-256 33.087318 982.420227
-256 37.314636 981.168091
-256 41.470627 979.696350
-256 45.543900 978.009155
-256 49.523285 976.111084
-256 53.397881 974.007324
-256 57.157066 971.703735
-256 60.790535 969.206482
-256 64.288330 966.522522
-256 67.640869 963.659180
-256 70.838951 960.624329
-256 73.873825 957.426270
-256 76.737160 954.073730
-256 79.421112 950.575928
-256 81.918335 946.942444
-256 84.221962 943.183228
-256 86.325691 939.308655
-256 88.223763 935.329285
-256 89.910965 931.256042
-256 91.382675 927.100037
-256 92.634865 922.872742
-256 93.664093 918.585693
-256 94.467552 914.250610
-256 95.043022 909.879456
-256 95.388947 905.484192
-256 95.504356 901.076843
-256 95.388947 896.669495
-256 95.043037 892.274170
-256 94.467567 887.903015
-256 93.664116 883.567993
-256 92.634888 879.280945
-256 91.382706 875.053650
-256 89.910995 870.897644
-256 88.223801 866.824341
-256 86.325737 862.844971
-256 84.222008 858.970398
-256 81.918381 855.211182
-256 79.421173 851.577759
-256 76.737228 848.079956
-256 73.873901 844.727417
-256 70.839035 841.529297
-256 67.640961 838.494446
-256 64.288429 835.631104
-256 60.790642 832.947144
-256 57.157181 830.449951
-256 53.398003 828.146301
-256 49.523415 826.042542
-256 45.544037 824.144470
-256 41.470772 822.457275
-256 37.314793 820.985535
-256 33.087482 819.733337
-256 28.800430 818.704102
-256 24.465387 817.900635
-256 20.094236 817.325195
-256 15.698956 816.979248
-256 11.291596 816.863831
-256 6.884235 816.979248
-256 2.488955 817.325134
-256 -1.882199 817.900574
-256 -6.217245 818.704041
-256 -10.504301 819.733276
-256 -14.731617 820.985413
-256 -18.887608 822.457153
-256 -22.960878 824.144348
-256 -26.940264 826.042358
-256 -30.814863 828.146118
-256 -34.574051 830.449707
-256 -38.207520 832.946899
-256 -41.705322 835.630859
-256 -45.057869 838.494202
-256 -48.255959 841.529053
-256 -51.290833 844.727112
-256 -54.154175 848.079651
-256 -56.838150 851.577454
-256 -59.335388 855.210938
-256 -61.639030 858.970093
-256 -63.742783 862.844727
-256 -65.640869 866.824097
-256 -67.328094 870.897400
-256 -68.799820 875.053406
-256 -70.052017 879.280701
-256 -71.081261 883.567810
-256 -71.884727 887.902832
-256 -72.460205 892.274048
-256 -72.806129 896.669312
-256 -72.921547 901.076721
-256 -72.806137 905.484070
-256 -72.460228 909.879395
-256 -71.884750 914.250549
-256 -71.081291 918.585632
-256 -70.052055 922.872681
-256 -68.799866 927.100037
-256 -67.328148 931.256042
-256 -65.640938 935.329285
-256 -63.742859 939.308716
-256 -61.639114 943.183350
-256 -59.335472 946.942505
-256 -56.838242 950.575989
-256 -54.154274 954.073792
-256 -51.290924 957.426331
-256 -48.256042 960.624451
-256 -45.057945 963.659302
-256 -41.705383 966.522644
-256 -38.207573 969.206604
-256 -34.574081 971.703796
-256 -30.814878 974.007446
-256 -26.940264 976.111206
-256 -22.960855 978.009277
-256 -18.887569 979.696411
-256 -14.731560 981.168152
-256 -10.504225 982.420349
-256 -6.217146 983.449524
-256 -1.882079 984.252991
-256 2.489096 984.828430
-256 6.884398 985.174316
-226 17.735970 1047.297852
-226 24.258694 1047.127075
-226 30.763536 1046.615112
-226 37.232674 1045.763428
-226 43.648373 1044.574341
-226 49.993046 1043.051147
-226 56.249306 1041.197998
-226 62.400002 1039.019897
-226 68.428276 1036.522827
-226 74.317612 1033.713745
-226 80.051849 1030.600342
-226 85.615295 1027.191040
-226 90.992683 1023.495300
-226 96.169281 1019.523132
-226 101.130905 1015.285522
-226 105.863937 1010.794067
-226 110.355431 1006.061035
-226 114.593048 1001.099365
-226 118.565186 995.922791
-226 122.260971 990.545410
-226 125.670250 984.981934
-226 128.783691 979.247742
-226 131.592743 973.358398
-226 134.089752 967.330139
-226 136.267822 961.179443
-226 138.121002 954.923157
-226 139.644226 948.578491
-226 140.833313 942.162842
-226 141.684982 935.693726
-226 142.196930 929.188843
-226 142.367737 922.666138
-226 142.196930 916.143433
-226 141.684998 909.638611
-226 140.833328 903.169434
-226 139.644257 896.753784
-226 138.121033 890.409119
-226 136.267853 884.152832
-226 134.089783 878.002136
-226 131.592804 871.973877
-226 128.783752 866.084534
-226 125.670319 860.350342
-226 122.261047 854.786865
-226 118.565277 849.409485
-226 114.593140 844.232910
-226 110.355537 839.271240
-226 105.864059 834.538208
-226 101.131035 830.046753
-226 96.169426 825.809143
-226 90.992844 821.836975
-226 85.615471 818.141174
-226 80.052040 814.731934
-226 74.317802 811.618469
-226 68.428482 808.809387
-226 62.400219 806.312378
-226 56.249535 804.134277
-226 49.993286 802.281128
-226 43.648621 800.757874
-226 37.232933 799.568787
-226 30.763807 798.717102
-226 24.258970 798.205139
-226 17.736256 798.034302
-226 11.213540 798.205078
-226 4.708701 798.717041
-226 -1.760429 799.568665
-226 -8.176123 800.757751
-226 -14.520794 802.280945
-226 -20.777050 804.134155
-226 -26.927746 806.312195
-226 -32.956020 808.809143
-226 -38.845356 811.618225
-226 -44.579601 814.731628
-226 -50.143044 818.140869
-226 -55.520439 821.836670
-226 -60.697044 825.808777
-226 -65.658676 830.046387
-226 -70.391724 834.537842
-226 -74.883217 839.270874
-226 -79.120850 844.232422
-226 -83.093018 849.409058
-226 -86.788834 854.786438
-226 -90.198135 860.349915
-226 -93.311600 866.084167
-226 -96.120689 871.973511
-226 -98.617706 878.001770
-226 -100.795807 884.152527
-226 -102.649010 890.408752
-226 -104.172256 896.753479
-226 -105.361343 903.169189
-226 -106.213036 909.638367
-226 -106.724983 916.143188
-226 -106.895798 922.665955
-226 -106.724998 929.188721
-226 -106.213058 935.693542
-226 -105.361382 942.162720
-226 -104.172295 948.578430
-226 -102.649071 954.923157
-226 -100.795883 961.179443
-226 -98.617798 967.330139
-226 -96.120789 973.358459
-226 -93.311714 979.247803
-226 -90.198250 984.982056
-226 -86.788956 990.545532
-226 -83.093163 995.922913
-226 -79.120995 1001.099548
-226 -74.883347 1006.061157
-226 -70.391838 1010.794189
-226 -65.658783 1015.285706
-226 -60.697136 1019.523315
-226 -55.520515 1023.495483
-226 -50.143097 1027.191284
-226 -44.579628 1030.600586
-226 -38.845352 1033.713989
-226 -32.955990 1036.522949
-226 -26.927689 1039.020020
-226 -20.776966 1041.197998
-226 -14.520679 1043.051270
-226 -8.175976 1044.574463
-226 -1.760250 1045.763550
-226 4.708911 1046.615112
-226 11.213780 1047.127075
-196 15.367899 1079.469971
-196 22.754665 1079.276611
-196 30.121183 1078.696777
-196 37.447266 1077.732300
-196 44.712830 1076.385742
-196 51.897957 1074.660645
-196 58.982964 1072.562012
-196 65.948418 1070.095459
-196 72.775246 1067.267700
-196 79.444717 1064.086548
-196 85.938553 1060.560669
-196 92.238968 1056.699707
-196 98.328674 1052.514404
-196 104.191002 1048.016113
-196 109.809868 1043.217163
-196 115.169876 1038.130615
-196 120.256340 1032.770630
-196 125.055298 1027.151733
-196 129.553619 1021.289429
-196 133.738968 1015.199707
-196 137.599869 1008.899292
-196 141.125732 1002.405518
-196 144.306900 995.736023
-196 147.134674 988.909241
-196 149.601257 981.943787
-196 151.699936 974.858765
-196 153.424927 967.673645
-196 154.771530 960.408081
-196 155.736023 953.082031
-196 156.315781 945.715515
-196 156.509216 938.328735
-196 156.315796 930.942017
-196 155.736038 923.575500
-196 154.771545 916.249390
-196 153.424957 908.983826
-196 151.699982 901.798706
-196 149.601303 894.713745
-196 147.134720 887.748291
-196 144.306961 880.921448
-196 141.125793 874.252014
-196 137.599945 867.758179
-196 133.739059 861.457764
-196 129.553726 855.368042
-196 125.055412 849.505737
-196 120.256462 843.886841
-196 115.170013 838.526855
-196 109.810020 833.440369
-196 104.191170 828.641418
-196 98.328865 824.143066
-196 92.239159 819.957764
-196 85.938766 816.096802
-196 79.444931 812.570984
-196 72.775475 809.389771
-196 65.948669 806.562012
-196 58.983223 804.095398
-196 51.898232 801.996704
-196 44.713112 800.271729
-196 37.447563 798.925110
-196 30.121490 797.960571
-196 22.754980 797.380798
-196 15.368223 797.187378
-196 7.981465 797.380798
-196 0.614953 797.960510
-196 -6.711121 798.924988
-196 -13.976681 800.271545
-196 -21.161806 801.996582
-196 -28.246809 804.095215
-196 -35.212265 806.561768
-196 -42.039085 809.389526
-196 -48.708565 812.570679
-196 -55.202408 816.096497
-196 -61.502823 819.957397
-196 -67.592537 824.142700
-196 -73.454872 828.640991
-196 -79.073746 833.439941
-196 -84.433769 838.526367
-196 -89.520233 843.886353
-196 -94.319214 849.505188
-196 -98.817566 855.367554
-196 -103.002945 861.457275
-196 -106.863869 867.757690
-196 -110.389763 874.251526
-196 -113.570961 880.921021
-196 -116.398750 887.747864
-196 -118.865379 894.713318
-196 -120.964073 901.798340
-196 -122.689095 908.983521
-196 -124.035698 916.249084
-196 -125.000206 923.575195
-196 -125.579979 930.941772
-196 -125.773415 938.328552
-196 -125.579994 945.715332
-196 -125.000237 953.081848
-196 -124.035744 960.407959
-196 -122.689140 967.673584
-196 -120.964134 974.858704
-196 -118.865456 981.943726
-196 -116.398857 988.909241
-196 -113.571083 995.736084
-196 -110.389893 1002.405579
-196 -106.864006 1008.899414
-196 -103.003090 1015.199829
-196 -98.817726 1021.289612
-196 -94.319382 1027.151978
-196 -89.520386 1032.770752
-196 -84.433907 1038.130859
-196 -79.073875 1043.217285
-196 -73.454971 1048.016235
-196 -67.592621 1052.514648
-196 -61.502876 1056.699951
-196 -55.202438 1060.560791
-196 -48.708557 1064.086670
-196 -42.039055 1067.267822
-196 -35.212204 1070.095581
-196 -28.246714 1072.562134
-196 -21.161676 1074.660889
-196 -13.976513 1076.385864
-196 -6.710918 1077.732422
-196 0.615191 1078.696899
-196 7.981738 1079.276611
-166 16.372765 1103.638184
-166 24.604074 1103.422607
-166 32.812820 1102.776611
-166 40.976509 1101.701782
-166 49.072762 1100.201294
-166 57.079380 1098.279053
-166 64.974426 1095.940430
-166 72.736267 1093.191772
-166 80.343613 1090.040771
-166 87.775620 1086.495850
-166 95.011909 1082.566895
-166 102.032661 1078.264526
-166 108.818619 1073.600708
-166 115.351196 1068.588013
-166 121.612488 1063.240356
-166 127.585304 1057.572388
-166 133.253326 1051.599609
-166 138.600952 1045.338257
-166 143.613586 1038.805664
-166 148.277435 1032.019775
-166 152.579773 1024.999023
-166 156.508759 1017.762695
-166 160.053619 1010.330688
-166 163.204681 1002.723389
-166 165.953308 994.961548
-166 168.291901 987.066528
-166 170.214142 979.059937
-166 171.714691 970.963684
-166 172.789459 962.799988
-166 173.435516 954.591248
-166 173.651062 946.359924
-166 173.435516 938.128662
-166 172.789490 929.919922
-166 171.714722 921.756226
-166 170.214172 913.659973
-166 168.291962 905.653381
-166 165.953339 897.758362
-166 163.204742 889.996521
-166 160.053680 882.389160
-166 156.508820 874.957153
-166 152.579865 867.720886
-166 148.277527 860.700134
-166 143.613678 853.914185
-166 138.601074 847.381592
-166 133.253448 841.120300
-166 127.585464 835.147461
-166 121.612656 829.479492
-166 115.351387 824.131836
-166 108.818832 819.119202
-166 102.032875 814.455322
-166 95.012146 810.153015
-166 87.775864 806.223999
-166 80.343872 802.679077
-166 72.736542 799.528015
-166 64.974716 796.779419
-166 57.079685 794.440796
-166 49.073078 792.518555
-166 40.976837 791.018005
-166 32.813164 789.943176
-166 24.604425 789.297119
-166 16.373125 789.081543
-166 8.141825 789.297119
-166 -0.066916 789.943115
-166 -8.230597 791.017883
-166 -16.326839 792.518433
-166 -24.333458 794.440613
-166 -32.228504 796.779175
-166 -39.990334 799.527771
-166 -47.597679 802.678833
-166 -55.029686 806.223694
-166 -62.265984 810.152649
-166 -69.286743 814.454956
-166 -76.072708 819.118774
-166 -82.605293 824.131348
-166 -88.866592 829.479004
-166 -94.839432 835.146973
-166 -100.507446 841.119751
-166 -105.855095 847.381042
-166 -110.867752 853.913635
-166 -115.531654 860.699585
-166 -119.834007 867.720337
-166 -123.763039 874.956665
-166 -127.307945 882.388672
-166 -130.459045 889.996033
-166 -133.207672 897.757874
-166 -135.546326 905.652954
-166 -137.468567 913.659607
-166 -138.969147 921.755859
-166 -140.043915 929.919617
-166 -140.689972 938.128357
-166 -140.905518 946.359741
-166 -140.689972 954.591064
-166 -140.043945 962.799805
-166 -138.969177 970.963562
-166 -137.468628 979.059814
-166 -135.546387 987.066467
-166 -133.207764 994.961548
-166 -130.459167 1002.723389
-166 -127.308067 1010.330750
-166 -123.763176 1017.762817
-166 -119.834160 1024.999146
-166 -115.531822 1032.019897
-166 -110.867935 1038.805908
-166 -105.855286 1045.338501
-166 -100.507614 1051.599731
-166 -94.839584 1057.572632
-166 -88.866730 1063.240601
-166 -82.605408 1068.588257
-166 -76.072800 1073.600830
-166 -69.286804 1078.264771
-166 -62.266022 1082.567139
-166 -55.029686 1086.496094
-166 -47.597645 1090.040894
-166 -39.990265 1093.192017
-166 -32.228394 1095.940552
-166 -24.333313 1098.279175
-166 -16.326656 1100.201416
-166 -8.230371 1101.701904
-166 -0.066652 1102.776611
-166 8.142128 1103.422607
-136 13.626159 1096.174927
-136 21.702532 1095.963379
-136 29.756767 1095.329590
-136 37.766792 1094.275024
-136 45.710648 1092.802734
-136 53.566559 1090.916626
-136 61.313000 1088.622070
-136 68.928734 1085.925171
-136 76.392883 1082.833496
-136 83.685005 1079.355225
-136 90.785088 1075.500244
-136 97.673691 1071.278931
-136 104.331917 1066.702881
-136 110.741531 1061.784546
-136 116.884964 1056.537598
-136 122.745361 1050.976318
-136 128.306671 1045.115845
-136 133.553650 1038.972412
-136 138.471924 1032.562866
-136 143.048004 1025.904541
-136 147.269348 1019.015991
-136 151.124374 1011.915894
-136 154.602539 1004.623779
-136 157.694290 997.159668
-136 160.391159 989.543945
-136 162.685745 981.797485
-136 164.571793 973.941589
-136 166.044098 965.997742
-136 167.098633 957.987732
-136 167.732529 949.933533
-136 167.944016 941.857117
-136 167.732529 933.780762
-136 167.098663 925.726563
-136 166.044128 917.716553
-136 164.571823 909.772705
-136 162.685791 901.916748
-136 160.391205 894.170349
-136 157.694336 886.554626
-136 154.602600 879.090454
-136 151.124451 871.798340
-136 147.269440 864.698303
-136 143.048096 857.809692
-136 138.472031 851.151428
-136 133.553772 844.741821
-136 128.306824 838.598389
-136 122.745514 832.738037
-136 116.885132 827.176697
-136 110.741714 821.929688
-136 104.332123 817.011414
-136 97.673904 812.435364
-136 90.785316 808.213989
-136 83.685242 804.358948
-136 76.393143 800.880798
-136 68.929001 797.789063
-136 61.313286 795.092163
-136 53.566860 792.797546
-136 45.710957 790.911499
-136 37.767113 789.439148
-136 29.757103 788.384583
-136 21.702877 787.750732
-136 13.626513 787.539185
-136 5.550149 787.750671
-136 -2.504079 788.384521
-136 -10.514094 789.439087
-136 -18.457943 790.911316
-136 -26.313854 792.797363
-136 -34.060291 795.091919
-136 -41.676022 797.788757
-136 -49.140175 800.880493
-136 -56.432289 804.358643
-136 -63.532379 808.213623
-136 -70.420982 812.434937
-136 -77.079224 817.010986
-136 -83.488846 821.929260
-136 -89.632286 827.176208
-136 -95.492699 832.737488
-136 -101.054024 838.597900
-136 -106.301018 844.741272
-136 -111.219322 851.150879
-136 -115.795441 857.809143
-136 -120.016815 864.697754
-136 -123.871872 871.797852
-136 -127.350067 879.089966
-136 -130.441849 886.554138
-136 -133.138748 894.169922
-136 -135.433365 901.916382
-136 -137.319427 909.772339
-136 -138.791748 917.716187
-136 -139.846298 925.726257
-136 -140.480194 933.780518
-136 -140.691696 941.856934
-136 -140.480209 949.933289
-136 -139.846344 957.987549
-136 -138.791794 965.997620
-136 -137.319489 973.941528
-136 -135.433441 981.797424
-136 -133.138840 989.543945
-136 -130.441956 997.159668
-136 -127.350189 1004.623840
-136 -123.872009 1011.916016
-136 -120.016953 1019.016113
-136 -115.795593 1025.904663
-136 -111.219498 1032.562988
-136 -106.301201 1038.972656
-136 -101.054192 1045.116089
-136 -95.492851 1050.976440
-136 -89.632423 1056.537720
-136 -83.488953 1061.784790
-136 -77.079315 1066.703003
-136 -70.421051 1071.279053
-136 -63.532417 1075.500488
-136 -56.432289 1079.355469
-136 -49.140141 1082.833618
-136 -41.675953 1085.925415
-136 -34.060184 1088.622192
-136 -26.313713 1090.916748
-136 -18.457764 1092.802856
-136 -10.513875 1094.275146
-136 -2.503819 1095.329590
-136 5.550447 1095.963501
-106 10.106785 1119.817993
-106 18.773439 1119.591064
-106 27.416338 1118.910889
-106 36.011795 1117.779297
-106 44.536247 1116.199341
-106 52.966328 1114.175415
-106 61.278938 1111.713135
-106 69.451279 1108.819092
-106 77.460968 1105.501465
-106 85.286057 1101.769043
-106 92.905060 1097.632324
-106 100.297134 1093.102417
-106 107.442001 1088.191895
-106 114.320068 1082.914063
-106 120.912506 1077.283691
-106 127.201233 1071.315918
-106 133.169022 1065.027100
-106 138.799484 1058.434692
-106 144.077209 1051.556641
-106 148.987747 1044.411743
-106 153.517609 1037.019653
-106 157.654388 1029.400757
-106 161.386765 1021.575623
-106 164.704483 1013.565979
-106 167.598465 1005.393616
-106 170.060760 997.081055
-106 172.084641 988.650940
-106 173.664566 980.126526
-106 174.796173 971.531067
-106 175.476395 962.888184
-106 175.703339 954.221497
-106 175.476395 945.554871
-106 174.796204 936.911987
-106 173.664597 928.316528
-106 172.084686 919.792114
-106 170.060806 911.362000
-106 167.598511 903.049438
-106 164.704544 894.877075
-106 161.386826 886.867432
-106 157.654480 879.042358
-106 153.517700 871.423340
-106 148.987839 864.031250
-106 144.077332 856.886414
-106 138.799606 850.008301
-106 133.169159 843.415894
-106 127.201401 837.127136
-106 120.912689 831.159363
-106 114.320267 825.528931
-106 107.442215 820.251160
-106 100.297363 815.340637
-106 92.905304 810.810730
-106 85.286316 806.673950
-106 77.461243 802.941589
-106 69.451576 799.623840
-106 61.279243 796.729858
-106 52.966648 794.267517
-106 44.536579 792.243652
-106 36.012138 790.663696
-106 27.416698 789.532104
-106 18.773809 788.851868
-106 10.107165 788.624878
-106 1.440520 788.851807
-106 -7.202372 789.531982
-106 -15.797819 790.663574
-106 -24.322266 792.243469
-106 -32.752342 794.267334
-106 -41.064949 796.729614
-106 -49.237293 799.623535
-106 -57.246983 802.941284
-106 -65.072067 806.673584
-106 -72.691086 810.810364
-106 -80.083145 815.340210
-106 -87.228027 820.250732
-106 -94.106110 825.528442
-106 -100.698563 831.158875
-106 -106.987289 837.126587
-106 -112.955078 843.415283
-106 -118.585571 850.007690
-106 -123.863342 856.885803
-106 -128.773926 864.030701
-106 -133.303818 871.422729
-106 -137.440628 879.041809
-106 -141.173035 886.866882
-106 -144.490784 894.876587
-106 -147.384796 903.048950
-106 -149.847122 911.361572
-106 -151.871033 919.791687
-106 -153.450974 928.316162
-106 -154.582596 936.911682
-106 -155.262817 945.554565
-106 -155.489777 954.221252
-106 -155.262833 962.887939
-106 -154.582642 971.530884
-106 -153.451019 980.126404
-106 -151.871094 988.650879
-106 -149.847214 997.080994
-106 -147.384903 1005.393616
-106 -144.490906 1013.565979
-106 -141.173172 1021.575684
-106 -137.440781 1029.400757
-106 -133.303970 1037.019897
-106 -128.774094 1044.411865
-106 -123.863525 1051.556763
-106 -118.585770 1058.434937
-106 -112.955261 1065.027344
-106 -106.987457 1071.316040
-106 -100.698700 1077.283936
-106 -94.106232 1082.914307
-106 -87.228119 1088.192139
-106 -80.083221 1093.102661
-106 -72.691116 1097.632446
-106 -65.072052 1101.769287
-106 -57.246944 1105.501587
-106 -49.237221 1108.819336
-106 -41.064835 1111.713257
-106 -32.752190 1114.175537
-106 -24.322071 1116.199463
-106 -15.797583 1117.779297
-106 -7.202093 1118.910889
-106 1.440840 1119.591064
-76 11.871578 1051.308472
-76 18.518200 1051.134521
-76 25.146603 1050.612793
-76 31.738623 1049.744995
-76 38.276184 1048.533325
-76 44.741375 1046.981079
-76 51.116470 1045.092773
-76 57.383999 1042.873291
-76 63.526783 1040.328857
-76 69.527985 1037.466431
-76 75.371147 1034.293823
-76 81.040268 1030.819824
-76 86.519791 1027.053833
-76 91.794724 1023.006226
-76 96.850586 1018.688110
-76 101.673523 1014.111328
-76 106.250336 1009.288391
-76 110.568451 1004.232544
-76 114.616043 998.957581
-76 118.382019 993.478088
-76 121.856064 987.808960
-76 125.028641 981.965820
-76 127.891068 975.964600
-76 130.435486 969.821838
-76 132.654938 963.554321
-76 134.543320 957.179199
-76 136.095474 950.714050
-76 137.307144 944.176453
-76 138.175003 937.584473
-76 138.696671 930.956055
-76 138.870712 924.309448
-76 138.696671 917.662842
-76 138.175018 911.034424
-76 137.307159 904.442444
-76 136.095505 897.904907
-76 134.543350 891.439697
-76 132.654968 885.064575
-76 130.435532 878.797058
-76 127.891113 872.654297
-76 125.028702 866.653076
-76 121.856125 860.809937
-76 118.382095 855.140808
-76 114.616135 849.661316
-76 110.568542 844.386353
-76 106.250443 839.330505
-76 101.673660 834.507568
-76 96.850723 829.930786
-76 91.794876 825.612671
-76 86.519958 821.565063
-76 81.040436 817.799072
-76 75.371338 814.325012
-76 69.528183 811.152466
-76 63.526993 808.289978
-76 57.384224 805.745544
-76 51.116707 803.526123
-76 44.741619 801.637695
-76 38.276440 800.085571
-76 31.738886 798.873840
-76 25.146877 798.005981
-76 18.518482 797.484314
-76 11.871870 797.310242
-76 5.225255 797.484253
-76 -1.403142 798.005920
-76 -7.995153 798.873779
-76 -14.532713 800.085449
-76 -20.997898 801.637573
-76 -27.372993 803.525940
-76 -33.640522 805.745361
-76 -39.783302 808.289795
-76 -45.784504 811.152161
-76 -51.627674 814.324707
-76 -57.296795 817.798767
-76 -62.776333 821.564697
-76 -68.051270 825.612305
-76 -73.107132 829.930359
-76 -77.930084 834.507141
-76 -82.506897 839.330078
-76 -86.825027 844.385925
-76 -90.872650 849.660828
-76 -94.638657 855.140381
-76 -98.112732 860.809509
-76 -101.285324 866.652710
-76 -104.147781 872.653931
-76 -106.692230 878.796692
-76 -108.911697 885.064270
-76 -110.800110 891.439392
-76 -112.352280 897.904602
-76 -113.563965 904.442139
-76 -114.431824 911.034180
-76 -114.953506 917.662598
-76 -115.127563 924.309265
-76 -114.953522 930.955933
-76 -114.431854 937.584351
-76 -113.563995 944.176392
-76 -112.352325 950.713989
-76 -110.800171 957.179199
-76 -108.911774 963.554321
-76 -106.692322 969.821838
-76 -104.147888 975.964661
-76 -101.285446 981.965881
-76 -98.112854 987.809082
-76 -94.638794 993.478149
-76 -90.872787 998.957764
-76 -86.825180 1004.232666
-76 -82.507034 1009.288574
-76 -77.930206 1014.111511
-76 -73.107254 1018.688293
-76 -68.051361 1023.006409
-76 -62.776409 1027.054077
-76 -57.296848 1030.819946
-76 -51.627701 1034.294067
-76 -45.784500 1037.466553
-76 -39.783272 1040.328979
-76 -33.640465 1042.873413
-76 -27.372906 1045.092896
-76 -20.997784 1046.981201
-76 -14.532562 1048.533447
-76 -7.994972 1049.744995
-76 -1.402928 1050.612915
-76 5.225501 1051.134521
-46 12.437567 1067.643433
-46 19.495975 1067.458618
-46 26.535038 1066.904541
-46 33.535461 1065.983032
-46 40.478058 1064.696289
-46 47.343788 1063.047974
-46 54.113853 1061.042480
-46 60.769684 1058.685547
-46 67.293037 1055.983521
-46 73.666039 1052.943726
-46 79.871216 1049.574585
-46 85.891563 1045.885376
-46 91.710571 1041.886108
-46 97.312309 1037.587646
-46 102.681404 1033.002075
-46 107.803146 1028.141724
-46 112.663506 1023.019958
-46 117.249146 1017.650879
-46 121.547501 1012.049133
-46 125.546806 1006.230103
-46 129.236069 1000.209778
-46 132.605209 994.004578
-46 135.644958 987.631592
-46 138.347031 981.108276
-46 140.703979 974.452454
-46 142.709351 967.682373
-46 144.357666 960.816650
-46 145.644409 953.874084
-46 146.566040 946.873657
-46 147.120026 939.834595
-46 147.304855 932.776184
-46 147.120026 925.717773
-46 146.566055 918.678711
-46 145.644440 911.678345
-46 144.357697 904.735718
-46 142.709396 897.869995
-46 140.704010 891.099976
-46 138.347076 884.444153
-46 135.645020 877.920776
-46 132.605270 871.547791
-46 129.236145 865.342590
-46 125.546883 859.322266
-46 121.547600 853.503235
-46 117.249252 847.901489
-46 112.663628 842.532410
-46 107.803284 837.410706
-46 102.681549 832.550293
-46 97.312469 827.964661
-46 91.710754 823.666321
-46 85.891747 819.666992
-46 79.871414 815.977722
-46 73.666252 812.608582
-46 67.293259 809.568848
-46 60.769920 806.866760
-46 54.114105 804.509766
-46 47.344055 802.504395
-46 40.478325 800.856079
-46 33.535744 799.569336
-46 26.535332 798.647705
-46 19.496277 798.093689
-46 12.437877 797.908813
-46 5.379475 798.093628
-46 -1.659581 798.647583
-46 -8.659996 799.569214
-46 -15.602587 800.855957
-46 -22.468321 802.504211
-46 -29.238379 804.509583
-46 -35.894211 806.866516
-46 -42.417564 809.568604
-46 -48.790565 812.608337
-46 -54.995743 815.977417
-46 -61.016090 819.666687
-46 -66.835106 823.665955
-46 -72.436844 827.964294
-46 -77.805954 832.549927
-46 -82.927711 837.410217
-46 -87.788071 842.531982
-46 -92.373726 847.901062
-46 -96.672119 853.502808
-46 -100.671448 859.321777
-46 -104.360748 865.342163
-46 -107.729912 871.547363
-46 -110.769707 877.920349
-46 -113.471786 884.443726
-46 -115.828758 891.099609
-46 -117.834175 897.869629
-46 -119.482506 904.735413
-46 -120.769249 911.678040
-46 -121.690880 918.678467
-46 -122.244881 925.717590
-46 -122.429726 932.776001
-46 -122.244896 939.834412
-46 -121.690926 946.873535
-46 -120.769295 953.873962
-46 -119.482552 960.816589
-46 -117.834236 967.682373
-46 -115.828850 974.452454
-46 -113.471886 981.108276
-46 -110.769806 987.631653
-46 -107.730034 994.004700
-46 -104.360878 1000.209900
-46 -100.671585 1006.230225
-46 -96.672272 1012.049255
-46 -92.373886 1017.651001
-46 -87.788216 1023.020142
-46 -82.927841 1028.141846
-46 -77.806076 1033.002197
-46 -72.436943 1037.587891
-46 -66.835190 1041.886230
-46 -61.016144 1045.885498
-46 -54.995766 1049.574829
-46 -48.790558 1052.943970
-46 -42.417526 1055.983643
-46 -35.894150 1058.685791
-46 -29.238287 1061.042725
-46 -22.468195 1063.048096
-46 -15.602427 1064.696289
-46 -8.659803 1065.983032
-46 -1.659354 1066.904663
-46 5.379735 1067.458618
-16 5.252235 1107.887939
-16 13.312931 1107.676880
-16 21.351532 1107.044189
-16 29.346006 1105.991699
-16 37.274441 1104.522217
-16 45.115105 1102.639893
-16 52.846508 1100.349731
-16 60.447456 1097.658081
-16 67.897118 1094.572388
-16 75.175079 1091.100952
-16 82.261383 1087.253418
-16 89.136612 1083.040283
-16 95.781914 1078.473022
-16 102.179085 1073.564331
-16 108.310593 1068.327515
-16 114.159615 1062.776978
-16 119.710144 1056.927979
-16 124.946938 1050.796509
-16 129.855652 1044.399292
-16 134.422852 1037.754028
-16 138.635986 1030.878784
-16 142.483536 1023.792480
-16 145.954941 1016.514526
-16 149.040695 1009.064880
-16 151.732330 1001.463928
-16 154.022461 993.732544
-16 155.904846 985.891907
-16 157.374298 977.963440
-16 158.426788 969.968994
-16 159.059448 961.930420
-16 159.270523 953.869690
-16 159.059448 945.809021
-16 158.426804 937.770447
-16 157.374329 929.776001
-16 155.904877 921.847534
-16 154.022507 914.006897
-16 151.732376 906.275513
-16 149.040741 898.674561
-16 145.955002 891.224915
-16 142.483612 883.946960
-16 138.636078 876.860657
-16 134.422943 869.985413
-16 129.855759 863.340088
-16 124.947052 856.942932
-16 119.710281 850.811401
-16 114.159767 844.962402
-16 108.310760 839.411865
-16 102.179268 834.175110
-16 95.782120 829.266357
-16 89.136826 824.699158
-16 82.261612 820.486023
-16 75.175323 816.638428
-16 67.897377 813.166992
-16 60.447727 810.081299
-16 52.846790 807.389648
-16 45.115402 805.099487
-16 37.274750 803.217041
-16 29.346329 801.747620
-16 21.351866 800.695068
-16 13.313274 800.062439
-16 5.252589 799.851318
-16 -2.808097 800.062378
-16 -10.846691 800.695007
-16 -18.841158 801.747498
-16 -26.769588 803.216919
-16 -34.610249 805.099243
-16 -42.341648 807.389404
-16 -49.942596 810.080994
-16 -57.392258 813.166748
-16 -64.670219 816.638123
-16 -71.756523 820.485657
-16 -78.631760 824.698792
-16 -85.277069 829.265930
-16 -91.674248 834.174622
-16 -97.805763 839.411377
-16 -103.654800 844.961914
-16 -109.205330 850.810913
-16 -114.442146 856.942383
-16 -119.350899 863.339539
-16 -123.918129 869.984863
-16 -128.131317 876.860107
-16 -131.978897 883.946411
-16 -135.450333 891.224426
-16 -138.536118 898.674072
-16 -141.227783 906.275085
-16 -143.517944 914.006470
-16 -145.400345 921.847168
-16 -146.869812 929.775635
-16 -147.922318 937.770142
-16 -148.554977 945.808777
-16 -148.766068 953.869507
-16 -148.554993 961.930176
-16 -147.922348 969.968811
-16 -146.869858 977.963318
-16 -145.400406 985.891785
-16 -143.518021 993.732483
-16 -141.227875 1001.463928
-16 -138.536224 1009.064880
-16 -135.450455 1016.514587
-16 -131.979034 1023.792542
-16 -128.131454 1030.878906
-16 -123.918297 1037.754150
-16 -119.351074 1044.399414
-16 -114.442329 1050.796631
-16 -109.205498 1056.928223
-16 -103.654953 1062.777222
-16 -97.805901 1068.327759
-16 -91.674362 1073.564575
-16 -85.277161 1078.473267
-16 -78.631821 1083.040405
-16 -71.756561 1087.253662
-16 -64.670219 1091.101074
-16 -57.392223 1094.572510
-16 -49.942528 1097.658325
-16 -42.341541 1100.349854
-16 -34.610104 1102.640015
-16 -26.769405 1104.522339
-16 -18.840937 1105.991821
-16 -10.846432 1107.044312
-16 -2.807801 1107.676880
14 18.698544 1086.604736
14 26.361965 1086.404053
14 34.004379 1085.802612
14 41.604847 1084.802002
14 49.142525 1083.404907
14 56.596760 1081.615356
14 63.947117 1079.437988
14 71.173447 1076.879028
14 78.255959 1073.945435
14 85.175217 1070.645020
14 91.912277 1066.987183
14 98.448654 1062.981689
14 104.766449 1058.639526
14 110.848328 1053.972778
14 116.677643 1048.994019
14 122.238388 1043.717041
14 127.515366 1038.156372
14 132.494049 1032.327026
14 137.160843 1026.245117
14 141.502945 1019.927368
14 145.508453 1013.390991
14 149.166367 1006.653931
14 152.466690 999.734680
14 155.400360 992.652161
14 157.959335 985.425842
14 160.136597 978.075500
14 161.926208 970.621277
14 163.323242 963.083618
14 164.323853 955.483154
14 164.925323 947.840759
14 165.126007 940.177307
14 164.925339 932.513916
14 164.323868 924.871521
14 163.323257 917.271057
14 161.926239 909.733398
14 160.136642 902.279175
14 157.959381 894.928772
14 155.400406 887.702454
14 152.466751 880.619995
14 149.166443 873.700684
14 145.508530 866.963684
14 141.503036 860.427307
14 137.160950 854.109497
14 132.494171 848.027588
14 127.515488 842.198303
14 122.238541 836.637573
14 116.677795 831.360596
14 110.848511 826.381897
14 104.766632 821.715088
14 98.448853 817.372986
14 91.912491 813.367493
14 85.175446 809.709534
14 78.256203 806.409180
14 71.173706 803.475525
14 63.947388 800.916504
14 56.597042 798.739258
14 49.142822 796.949646
14 41.605152 795.552612
14 34.004700 794.551941
14 26.362291 793.950500
14 18.698879 793.749756
14 11.035467 793.950439
14 3.393057 794.551880
14 -4.207399 795.552490
14 -11.745073 796.949524
14 -19.199306 798.739075
14 -26.549660 800.916321
14 -33.775993 803.475281
14 -40.858498 806.408936
14 -47.777767 809.709229
14 -54.514820 813.367126
14 -61.051205 817.372620
14 -67.369003 821.714722
14 -73.450897 826.381470
14 -79.280212 831.360107
14 -84.840988 836.637085
14 -90.117950 842.197815
14 -95.096664 848.027100
14 -99.763489 854.109009
14 -104.105621 860.426758
14 -108.111160 866.963135
14 -111.769104 873.700256
14 -115.069443 880.619507
14 -118.003143 887.702026
14 -120.562149 894.928406
14 -122.739441 902.278748
14 -124.529068 909.733032
14 -125.926117 917.270752
14 -126.926743 924.871216
14 -127.528229 932.513672
14 -127.728912 940.177124
14 -127.528244 947.840576
14 -126.926773 955.482971
14 -125.926163 963.083496
14 -124.529129 970.621216
14 -122.739517 978.075439
14 -120.562241 985.425842
14 -118.003250 992.652222
14 -115.069565 999.734741
14 -111.769226 1006.653992
14 -108.111298 1013.391113
14 -104.105774 1019.927490
14 -99.763657 1026.245239
14 -95.096832 1032.327148
14 -90.118103 1038.156494
14 -84.841125 1043.717285
14 -79.280350 1048.994263
14 -73.451004 1053.972900
14 -67.369080 1058.639771
14 -61.051266 1062.981812
14 -54.514851 1066.987305
14 -47.777760 1070.645264
14 -40.858463 1073.945557
14 -33.775928 1076.879272
14 -26.549561 1079.438232
14 -19.199169 1081.615479
14 -11.744902 1083.405029
14 -4.207190 1084.802002
14 3.393304 1085.802612
14 11.035749 1086.404053
44 32.573967 1120.510132
44 41.108242 1120.286621
44 49.619125 1119.616821
44 58.083286 1118.502441
44 66.477531 1116.946777
44 74.778839 1114.953735
44 82.964478 1112.529053
44 91.011993 1109.679199
44 98.899338 1106.412231
44 106.604897 1102.736816
44 114.107529 1098.663330
44 121.386688 1094.202637
44 128.422424 1089.367065
44 135.195435 1084.169922
44 141.687164 1078.625488
44 147.879837 1072.748901
44 153.756470 1066.556152
44 159.300934 1060.064453
44 164.498047 1053.291504
44 169.333557 1046.255737
44 173.794250 1038.976563
44 177.867828 1031.473877
44 181.543182 1023.768372
44 184.810242 1015.881042
44 187.660004 1007.833557
44 190.084686 999.647888
44 192.077667 991.346619
44 193.633453 982.952393
44 194.747772 974.488220
44 195.417603 965.977356
44 195.641083 957.443054
44 195.417633 948.908813
44 194.747803 940.397949
44 193.633484 931.933777
44 192.077698 923.539551
44 190.084747 915.238220
44 187.660065 907.052612
44 184.810303 899.005127
44 181.543274 891.117798
44 177.867920 883.412231
44 173.794342 875.909607
44 169.333679 868.630432
44 164.498169 861.594727
44 159.301056 854.821716
44 153.756607 848.329956
44 147.880005 842.137268
44 141.687347 836.260681
44 135.195618 830.716187
44 128.422638 825.519043
44 121.386917 820.683533
44 114.107773 816.222839
44 106.605148 812.149292
44 98.899612 808.473877
44 91.012283 805.206848
44 82.964783 802.357056
44 74.779160 799.932312
44 66.477859 797.939331
44 58.083626 796.383545
44 49.619476 795.269226
44 41.108604 794.599365
44 32.574341 794.375854
44 24.040077 794.599365
44 15.529202 795.269104
44 7.065048 796.383423
44 -1.329189 797.939209
44 -9.630501 799.932129
44 -17.816135 802.356812
44 -25.863651 805.206543
44 -33.750992 808.473572
44 -41.456551 812.148926
44 -48.959183 816.222473
44 -56.238350 820.683105
44 -63.274086 825.518616
44 -70.047112 830.715698
44 -76.538857 836.260193
44 -82.731537 842.136780
44 -88.608170 848.329407
44 -94.152649 854.821106
44 -99.349800 861.594116
44 -104.185371 868.629883
44 -108.646080 875.909058
44 -112.719704 883.411682
44 -116.395103 891.117249
44 -119.662178 899.004639
44 -122.511986 907.052185
44 -124.936699 915.237793
44 -126.929695 923.539185
44 -128.485504 931.933411
44 -129.599823 940.397644
44 -130.269653 948.908508
44 -130.493164 957.442810
44 -130.269684 965.977173
44 -129.599884 974.488037
44 -128.485535 982.952271
44 -126.929756 991.346497
44 -124.936775 999.647888
44 -122.512077 1007.833496
44 -119.662300 1015.881104
44 -116.395226 1023.768433
44 -112.719856 1031.473999
44 -108.646233 1038.976685
44 -104.185539 1046.255859
44 -99.349998 1053.291626
44 -94.152847 1060.064697
44 -88.608345 1066.556396
44 -82.731697 1072.749023
44 -76.539009 1078.625732
44 -70.047226 1084.170166
44 -63.274178 1089.367310
44 -56.238419 1094.202759
44 -48.959221 1098.663452
44 -41.456543 1102.737061
44 -33.750954 1106.412476
44 -25.863579 1109.679443
44 -17.816021 1112.529175
44 -9.630352 1114.953857
44 -1.328999 1116.946777
44 7.065281 1118.502563
44 15.529476 1119.616943
44 24.040390 1120.286621
74 29.261604 1147.342163
74 38.462814 1147.101196
74 47.638805 1146.379028
74 56.764427 1145.177612
74 65.814667 1143.500244
74 74.764709 1141.351563
74 83.590042 1138.737427
74 92.266449 1135.664917
74 100.770180 1132.142578
74 109.077904 1128.179932
74 117.166855 1123.788086
74 125.014870 1118.978760
74 132.600433 1113.765381
74 139.902740 1108.162109
74 146.901794 1102.184326
74 153.578400 1095.848511
74 159.914276 1089.171875
74 165.892029 1082.172852
74 171.495300 1074.870483
74 176.708710 1067.284912
74 181.517975 1059.436890
74 185.909912 1051.348022
74 189.872498 1043.040283
74 193.394836 1034.536499
74 196.467316 1025.860107
74 199.081482 1017.034851
74 201.230194 1008.084778
74 202.907593 999.034546
74 204.108978 989.908936
74 204.831146 980.732971
74 205.072113 971.531799
74 204.831177 962.330566
74 204.109009 953.154602
74 202.907623 944.028992
74 201.230255 934.978760
74 199.081543 926.028687
74 196.467377 917.203369
74 193.394897 908.526978
74 189.872559 900.023254
74 185.910004 891.715576
74 181.518066 883.626587
74 176.708801 875.778564
74 171.495422 868.193054
74 165.892151 860.890747
74 159.914429 853.891663
74 153.578583 847.215088
74 146.901978 840.879150
74 139.902954 834.901428
74 132.600647 829.298157
74 125.015106 824.084717
74 117.167114 819.275452
74 109.078178 814.883545
74 100.770470 810.920898
74 92.266762 807.398560
74 83.590363 804.326050
74 74.765045 801.711853
74 65.815018 799.563110
74 56.764793 797.885742
74 47.639187 796.684326
74 38.463207 795.962158
74 29.262009 795.721191
74 20.060806 795.962097
74 10.884825 796.684204
74 1.759212 797.885620
74 -7.291019 799.562988
74 -16.241062 801.711670
74 -25.066383 804.325806
74 -33.742798 807.398254
74 -42.246521 810.920593
74 -50.554253 814.883179
74 -58.643204 819.275085
74 -66.491219 824.084290
74 -74.076782 829.297668
74 -81.379105 834.900940
74 -88.378174 840.878662
74 -95.054802 847.214478
74 -101.390678 853.891052
74 -107.368446 860.890076
74 -112.971748 868.192444
74 -118.185219 875.777954
74 -122.994514 883.625977
74 -127.386497 891.714966
74 -131.349121 900.022705
74 -134.871490 908.526489
74 -137.944000 917.202881
74 -140.558228 926.028259
74 -142.706970 934.978333
74 -144.384338 944.028625
74 -145.585754 953.154236
74 -146.307953 962.330261
74 -146.548889 971.531494
74 -146.307953 980.732727
74 -145.585815 989.908752
74 -144.384399 999.034424
74 -142.707031 1008.084717
74 -140.558289 1017.034790
74 -137.944122 1025.860107
74 -134.871613 1034.536621
74 -131.349243 1043.040283
74 -127.386650 1051.348145
74 -122.994682 1059.437012
74 -118.185387 1067.285034
74 -112.971962 1074.870728
74 -107.368660 1082.172974
74 -101.390862 1089.172119
74 -95.054970 1095.848633
74 -88.378334 1102.184570
74 -81.379234 1108.162354
74 -74.076889 1113.765625
74 -66.491295 1118.979004
74 -58.643242 1123.788330
74 -50.554245 1128.180176
74 -42.246483 1132.142822
74 -33.742722 1135.665161
74 -25.066265 1138.737549
74 -16.240898 1141.351807
74 -7.290810 1143.500488
74 1.759464 1145.177734
74 10.885120 1146.379150
74 20.061146 1147.101318
104 35.221451 1134.372559
104 43.936787 1134.144287
104 52.628231 1133.460327
104 61.271969 1132.322266
104 69.844299 1130.733521
104 78.321732 1128.698242
104 86.681030 1126.222168
104 94.899284 1123.311890
104 102.953964 1119.975586
104 110.822998 1116.222168
104 118.484802 1112.062134
104 125.918396 1107.506836
104 133.103394 1102.568726
104 140.020096 1097.261353
104 146.649567 1091.599243
104 152.973602 1085.598022
104 158.974915 1079.273926
104 164.637009 1072.644531
104 169.944382 1065.727783
104 174.882507 1058.542725
104 179.437820 1051.109131
104 183.597824 1043.447388
104 187.351166 1035.578369
104 190.687515 1027.523682
104 193.597748 1019.305420
104 196.073883 1010.946167
104 198.109131 1002.468750
104 199.697922 993.896423
104 200.835892 985.252686
104 201.519928 976.561218
104 201.748154 967.845947
104 201.519943 959.130615
104 200.835922 950.439148
104 199.697952 941.795410
104 198.109177 933.223083
104 196.073929 924.745667
104 193.597794 916.386414
104 190.687576 908.168152
104 187.351227 900.113464
104 183.597916 892.244446
104 179.437897 884.582642
104 174.882599 877.149048
104 169.944504 869.964050
104 164.637131 863.047363
104 158.975067 856.417847
104 152.973785 850.093811
104 146.649750 844.092529
104 140.020294 838.430420
104 133.103607 833.123047
104 125.918625 828.184937
104 118.485054 823.629639
104 110.823250 819.469604
104 102.954239 815.716248
104 94.899582 812.379883
104 86.681335 809.469604
104 78.322052 806.993469
104 69.844635 804.958191
104 61.272316 803.369385
104 52.628593 802.231445
104 43.937157 801.547363
104 35.221832 801.319092
104 26.506508 801.547363
104 17.815069 802.231323
104 9.171343 803.369263
104 0.599014 804.958069
104 -7.878414 806.993286
104 -16.237709 809.469360
104 -24.455959 812.379578
104 -32.510643 815.715942
104 -40.379669 819.469238
104 -48.041481 823.629272
104 -55.475075 828.184509
104 -62.660080 833.122620
104 -69.576797 838.429932
104 -76.206276 844.092041
104 -82.530342 850.093262
104 -88.531647 856.417297
104 -94.193756 863.046753
104 -99.501175 869.963501
104 -104.439331 877.148499
104 -108.994675 884.582092
104 -113.154724 892.243896
104 -116.908096 900.112976
104 -120.244492 908.167664
104 -123.154755 916.385925
104 -125.630905 924.745239
104 -127.666183 933.222717
104 -129.254990 941.795044
104 -130.392975 950.438843
104 -131.077026 959.130310
104 -131.305252 967.845642
104 -131.077042 976.561035
104 -130.393021 985.252502
104 -129.255051 993.896301
104 -127.666245 1002.468628
104 -125.630997 1010.946106
104 -123.154846 1019.305420
104 -120.244598 1027.523682
104 -116.908234 1035.578369
104 -113.154877 1043.447510
104 -108.994827 1051.109253
104 -104.439499 1058.542969
104 -99.501358 1065.727905
104 -94.193954 1072.644653
104 -88.531822 1079.274170
104 -82.530502 1085.598145
104 -76.206429 1091.599487
104 -69.576920 1097.261597
104 -62.660179 1102.568970
104 -55.475143 1107.507080
104 -48.041519 1112.062378
104 -40.379669 1116.222412
104 -32.510597 1119.975708
104 -24.455887 1123.312134
104 -16.237595 1126.222290
104 -7.878262 1128.698486
104 0.599213 1130.733643
104 9.171581 1132.322388
104 17.815350 1133.460327
104 26.506828 1134.144287
134 17.388126 1099.296631
134 25.237743 1099.091064
134 33.065845 1098.474976
134 40.850975 1097.449951
134 48.571800 1096.019043
134 56.207146 1094.185913
134 63.736095 1091.955811
134 71.138000 1089.334595
134 78.392593 1086.329712
134 85.479965 1082.949219
134 92.380707 1079.202393
134 99.075912 1075.099609
134 105.547195 1070.651978
134 111.776855 1065.871826
134 117.747803 1060.772095
134 123.443649 1055.366943
134 128.848831 1049.671021
134 133.948502 1043.700073
134 138.728683 1037.470459
134 143.176285 1030.999146
134 147.279099 1024.303955
134 151.025894 1017.403259
134 154.406387 1010.315857
134 157.411331 1003.061279
134 160.032486 995.659424
134 162.262665 988.130432
134 164.095734 980.495117
134 165.526718 972.774292
134 166.551651 964.989197
134 167.167740 957.161072
134 167.373291 949.311462
134 167.167740 941.461853
134 166.551666 933.633789
134 165.526749 925.848633
134 164.095779 918.127869
134 162.262711 910.492493
134 160.032532 902.963562
134 157.411392 895.561646
134 154.406448 888.307068
134 151.025955 881.219727
134 147.279175 874.318970
134 143.176361 867.623779
134 138.728790 861.152466
134 133.948608 854.922852
134 128.848969 848.951904
134 123.443802 843.256042
134 117.747955 837.850830
134 111.777023 832.751160
134 105.547394 827.971008
134 99.076111 823.523376
134 92.380936 819.420532
134 85.480209 815.673767
134 78.392838 812.293213
134 71.138268 809.288269
134 63.736370 806.667114
134 56.207436 804.436890
134 48.572098 802.603821
134 40.851288 801.172852
134 33.066170 800.147888
134 25.238079 799.531799
134 17.388472 799.326233
134 9.538862 799.531738
134 1.710767 800.147827
134 -6.074356 801.172729
134 -13.795172 802.603699
134 -21.430515 804.436768
134 -28.959461 806.666931
134 -36.361370 809.288025
134 -43.615959 812.292969
134 -50.703335 815.673462
134 -57.604084 819.420227
134 -64.299271 823.523010
134 -70.770569 827.970581
134 -77.000244 832.750732
134 -82.971191 837.850403
134 -88.667068 843.255554
134 -94.072250 848.951355
134 -99.171936 854.922302
134 -103.952148 861.151978
134 -108.399780 867.623230
134 -112.502640 874.318481
134 -116.249466 881.219238
134 -119.630005 888.306641
134 -122.634979 895.561218
134 -125.256149 902.963135
134 -127.486359 910.492126
134 -129.319458 918.127502
134 -130.750443 925.848328
134 -131.775391 933.633484
134 -132.391479 941.461609
134 -132.597046 949.311279
134 -132.391495 957.160889
134 -131.775421 964.989014
134 -130.750488 972.774170
134 -129.319519 980.495056
134 -127.486420 988.130432
134 -125.256241 995.659363
134 -122.635086 1003.061340
134 -119.630112 1010.315918
134 -116.249603 1017.403320
134 -112.502777 1024.304077
134 -108.399933 1030.999268
134 -103.952316 1037.470581
134 -99.172104 1043.700317
134 -94.072418 1049.671265
134 -88.667221 1055.367065
134 -82.971329 1060.772339
134 -77.000351 1065.871948
134 -70.770660 1070.652100
134 -64.299347 1075.099731
134 -57.604115 1079.202637
134 -50.703335 1082.949341
134 -43.615921 1086.329834
134 -36.361305 1089.334839
134 -28.959358 1091.955933
134 -21.430378 1094.186035
134 -13.794994 1096.019165
134 -6.074142 1097.450073
134 1.711020 1098.474976
134 9.539151 1099.091064
164 8.022950 1061.004395
164 14.778463 1060.827515
164 21.515461 1060.297363
164 28.215477 1059.415283
164 34.860146 1058.183716
164 41.431252 1056.606201
164 47.910793 1054.686890
164 54.281002 1052.431030
164 60.524422 1049.844971
164 66.623947 1046.935547
164 72.562836 1043.711060
164 78.324837 1040.180054
164 83.894135 1036.352417
164 89.255478 1032.238525
164 94.394180 1027.849609
164 99.296127 1023.197876
164 103.947922 1018.295898
164 108.336777 1013.157227
164 112.450684 1007.795898
164 116.278358 1002.226563
164 119.809319 996.464539
164 123.033867 990.525696
164 125.943184 984.426147
164 128.529297 978.182739
164 130.785110 971.812561
164 132.704437 965.333008
164 134.282013 958.761902
164 135.513535 952.117249
164 136.395599 945.417236
164 136.925827 938.680237
164 137.102722 931.924744
164 136.925827 925.169250
164 136.395615 918.432251
164 135.513565 911.732239
164 134.282043 905.087585
164 132.704468 898.516479
164 130.785141 892.036926
164 128.529343 885.666748
164 125.943237 879.423340
164 123.033928 873.323792
164 119.809387 867.384949
164 116.278435 861.622925
164 112.450775 856.053650
164 108.336876 850.692261
164 103.948036 845.553589
164 99.296265 840.651611
164 94.394318 835.999817
164 89.255638 831.610962
164 83.894302 827.497070
164 78.325012 823.669373
164 72.563026 820.138428
164 66.624146 816.913879
164 60.524639 814.004517
164 54.281231 811.418396
164 47.911034 809.162598
164 41.431503 807.243286
164 34.860405 805.665649
164 28.215748 804.434143
164 21.515739 803.552063
164 14.778751 803.021851
164 8.023247 802.844910
164 1.267740 803.021790
164 -5.469251 803.552002
164 -12.169259 804.434021
164 -18.813923 805.665527
164 -25.385033 807.243103
164 -31.864567 809.162415
164 -38.234776 811.418213
164 -44.478199 814.004272
164 -50.577717 816.913574
164 -56.516617 820.138123
164 -62.278610 823.669067
164 -67.847923 827.496704
164 -73.209274 831.610596
164 -78.347977 835.999451
164 -83.249947 840.651184
164 -87.901733 845.553162
164 -92.290611 850.691833
164 -96.404541 856.053162
164 -100.232254 861.622498
164 -103.763237 867.384521
164 -106.987816 873.323425
164 -109.897163 879.422913
164 -112.483299 885.666382
164 -114.739128 892.036621
164 -116.658470 898.516174
164 -118.236076 905.087280
164 -119.467613 911.731995
164 -120.349686 918.432007
164 -120.879913 925.169006
164 -121.056824 931.924561
164 -120.879929 938.680115
164 -120.349716 945.417114
164 -119.467651 952.117188
164 -118.236122 958.761841
164 -116.658539 965.333008
164 -114.739204 971.812561
164 -112.483391 978.182800
164 -109.897263 984.426208
164 -106.987930 990.525757
164 -103.763359 996.464661
164 -100.232384 1002.226685
164 -96.404686 1007.796021
164 -92.290764 1013.157349
164 -87.901878 1018.296082
164 -83.250069 1023.197998
164 -78.348099 1027.849854
164 -73.209366 1032.238647
164 -67.848000 1036.352539
164 -62.278664 1040.180298
164 -56.516640 1043.711182
164 -50.577713 1046.935791
164 -44.478165 1049.845093
164 -38.234718 1052.431152
164 -31.864479 1054.687012
164 -25.384911 1056.606323
164 -18.813770 1058.183838
164 -12.169074 1059.415405
164 -5.469033 1060.297363
164 1.267990 1060.827637
194 15.343993 1039.389893
194 21.669151 1039.224243
194 27.976971 1038.727783
194 34.250164 1037.901978
194 40.471539 1036.748901
194 46.624039 1035.271851
194 52.690804 1033.474731
194 58.655201 1031.362671
194 64.500885 1028.941284
194 70.211838 1026.217285
194 75.772400 1023.198120
194 81.167336 1019.892151
194 86.381844 1016.308289
194 91.401649 1012.456482
194 96.212990 1008.347168
194 100.802666 1003.991760
194 105.158112 999.402100
194 109.267380 994.590759
194 113.119209 989.570923
194 116.703049 984.356445
194 120.009071 978.961487
194 123.028206 973.400940
194 125.752182 967.690002
194 128.173538 961.844299
194 130.285645 955.879883
194 132.082703 949.813171
194 133.559784 943.660645
194 134.712845 937.439270
194 135.538727 931.166138
194 136.035172 924.858276
194 136.200806 918.533142
194 136.035172 912.208008
194 135.538742 905.900208
194 134.712875 899.627014
194 133.559814 893.405640
194 132.082733 887.253113
194 130.285675 881.186401
194 128.173584 875.221985
194 125.752235 869.376282
194 123.028259 863.665344
194 120.009132 858.104797
194 116.703125 852.709839
194 113.119293 847.495361
194 109.267471 842.475525
194 105.158218 837.664185
194 100.802788 833.074524
194 96.213120 828.719116
194 91.401794 824.609802
194 86.382004 820.757996
194 81.167496 817.174133
194 75.772575 813.868103
194 70.212029 810.848999
194 64.501091 808.125000
194 58.655415 805.703613
194 52.691029 803.591492
194 46.624271 801.794434
194 40.471783 800.317322
194 34.250416 799.164246
194 27.977232 798.338379
194 21.669420 797.841919
194 15.344271 797.676270
194 9.019121 797.841919
194 2.711307 798.338318
194 -3.561881 799.164185
194 -9.783252 800.317200
194 -15.935748 801.794312
194 -22.002510 803.591309
194 -27.966908 805.703430
194 -33.812592 808.124756
194 -39.523548 810.848755
194 -45.084110 813.867859
194 -50.479042 817.173828
194 -55.693558 820.757690
194 -60.713371 824.609497
194 -65.524719 828.718750
194 -70.114410 833.074158
194 -74.469856 837.663818
194 -78.579140 842.475098
194 -82.431000 847.494934
194 -86.014870 852.709473
194 -89.320908 858.104370
194 -92.340073 863.664978
194 -95.064079 869.375916
194 -97.485466 875.221619
194 -99.597588 881.186035
194 -101.394661 887.252808
194 -102.871765 893.405334
194 -104.024841 899.626709
194 -104.850731 905.899963
194 -105.347176 912.207764
194 -105.512817 918.532959
194 -105.347191 924.858154
194 -104.850761 931.166016
194 -104.024879 937.439209
194 -102.871811 943.660583
194 -101.394722 949.813110
194 -99.597656 955.879883
194 -97.485550 961.844299
194 -95.064171 967.690002
194 -92.340179 973.401001
194 -89.321022 978.961609
194 -86.014992 984.356506
194 -82.431137 989.571045
194 -78.579285 994.590881
194 -74.469986 999.402222
194 -70.114525 1003.991882
194 -65.524826 1008.347351
194 -60.713463 1012.456604
194 -55.693634 1016.308472
194 -50.479095 1019.892273
194 -45.084133 1023.198303
194 -39.523544 1026.217407
194 -33.812565 1028.941406
194 -27.966854 1031.362793
194 -22.002426 1033.474854
194 -15.935637 1035.271973
194 -9.783109 1036.749023
194 -3.561709 1037.901978
194 2.711510 1038.727905
194 9.019354 1039.224243
224 2.603843 1038.272339
224 9.048771 1038.103516
224 15.476032 1037.597656
224 21.868015 1036.756226
224 28.207193 1035.581299
224 34.476192 1034.076294
224 40.657837 1032.245117
224 46.735172 1030.093018
224 52.691551 1027.625854
224 58.510643 1024.850342
224 64.176491 1021.773987
224 69.673584 1018.405334
224 74.986832 1014.753662
224 80.101692 1010.828857
224 85.004135 1006.641785
224 89.680717 1002.203857
224 94.118645 997.527283
224 98.305717 992.624878
224 102.230484 987.510010
224 105.882187 982.196777
224 109.250809 976.699646
224 112.327110 971.033813
224 115.102669 965.214722
224 117.569885 959.258362
224 119.721977 953.181030
224 121.553062 946.999390
224 123.058113 940.730408
224 124.233017 934.391235
224 125.074539 927.999268
224 125.580376 921.572021
224 125.749146 915.127075
224 125.580383 908.682190
224 125.074554 902.254883
224 124.233040 895.862915
224 123.058144 889.523743
224 121.553101 883.254761
224 119.722015 877.073120
224 117.569931 870.995789
224 115.102722 865.039429
224 112.327171 859.220337
224 109.250877 853.554504
224 105.882263 848.057373
224 102.230576 842.744141
224 98.305817 837.629272
224 94.118752 832.726868
224 89.680847 828.050293
224 85.004265 823.612366
224 80.101837 819.425293
224 74.987000 815.500488
224 69.673752 811.848755
224 64.176674 808.480164
224 58.510834 805.403870
224 52.691757 802.628296
224 46.735390 800.161072
224 40.658062 798.008911
224 34.476429 796.177856
224 28.207441 794.672791
224 21.868271 793.497864
224 15.476299 792.656372
224 9.049046 792.150513
224 2.604126 791.981689
224 -3.840794 792.150452
224 -10.268051 792.656250
224 -16.660025 793.497803
224 -22.999199 794.672668
224 -29.268198 796.177734
224 -35.449837 798.008789
224 -41.527172 800.160828
224 -47.483551 802.628052
224 -53.302643 805.403564
224 -58.968498 808.479858
224 -64.465591 811.848511
224 -69.778847 815.500183
224 -74.893715 819.424927
224 -79.796165 823.611938
224 -84.472763 828.049866
224 -88.910683 832.726440
224 -93.097778 837.628845
224 -97.022575 842.743713
224 -100.674301 848.057007
224 -104.042946 853.554077
224 -107.119278 859.219910
224 -109.894867 865.039063
224 -112.362099 870.995422
224 -114.514221 877.072815
224 -116.345322 883.254456
224 -117.850395 889.523438
224 -119.025307 895.862671
224 -119.866837 902.254639
224 -120.372681 908.681946
224 -120.541458 915.126892
224 -120.372696 921.571838
224 -119.866867 927.999146
224 -119.025345 934.391113
224 -117.850441 940.730347
224 -116.345383 946.999390
224 -114.514290 953.181030
224 -112.362190 959.258362
224 -109.894958 965.214783
224 -107.119385 971.033875
224 -104.043060 976.699768
224 -100.674431 982.196838
224 -97.022713 987.510132
224 -93.097923 992.625000
224 -88.910812 997.527466
224 -84.472878 1002.204041
224 -79.796272 1006.641968
224 -74.893799 1010.829041
224 -69.778923 1014.753845
224 -64.465637 1018.405518
224 -58.968525 1021.774170
224 -53.302639 1024.850464
224 -47.483521 1027.625977
224 -41.527119 1030.093262
224 -35.449753 1032.245239
224 -29.268084 1034.076416
224 -22.999054 1035.581421
224 -16.659847 1036.756226
224 -10.267844 1037.597778
224 -3.840557 1038.103516
254 6.022146 1054.665771
254 12.924215 1054.484985
254 19.807367 1053.943359
254 26.652735 1053.042114
254 33.441555 1051.783936
254 40.155216 1050.172119
254 46.775326 1048.211060
254 53.283733 1045.906372
254 59.662598 1043.264160
254 65.894447 1040.291748
254 71.962181 1036.997192
254 77.849182 1033.389648
254 83.539307 1029.478882
254 89.016960 1025.275757
254 94.267136 1020.791687
254 99.275436 1016.039001
254 104.028145 1011.030701
254 108.512215 1005.780518
254 112.715363 1000.302856
254 116.626083 994.612732
254 120.233643 988.725708
254 123.528145 982.658020
254 126.500580 976.426147
254 129.142792 970.047302
254 131.447540 963.538940
254 133.408493 956.918823
254 135.020294 950.205139
254 136.278534 943.416321
254 137.179749 936.570984
254 137.721466 929.687866
254 137.902206 922.785767
254 137.721481 915.883728
254 137.179764 909.000549
254 136.278564 902.155212
254 135.020325 895.366394
254 133.408539 888.652710
254 131.447571 882.032654
254 129.142838 875.524231
254 126.500633 869.145386
254 123.528214 862.913513
254 120.233711 856.845825
254 116.626160 850.958801
254 112.715462 845.268677
254 108.512314 839.791016
254 104.028259 834.540833
254 99.275566 829.532532
254 94.267281 824.779846
254 89.017120 820.295776
254 83.539474 816.092590
254 77.849365 812.181885
254 71.962379 808.574341
254 65.894653 805.279785
254 59.662819 802.307373
254 53.283966 799.665161
254 46.775570 797.360352
254 40.155472 795.399414
254 33.441818 793.787598
254 26.653011 792.529358
254 19.807652 791.628113
254 12.924509 791.086426
254 6.022449 790.905640
254 -0.879613 791.086365
254 -7.762759 791.628052
254 -14.608118 792.529236
254 -21.396935 793.787476
254 -28.110598 795.399292
254 -34.730705 797.360229
254 -41.239109 799.664917
254 -47.617977 802.307129
254 -53.849823 805.279541
254 -59.917561 808.574036
254 -65.804558 812.181580
254 -71.494690 816.092285
254 -76.972351 820.295410
254 -82.222534 824.779419
254 -87.230850 829.532104
254 -91.983559 834.540405
254 -96.467644 839.790527
254 -100.670822 845.268188
254 -104.581573 850.958374
254 -108.189156 856.845337
254 -111.483696 862.913086
254 -114.456154 869.144958
254 -117.098396 875.523865
254 -119.403168 882.032288
254 -121.364151 888.652405
254 -122.975975 895.366089
254 -124.234230 902.154907
254 -125.135445 909.000305
254 -125.677162 915.883484
254 -125.857918 922.785583
254 -125.677193 929.687683
254 -125.135475 936.570862
254 -124.234261 943.416260
254 -122.976021 950.205078
254 -121.364212 956.918762
254 -119.403244 963.538879
254 -117.098488 970.047363
254 -114.456261 976.426208
254 -111.483810 982.658081
254 -108.189285 988.725830
254 -104.581711 994.612854
254 -100.670975 1000.302979
254 -96.467796 1005.780640
254 -91.983696 1011.030823
254 -87.230972 1016.039185
254 -82.222656 1020.791870
254 -76.972443 1025.275879
254 -71.494766 1029.479126
254 -65.804611 1033.389771
254 -59.917583 1036.997314
254 -53.849815 1040.291870
254 -47.617947 1043.264282
254 -41.239052 1045.906494
254 -34.730614 1048.211182
254 -28.110476 1050.172241
254 -21.396778 1051.783936
254 -14.607929 1053.042236
254 -7.762537 1053.943359
254 -0.879359 1054.485107
284 3.941564 1048.679199
284 10.642854 1048.503784
284 17.325775 1047.977783
284 23.972013 1047.102783
284 30.563349 1045.881226
284 37.081711 1044.316284
284 43.509243 1042.412354
284 49.828320 1040.174683
284 56.021629 1037.609253
284 62.072189 1034.723389
284 67.963417 1031.524658
284 73.679169 1028.022095
284 79.203766 1024.225098
284 84.522079 1020.144165
284 89.619530 1015.790588
284 94.482132 1011.176147
284 99.096588 1006.313538
284 103.450211 1001.216064
284 107.531097 995.897766
284 111.328056 990.373169
284 114.830673 984.657410
284 118.029343 978.766174
284 120.915306 972.715637
284 123.480659 966.522339
284 125.718361 960.203247
284 127.622276 953.775757
284 129.187195 947.257385
284 130.408829 940.666077
284 131.283829 934.019836
284 131.809784 927.336914
284 131.985260 920.635620
284 131.809784 913.934326
284 131.283844 907.251404
284 130.408844 900.605225
284 129.187225 894.013855
284 127.622314 887.495483
284 125.718399 881.067993
284 123.480705 874.748901
284 120.915359 868.555603
284 118.029404 862.505066
284 114.830742 856.613831
284 111.328133 850.898071
284 107.531189 845.373474
284 103.450310 840.055176
284 99.096703 834.957703
284 94.482262 830.095093
284 89.619667 825.480652
284 84.522232 821.127075
284 79.203934 817.046143
284 73.679344 813.249207
284 67.963608 809.746582
284 62.072388 806.547913
284 56.021843 803.661926
284 49.828545 801.096558
284 43.509480 798.858826
284 37.081959 796.954895
284 30.563606 795.389954
284 23.972281 794.168335
284 17.326054 793.293335
284 10.643140 792.767334
284 3.941858 792.591858
284 -2.759424 792.767334
284 -9.442340 793.293274
284 -16.088570 794.168213
284 -22.679901 795.389832
284 -29.198263 796.954773
284 -35.625793 798.858643
284 -41.944870 801.096313
284 -48.138180 803.661682
284 -54.188740 806.547607
284 -60.079967 809.746277
284 -65.795715 813.248901
284 -71.320320 817.045776
284 -76.638641 821.126648
284 -81.736099 825.480286
284 -86.598717 830.094727
284 -91.213173 834.957275
284 -95.566811 840.054688
284 -99.647728 845.373047
284 -103.444717 850.897644
284 -106.947357 856.613403
284 -110.146057 862.504639
284 -113.032051 868.555237
284 -115.597427 874.748535
284 -117.835152 881.067627
284 -119.739090 887.495178
284 -121.304031 894.013550
284 -122.525673 900.604919
284 -123.400681 907.251160
284 -123.926643 913.934143
284 -124.102135 920.635437
284 -123.926659 927.336731
284 -123.400711 934.019714
284 -122.525711 940.665955
284 -121.304077 947.257324
284 -119.739151 953.775696
284 -117.835228 960.203247
284 -115.597519 966.522339
284 -113.032150 972.715698
284 -110.146172 978.766235
284 -106.947479 984.657532
284 -103.444847 990.373291
284 -99.647873 995.897888
284 -95.566963 1001.216187
284 -91.213310 1006.313660
284 -86.598839 1011.176270
284 -81.736214 1015.790771
284 -76.638733 1020.144348
284 -71.320396 1024.225220
284 -65.795769 1028.022217
284 -60.079990 1031.524780
284 -54.188736 1034.723511
284 -48.138149 1037.609497
284 -41.944813 1040.174805
284 -35.625706 1042.412476
284 -29.198145 1044.316406
284 -22.679750 1045.881348
284 -16.088387 1047.102905
284 -9.442124 1047.977905
284 -2.759177 1048.503784
314 5.978952 1047.480347
314 12.767507 1047.302612
314 19.537453 1046.769775
314 26.270239 1045.883423
314 32.947403 1044.645874
314 39.550652 1043.060547
314 46.061882 1041.131836
314 52.463249 1038.864990
314 58.737206 1036.266235
314 64.866554 1033.342773
314 70.834496 1030.102417
314 76.624672 1026.554199
314 82.221214 1022.707764
314 87.608780 1018.573730
314 92.772614 1014.163391
314 97.698540 1009.488892
314 102.373085 1004.562927
314 106.783401 999.399109
314 110.917427 994.011536
314 114.763832 988.414978
314 118.312057 982.624817
314 121.552376 976.656860
314 124.475922 970.527527
314 127.074684 964.253601
314 129.341522 957.852234
314 131.270233 951.341003
314 132.855530 944.737793
314 134.093079 938.060608
314 134.979477 931.327820
314 135.512283 924.557922
314 135.690048 917.769348
314 135.512283 910.980835
314 134.979492 904.210876
314 134.093109 897.478088
314 132.855560 890.800903
314 131.270279 884.197693
314 129.341568 877.686462
314 127.074730 871.285095
314 124.475975 865.011169
314 121.552437 858.881836
314 118.312126 852.913879
314 114.763908 847.123718
314 110.917519 841.527161
314 106.783501 836.139587
314 102.373199 830.975769
314 97.698669 826.049805
314 92.772751 821.375305
314 87.608940 816.964966
314 82.221382 812.830933
314 76.624855 808.984558
314 70.834686 805.436279
314 64.866760 802.195984
314 58.737419 799.272400
314 52.463478 796.673645
314 46.062126 794.406799
314 39.550903 792.478027
314 32.947666 790.892761
314 26.270510 789.655212
314 19.537735 788.768799
314 12.767796 788.235962
314 5.979250 788.058228
314 -0.809297 788.235962
314 -7.579238 788.768738
314 -14.312016 789.655090
314 -20.989178 790.892639
314 -27.592424 792.477905
314 -34.103653 794.406616
314 -40.505020 796.673401
314 -46.778969 799.272156
314 -52.908325 802.195679
314 -58.876266 805.436035
314 -64.666451 808.984192
314 -70.263000 812.830566
314 -75.650574 816.964600
314 -80.814407 821.374878
314 -85.740356 826.049377
314 -90.414894 830.975342
314 -94.825233 836.139099
314 -98.959290 841.526672
314 -102.805717 847.123230
314 -106.353966 852.913452
314 -109.594322 858.881409
314 -112.517899 865.010742
314 -115.116684 871.284729
314 -117.383545 877.686096
314 -119.312279 884.197327
314 -120.897598 890.800598
314 -122.135155 897.477783
314 -123.021553 904.210632
314 -123.554359 910.980591
314 -123.732140 917.769165
314 -123.554375 924.557739
314 -123.021584 931.327698
314 -122.135185 938.060547
314 -120.897644 944.737732
314 -119.312340 951.341003
314 -117.383621 957.852234
314 -115.116776 964.253601
314 -112.517998 970.527588
314 -109.594437 976.656982
314 -106.354095 982.624939
314 -102.805855 988.415100
314 -98.959435 994.011658
314 -94.825386 999.399292
314 -90.415031 1004.563110
314 -85.740479 1009.489014
314 -80.814529 1014.163574
314 -75.650665 1018.573914
314 -70.263077 1022.707947
314 -64.666504 1026.554321
314 -58.876297 1030.102539
314 -52.908318 1033.342896
314 -46.778938 1036.266479
314 -40.504959 1038.865234
314 -34.103561 1041.131958
314 -27.592302 1043.060669
314 -20.989025 1044.645996
314 -14.311831 1045.883545
314 -7.579019 1046.769897
314 -0.809046 1047.302612
344 7.576771 981.622375
344 12.979018 981.480896
344 18.366457 981.056885
344 23.724325 980.351563
344 29.037931 979.366699
344 34.292713 978.105164
344 39.474270 976.570313
344 44.568398 974.766357
344 49.561134 972.698303
344 54.438793 970.371826
344 59.188007 967.793213
344 63.795761 964.969543
344 68.249420 961.908630
344 72.536781 958.618835
344 76.646095 955.109131
344 80.566086 951.389221
344 84.286026 947.469238
344 87.795708 943.359924
344 91.085510 939.072571
344 94.146431 934.618896
344 96.970062 930.011108
344 99.548676 925.261902
344 101.875191 920.384277
344 103.943253 915.391541
344 105.747177 910.297424
344 107.282021 905.115845
344 108.543579 899.861084
344 109.528404 894.547485
344 110.233780 889.189636
344 110.657784 883.802185
344 110.799248 878.399963
344 110.657791 872.997742
344 110.233795 867.610291
344 109.528419 862.252441
344 108.543602 856.938843
344 107.282051 851.684021
344 105.747208 846.502502
344 103.943291 841.408386
344 101.875237 836.415649
344 99.548721 831.537964
344 96.970116 826.788757
344 94.146492 822.181030
344 91.085587 817.727356
344 87.795784 813.440002
344 84.286118 809.330688
344 80.566185 805.410706
344 76.646202 801.690735
344 72.536903 798.181091
344 68.249557 794.891235
344 63.795902 791.830322
344 59.188160 789.006714
344 54.438953 786.428101
344 49.561306 784.101563
344 44.568577 782.033508
344 39.474461 780.229553
344 34.292915 778.694702
344 29.038137 777.433105
344 23.724539 776.448303
344 18.366682 775.742920
344 12.979248 775.318909
344 7.577008 775.177429
344 2.174767 775.318909
344 -3.212668 775.742859
344 -8.570528 776.448242
344 -13.884132 777.433044
344 -19.138912 778.694580
344 -24.320467 780.229431
344 -29.414593 782.033325
344 -34.407330 784.101379
344 -39.284992 786.427856
344 -44.034206 789.006470
344 -48.641960 791.830078
344 -53.095623 794.890991
344 -57.382992 798.180786
344 -61.492306 801.690430
344 -65.412308 805.410339
344 -69.132248 809.330322
344 -72.641937 813.439636
344 -75.931770 817.726990
344 -78.992714 822.180664
344 -81.816368 826.788391
344 -84.394997 831.537659
344 -86.721542 836.415344
344 -88.789619 841.408081
344 -90.593567 846.502197
344 -92.128426 851.683777
344 -93.390007 856.938599
344 -94.374840 862.252197
344 -95.080215 867.610107
344 -95.504227 872.997559
344 -95.645699 878.399780
344 -95.504242 883.802063
344 -95.080246 889.189514
344 -94.374870 894.547424
344 -93.390045 899.861023
344 -92.128479 905.115845
344 -90.593628 910.297424
344 -88.789696 915.391541
344 -86.721626 920.384338
344 -84.395096 925.261963
344 -81.816467 930.011230
344 -78.992821 934.618958
344 -75.931885 939.072632
344 -72.642067 943.359985
344 -69.132362 947.469360
344 -65.412407 951.389343
344 -61.492397 955.109253
344 -57.383060 958.618958
344 -53.095684 961.908813
344 -48.642002 964.969727
344 -44.034229 967.793335
344 -39.284988 970.371948
344 -34.407307 972.698425
344 -29.414547 974.766479
344 -24.320396 976.570435
344 -19.138817 978.105225
344 -13.884010 979.366821
344 -8.570381 980.351624
344 -3.212494 981.056946
344 2.174966 981.480957
374 6.468709 945.056152
374 10.815175 944.942322
374 15.149727 944.601196
374 19.460487 944.033691
374 23.735634 943.241333
374 27.963455 942.226318
374 32.132362 940.991455
374 36.230927 939.540039
374 40.247910 937.876160
374 44.172314 936.004333
374 47.993370 933.929688
374 51.700615 931.657837
374 55.283875 929.195129
374 58.733341 926.548279
374 62.039555 923.724487
374 65.193451 920.731567
374 68.186386 917.577698
374 71.010162 914.271484
374 73.657028 910.822021
374 76.119736 907.238708
374 78.391541 903.531494
374 80.466202 899.710449
374 82.338043 895.786072
374 84.001930 891.769043
374 85.453308 887.670532
374 86.688194 883.501587
374 87.703201 879.273804
374 88.495560 874.998657
374 89.063080 870.687866
374 89.404221 866.353333
374 89.518036 862.006897
374 89.404221 857.660400
374 89.063087 853.325867
374 88.495575 849.015137
374 87.703224 844.739990
374 86.688217 840.512146
374 85.453331 836.343262
374 84.001961 832.244690
374 82.338074 828.227722
374 80.466240 824.303284
374 78.391586 820.482239
374 76.119789 816.775024
374 73.657089 813.191772
374 71.010223 809.742310
374 68.186462 806.436096
374 65.193535 803.282166
374 62.039642 800.289246
374 58.733440 797.465454
374 55.283985 794.818604
374 51.700726 792.355896
374 47.993492 790.084106
374 44.172443 788.009399
374 40.248051 786.137573
374 36.231071 784.473694
374 32.132515 783.022278
374 27.963615 781.787415
374 23.735802 780.772400
374 19.460659 779.979980
374 15.149907 779.412476
374 10.815361 779.071350
374 6.468900 778.957520
374 2.122438 779.071289
374 -2.212111 779.412476
374 -6.522864 779.979980
374 -10.798011 780.772278
374 -15.025830 781.787292
374 -19.194733 783.022156
374 -23.293297 784.473511
374 -27.310284 786.137390
374 -31.234688 788.009216
374 -35.055744 790.083862
374 -38.762989 792.355713
374 -42.346256 794.818359
374 -45.795727 797.465210
374 -49.101944 800.289001
374 -52.255848 803.281921
374 -55.248787 806.435791
374 -58.072567 809.742004
374 -60.719456 813.191467
374 -63.182186 816.774719
374 -65.453995 820.481995
374 -67.528679 824.303040
374 -69.400536 828.227478
374 -71.064445 832.244446
374 -72.515839 836.343018
374 -73.750732 840.511963
374 -74.765755 844.739746
374 -75.558121 849.014954
374 -76.125648 853.325684
374 -76.466789 857.660278
374 -76.580612 862.006775
374 -76.466797 866.353210
374 -76.125664 870.687805
374 -75.558144 874.998596
374 -74.765785 879.273743
374 -73.750771 883.501587
374 -72.515884 887.670471
374 -71.064507 891.769104
374 -69.400604 895.786072
374 -67.528755 899.710510
374 -65.454079 903.531555
374 -63.182270 907.238831
374 -60.719547 910.822083
374 -58.072666 914.271545
374 -55.248878 917.577759
374 -52.255928 920.731689
374 -49.102020 923.724609
374 -45.795784 926.548401
374 -42.346306 929.195251
374 -38.763023 931.657959
374 -35.055763 933.929749
374 -31.234684 936.004456
374 -27.310265 937.876282
374 -23.293259 939.540161
374 -19.194675 940.991516
374 -15.025752 942.226379
374 -10.797914 943.241394
374 -6.522745 944.033752
374 -2.211970 944.601257
374 2.122599 944.942383
404 54.341877 878.010010
404 57.558090 877.925781
404 60.765488 877.673340
404 63.955280 877.253418
404 67.118721 876.667114
404 70.247139 875.916016
404 73.331970 875.002258
404 76.364746 873.928284
404 79.337158 872.697083
404 82.241058 871.312012
404 85.068489 869.776794
404 87.811707 868.095764
404 90.463181 866.273438
404 93.015640 864.314880
404 95.462112 862.225403
404 97.795868 860.010742
404 100.010529 857.677002
404 102.100006 855.230530
404 104.058578 852.678040
404 105.880890 850.026611
404 107.561935 847.283386
404 109.097099 844.455933
404 110.482193 841.552063
404 111.713402 838.579651
404 112.787369 835.546875
404 113.701126 832.462036
404 114.452194 829.333618
404 115.038513 826.170166
404 115.458450 822.980408
404 115.710876 819.773010
404 115.795105 816.556824
404 115.710884 813.340576
404 115.458458 810.133179
404 115.038513 806.943420
404 114.452209 803.779968
404 113.701149 800.651550
404 112.787384 797.566711
404 111.713425 794.533936
404 110.482216 791.561523
404 109.097130 788.657654
404 107.561966 785.830200
404 105.880928 783.086975
404 104.058624 780.435547
404 102.100052 777.883057
404 100.010582 775.436584
404 97.795929 773.102844
404 95.462173 770.888184
404 93.015717 768.798706
404 90.463257 766.840088
404 87.811783 765.017822
404 85.068581 763.336792
404 82.241150 761.801575
404 79.337257 760.416504
404 76.364853 759.185303
404 73.332077 758.111328
404 70.247261 757.197510
404 67.118843 756.446472
404 63.955406 755.860168
404 60.765621 755.440186
404 57.558228 755.187744
404 54.342018 755.103516
404 51.125809 755.187744
404 47.918411 755.440186
404 44.728626 755.860107
404 41.565186 756.446411
404 38.436768 757.197449
404 35.351944 758.111206
404 32.319168 759.185181
404 29.346754 760.416382
404 26.442852 761.801453
404 23.615419 763.336609
404 20.872204 765.017639
404 18.220730 766.839966
404 15.668259 768.798523
404 13.221786 770.888000
404 10.888023 773.102661
404 8.673363 775.436401
404 6.583878 777.882813
404 4.625286 780.435303
404 2.802963 783.086792
404 1.121910 785.830017
404 -0.413273 788.657471
404 -1.798378 791.561340
404 -3.029602 794.533752
404 -4.103573 797.566528
404 -5.017349 800.651367
404 -5.768425 803.779846
404 -6.354744 806.943298
404 -6.774689 810.133057
404 -7.027122 813.340454
404 -7.111347 816.556702
404 -7.027130 819.772949
404 -6.774704 822.980347
404 -6.354759 826.170166
404 -5.768448 829.333618
404 -5.017380 832.462036
404 -4.103611 835.546875
404 -3.029644 838.579651
404 -1.798424 841.552063
404 -0.413330 844.455994
404 1.121849 847.283447
404 2.802902 850.026611
404 4.625217 852.678101
404 6.583805 855.230591
404 8.673298 857.677063
404 10.887962 860.010803
404 13.221729 862.225464
404 15.668213 864.314941
404 18.220692 866.273560
404 20.872181 868.095825
404 23.615406 869.776917
404 26.442854 871.312073
404 29.346769 872.697144
404 32.319195 873.928345
404 35.351982 875.002319
404 38.436821 875.916077
404 41.565258 876.667114
404 44.728714 877.253418
404 47.918518 877.673340
404 51.125927 877.925781
434 9.214279 974.966125
434 14.381948 974.830811
434 19.535454 974.425232
434 24.660669 973.750488
434 29.743547 972.808472
434 34.770153 971.601685
434 39.726715 970.133423
434 44.599644 968.407837
434 49.375584 966.429565
434 54.041447 964.204102
434 58.584438 961.737427
434 62.992111 959.036438
434 67.252380 956.108398
434 71.353577 952.961487
434 75.284447 949.604187
434 79.034225 946.045776
434 82.592644 942.296021
434 85.949921 938.365112
434 89.096878 934.263916
434 92.024879 930.003662
434 94.725906 925.596008
434 97.192551 921.052979
434 99.418045 916.387146
434 101.396301 911.611206
434 103.121902 906.738281
434 104.590096 901.781738
434 105.796875 896.755127
434 106.738937 891.672241
434 107.413681 886.547058
434 107.819275 881.393555
434 107.954597 876.225891
434 107.819283 871.058228
434 107.413696 865.904724
434 106.738953 860.779541
434 105.796898 855.696655
434 104.590126 850.670044
434 103.121925 845.713501
434 101.396339 840.840576
434 99.418083 836.064636
434 97.192596 831.398743
434 94.725960 826.855774
434 92.024940 822.448120
434 89.096947 818.187805
434 85.949997 814.086609
434 82.592728 810.155762
434 79.034325 806.406006
434 75.284554 802.847595
434 71.353691 799.490295
434 67.252510 796.343323
434 62.992249 793.415344
434 58.584587 790.714294
434 54.041599 788.247620
434 49.375748 786.022156
434 44.599819 784.043884
434 39.726898 782.318237
434 34.770348 780.850037
434 29.743746 779.643250
434 24.660875 778.701172
434 19.535667 778.026428
434 14.382169 777.620850
434 9.214506 777.485535
434 4.046843 777.620850
434 -1.106658 778.026367
434 -6.231868 778.701111
434 -11.314743 779.643188
434 -16.341349 780.849976
434 -21.297909 782.318115
434 -26.170837 784.043701
434 -30.946777 786.021973
434 -35.612640 788.247437
434 -40.155632 790.714050
434 -44.563309 793.415100
434 -48.823582 796.343079
434 -52.924782 799.489990
434 -56.855659 802.847290
434 -60.605453 806.405640
434 -64.163864 810.155396
434 -67.521156 814.086304
434 -70.668137 818.187500
434 -73.596169 822.447754
434 -76.297211 826.855408
434 -78.763870 831.398438
434 -80.989395 836.064331
434 -82.967667 840.840271
434 -84.693283 845.713196
434 -86.161499 850.669800
434 -87.368294 855.696411
434 -88.310364 860.779297
434 -88.985115 865.904541
434 -89.390709 871.058044
434 -89.526039 876.225708
434 -89.390724 881.393433
434 -88.985138 886.546936
434 -88.310387 891.672180
434 -87.368332 896.755066
434 -86.161545 901.781677
434 -84.693344 906.738281
434 -82.967743 911.611206
434 -80.989471 916.387207
434 -78.763962 921.053040
434 -76.297302 925.596069
434 -73.596268 930.003723
434 -70.668243 934.264038
434 -67.521271 938.365234
434 -64.163971 942.296143
434 -60.605545 946.045898
434 -56.855751 949.604309
434 -52.924850 952.961609
434 -48.823639 956.108582
434 -44.563347 959.036560
434 -40.155655 961.737610
434 -35.612637 964.204224
434 -30.946754 966.429688
434 -26.170792 968.407959
434 -21.297840 970.133545
434 -16.341257 971.601746
434 -11.314627 972.808533
434 -6.231727 973.750549
434 -1.106491 974.425293
434 4.047033 974.830872
464 33.415001 884.307312
464 35.807362 884.244629
464 38.193165 884.056885
464 40.565872 883.744507
464 42.918976 883.308411
464 45.246033 882.749695
464 47.540661 882.070007
464 49.796570 881.271179
464 52.007584 880.355347
464 54.167633 879.325012
464 56.270798 878.183105
464 58.311317 876.932678
464 60.283600 875.577148
464 62.182236 874.120300
464 64.002029 872.566040
464 65.737976 870.918701
464 67.385338 869.182739
464 68.939583 867.362915
464 70.396454 865.464294
464 71.751968 863.492004
464 73.002403 861.451477
464 74.144333 859.348328
464 75.174622 857.188293
464 76.090454 854.977295
464 76.889313 852.721375
464 77.569008 850.426758
464 78.127686 848.099670
464 78.563812 845.746582
464 78.876175 843.373901
464 79.063950 840.988098
464 79.126595 838.595703
464 79.063950 836.203369
464 78.876190 833.817566
464 78.563812 831.444885
464 78.127693 829.091736
464 77.569016 826.764709
464 76.889320 824.470093
464 76.090469 822.214172
464 75.174637 820.003174
464 74.144348 817.843140
464 73.002426 815.739929
464 71.751999 813.699402
464 70.396484 811.727173
464 68.939621 809.828491
464 67.385376 808.008728
464 65.738022 806.272766
464 64.002075 804.625427
464 62.182293 803.071167
464 60.283661 801.614319
464 58.311382 800.258789
464 56.270866 799.008362
464 54.167702 797.866394
464 52.007660 796.836121
464 49.796654 795.920288
464 47.540745 795.121399
464 45.246120 794.441711
464 42.919067 793.883057
464 40.565964 793.446899
464 38.193264 793.134521
464 35.807465 792.946777
464 33.415108 792.884094
464 31.022749 792.946777
464 28.636948 793.134521
464 26.264244 793.446899
464 23.911140 793.882996
464 21.584084 794.441650
464 19.289457 795.121338
464 17.033546 795.920227
464 14.822536 796.836060
464 12.662487 797.866333
464 10.559319 799.008240
464 8.518797 800.258667
464 6.546513 801.614136
464 4.647873 803.071045
464 2.828079 804.625244
464 1.092125 806.272644
464 -0.555233 808.008545
464 -2.109486 809.828369
464 -3.566372 811.726990
464 -4.921894 813.699280
464 -6.172337 815.739807
464 -7.314274 817.842957
464 -8.344574 820.003052
464 -9.260410 822.214050
464 -10.059280 824.469971
464 -10.738987 826.764587
464 -11.297668 829.091675
464 -11.733799 831.444763
464 -12.046173 833.817505
464 -12.233944 836.203308
464 -12.296593 838.595642
464 -12.233948 840.988037
464 -12.046185 843.373840
464 -11.733810 845.746582
464 -11.297688 848.099670
464 -10.739006 850.426758
464 -10.059307 852.721375
464 -9.260445 854.977295
464 -8.344608 857.188293
464 -7.314312 859.348389
464 -6.172382 861.451538
464 -4.921944 863.492065
464 -3.566422 865.464355
464 -2.109539 867.362976
464 -0.555283 869.182800
464 1.092079 870.918762
464 2.828039 872.566101
464 4.647840 874.120361
464 6.546486 875.577209
464 8.518778 876.932739
464 10.559309 878.183167
464 12.662487 879.325073
464 14.822548 880.355347
464 17.033567 881.271179
464 19.289490 882.070068
464 21.584126 882.749756
464 23.911194 883.308411
464 26.264309 883.744568
464 28.637024 884.056885
464 31.022837 884.244629
494 13.856553 923.643250
494 16.558998 923.572510
494 19.254034 923.360352
494 21.934277 923.007507
494 24.592381 922.514893
494 27.221056 921.883789
494 29.813103 921.115967
494 32.361412 920.213562
494 34.859001 919.179016
494 37.299023 918.015198
494 39.674789 916.725281
494 41.979794 915.312744
494 44.207710 913.781555
494 46.352440 912.135864
494 48.408100 910.380127
494 50.369053 908.519287
494 52.229935 906.558350
494 53.985630 904.502686
494 55.631336 902.357910
494 57.162544 900.130005
494 58.575054 897.825012
494 59.864986 895.449219
494 61.028816 893.009216
494 62.063354 890.511658
494 62.965755 887.963318
494 63.733551 885.371277
494 64.364639 882.742615
494 64.857300 880.084534
494 65.210159 877.404297
494 65.422264 874.709229
494 65.493027 872.006775
494 65.422264 869.304382
494 65.210159 866.609314
494 64.857307 863.929077
494 64.364655 861.270996
494 63.733566 858.642334
494 62.965771 856.050293
494 62.063370 853.501953
494 61.028839 851.004395
494 59.865013 848.564331
494 58.575081 846.188599
494 57.162575 843.883606
494 55.631374 841.655640
494 53.985672 839.510925
494 52.229980 837.455261
494 50.369106 835.494324
494 48.408154 833.633423
494 46.352501 831.877747
494 44.207779 830.232056
494 41.979866 828.700806
494 39.674866 827.288330
494 37.299103 825.998413
494 34.859085 824.834534
494 32.361500 823.799988
494 29.813198 822.897583
494 27.221157 822.129822
494 24.592484 821.498718
494 21.934385 821.006042
494 19.254147 820.653198
494 16.559113 820.441101
494 13.856671 820.370300
494 11.154230 820.441040
494 8.459196 820.653137
494 5.778955 821.005981
494 3.120854 821.498657
494 0.492179 822.129761
494 -2.099865 822.897522
494 -4.648173 823.799927
494 -7.145762 824.834473
494 -9.585786 825.998291
494 -11.961555 827.288208
494 -14.266559 828.700684
494 -16.494480 830.231873
494 -18.639210 831.877625
494 -20.694874 833.633301
494 -22.655834 835.494141
494 -24.516716 837.455078
494 -26.272419 839.510742
494 -27.918137 841.655518
494 -29.449360 843.883423
494 -30.861874 846.188416
494 -32.151821 848.564209
494 -33.315662 851.004211
494 -34.350208 853.501831
494 -35.252621 856.050110
494 -36.020428 858.642151
494 -36.651524 861.270874
494 -37.144180 863.928955
494 -37.497044 866.609253
494 -37.709152 869.304260
494 -37.779922 872.006714
494 -37.709160 874.709167
494 -37.497055 877.404236
494 -37.144196 880.084473
494 -36.651543 882.742615
494 -36.020451 885.371277
494 -35.252651 887.963318
494 -34.350246 890.511658
494 -33.315704 893.009216
494 -32.151867 895.449280
494 -30.861923 897.825073
494 -29.449409 900.130066
494 -27.918198 902.357971
494 -26.272480 904.502686
494 -24.516769 906.558350
494 -22.655884 908.519348
494 -20.694920 910.380249
494 -18.639248 912.135925
494 -16.494511 913.781616
494 -14.266580 915.312866
494 -11.961566 916.725342
494 -9.585784 918.015259
494 -7.145751 919.179077
494 -4.648150 920.213623
494 -2.099830 921.116028
494 0.492227 921.883850
494 3.120915 922.514893
494 5.779029 923.007568
494 8.459282 923.360413
494 11.154329 923.572510
