-350 122.845787 1139.510132
-350 127.431190 1139.390015
-350 132.004028 1139.030151
-350 136.551758 1138.431396
-350 141.061920 1137.595581
-350 145.522156 1136.524780
-350 149.920227 1135.221924
-350 154.244095 1133.690796
-350 158.481903 1131.935425
-350 162.622040 1129.960693
-350 166.653152 1127.771973
-350 170.564194 1125.375244
-350 174.344437 1122.777222
-350 177.983521 1119.984863
-350 181.471497 1117.005859
-350 184.798767 1113.848389
-350 187.956238 1110.521118
-350 190.935226 1107.033081
-350 193.727600 1103.394043
-350 196.325684 1099.613770
-350 198.722382 1095.702759
-350 200.911102 1091.671631
-350 202.885834 1087.531494
-350 204.641190 1083.293701
-350 206.172363 1078.969849
-350 207.475128 1074.571777
-350 208.545929 1070.111572
-350 209.381836 1065.601440
-350 209.980560 1061.053711
-350 210.340454 1056.480835
-350 210.460526 1051.895386
-350 210.340454 1047.310059
-350 209.980560 1042.737183
-350 209.381866 1038.189453
-350 208.545944 1033.679321
-350 207.475143 1029.219116
-350 206.172379 1024.821045
-350 204.641220 1020.497131
-350 202.885864 1016.259338
-350 200.911133 1012.119202
-350 198.722427 1008.088135
-350 196.325745 1004.177063
-350 193.727661 1000.396851
-350 190.935303 996.757751
-350 187.956299 993.269775
-350 184.798859 989.942505
-350 181.471588 986.785034
-350 177.983627 983.806030
-350 174.344543 981.013672
-350 170.564316 978.415588
-350 166.653290 976.018860
-350 162.622192 973.830139
-350 158.482056 971.855408
-350 154.244263 970.100037
-350 149.920395 968.568848
-350 145.522324 967.266113
-350 141.062088 966.195313
-350 136.551941 965.359375
-350 132.004211 964.760620
-350 127.431381 964.400757
-350 122.845985 964.280640
-350 118.260590 964.400696
-350 113.687759 964.760620
-350 109.140038 965.359314
-350 104.629875 966.195190
-350 100.169647 967.265991
-350 95.771561 968.568726
-350 91.447693 970.099915
-350 87.209885 971.855225
-350 83.069748 973.829956
-350 79.038635 976.018677
-350 75.127594 978.415344
-350 71.347351 981.013428
-350 67.708252 983.805786
-350 64.220291 986.784790
-350 60.893005 989.942200
-350 57.735535 993.269470
-350 54.756531 996.757446
-350 51.964134 1000.396484
-350 49.366020 1004.176758
-350 46.969322 1008.087830
-350 44.780586 1012.118896
-350 42.805824 1016.259094
-350 41.050453 1020.496887
-350 39.519272 1024.820801
-350 38.216492 1029.218872
-350 37.145668 1033.679077
-350 36.309753 1038.189331
-350 35.711021 1042.737061
-350 35.351128 1047.309937
-350 35.231049 1051.895264
-350 35.351120 1056.480713
-350 35.711006 1061.053589
-350 36.309723 1065.601318
-350 37.145638 1070.111450
-350 38.216446 1074.571777
-350 39.519218 1078.969849
-350 41.050392 1083.293701
-350 42.805756 1087.531494
-350 44.780510 1091.671753
-350 46.969238 1095.702881
-350 49.365936 1099.613892
-350 51.964035 1103.394165
-350 54.756424 1107.033203
-350 57.735443 1110.521240
-350 60.892921 1113.848511
-350 64.220207 1117.005981
-350 67.708191 1119.984985
-350 71.347298 1122.777344
-350 75.127563 1125.375366
-350 79.038620 1127.772095
-350 83.069748 1129.960815
-350 87.209900 1131.935547
-350 91.447739 1133.690918
-350 95.771622 1135.222046
-350 100.169724 1136.524780
-350 104.629974 1137.595581
-350 109.140160 1138.431519
-350 113.687912 1139.030151
-350 118.260757 1139.390015
-320 130.026062 1103.725464
-320 135.060577 1103.593628
-320 140.081284 1103.198486
-320 145.074432 1102.541138
-320 150.026337 1101.623413
-320 154.923431 1100.447754
-320 159.752274 1099.017334
-320 164.499634 1097.336182
-320 169.152512 1095.408936
-320 173.698151 1093.240723
-320 178.124084 1090.837646
-320 182.418182 1088.206299
-320 186.568665 1085.353760
-320 190.564178 1082.287842
-320 194.393768 1079.017090
-320 198.046936 1075.550293
-320 201.513641 1071.897217
-320 204.784424 1068.067627
-320 207.850281 1064.072144
-320 210.702850 1059.921631
-320 213.334274 1055.627441
-320 215.737350 1051.201538
-320 217.905502 1046.655884
-320 219.832794 1042.003052
-320 221.513916 1037.255737
-320 222.944275 1032.426880
-320 224.119965 1027.529785
-320 225.037750 1022.577881
-320 225.695114 1017.584717
-320 226.090256 1012.564026
-320 226.222092 1007.529541
-320 226.090271 1002.495056
-320 225.695129 997.474304
-320 225.037781 992.481201
-320 224.119995 987.529297
-320 222.944305 982.632202
-320 221.513947 977.803345
-320 219.832825 973.055969
-320 217.905548 968.403137
-320 215.737396 963.857483
-320 213.334320 959.431580
-320 210.702911 955.137451
-320 207.850357 950.986938
-320 204.784485 946.991455
-320 201.513733 943.161865
-320 198.047028 939.508728
-320 194.393875 936.041992
-320 190.564301 932.771240
-320 186.568787 929.705322
-320 182.418304 926.852783
-320 178.124222 924.221375
-320 173.698303 921.818237
-320 169.152679 919.650085
-320 164.499802 917.722839
-320 159.752441 916.041687
-320 154.923615 914.611328
-320 150.026535 913.435608
-320 145.074646 912.517822
-320 140.081497 911.860474
-320 135.060791 911.465271
-320 130.026276 911.333435
-320 124.991776 911.465271
-320 119.971069 911.860413
-320 114.977921 912.517761
-320 110.026024 913.435547
-320 105.128937 914.611206
-320 100.300095 916.041565
-320 95.552734 917.722656
-320 90.899857 919.649902
-320 86.354218 921.818054
-320 81.928284 924.221130
-320 77.634186 926.852539
-320 73.483688 929.705078
-320 69.488174 932.770935
-320 65.658577 936.041687
-320 62.005409 939.508423
-320 58.538689 943.161560
-320 55.267906 946.991089
-320 52.202019 950.986633
-320 49.349434 955.137146
-320 46.717987 959.431213
-320 44.314888 963.857178
-320 42.146713 968.402832
-320 40.219406 973.055725
-320 38.538261 977.803101
-320 37.107880 982.631958
-320 35.932175 987.529053
-320 35.014389 992.480957
-320 34.357018 997.474121
-320 33.961876 1002.494873
-320 33.830032 1007.529419
-320 33.961861 1012.563904
-320 34.356995 1017.584656
-320 35.014359 1022.577820
-320 35.932144 1027.529785
-320 37.107834 1032.426880
-320 38.538208 1037.255737
-320 40.219337 1042.003052
-320 42.146637 1046.656006
-320 44.314796 1051.201660
-320 46.717896 1055.627563
-320 49.349335 1059.921631
-320 52.201904 1064.072144
-320 55.267792 1068.067749
-320 58.538582 1071.897339
-320 62.005318 1075.550415
-320 65.658493 1079.017212
-320 69.488098 1082.287964
-320 73.483627 1085.353882
-320 77.634148 1088.206421
-320 81.928268 1090.837769
-320 86.354218 1093.240845
-320 90.899879 1095.409058
-320 95.552780 1097.336304
-320 100.300163 1099.017456
-320 105.129028 1100.447754
-320 110.026138 1101.623535
-320 114.978058 1102.541260
-320 119.971230 1103.198608
-320 124.991959 1103.593750
-290 107.886559 1099.913330
-290 113.541756 1099.765259
-290 119.181458 1099.321411
-290 124.790199 1098.583008
-290 130.352600 1097.552124
-290 135.853439 1096.231445
-290 141.277618 1094.624756
-290 146.610260 1092.736328
-290 151.836777 1090.571411
-290 156.942825 1088.135986
-290 161.914413 1085.436646
-290 166.737915 1082.480835
-290 171.400116 1079.276611
-290 175.888214 1075.832764
-290 180.189941 1072.158691
-290 184.293488 1068.264648
-290 188.187607 1064.161011
-290 191.861618 1059.859375
-290 195.305466 1055.371216
-290 198.509705 1050.708984
-290 201.465546 1045.885498
-290 204.164902 1040.913940
-290 206.600357 1035.807861
-290 208.765259 1030.581421
-290 210.653641 1025.248779
-290 212.260345 1019.824585
-290 213.580978 1014.323730
-290 214.611908 1008.761353
-290 215.350327 1003.152588
-290 215.794189 997.512939
-290 215.942261 991.857727
-290 215.794189 986.202515
-290 215.350342 980.562866
-290 214.611938 974.954102
-290 213.581009 969.391724
-290 212.260376 963.890869
-290 210.653671 958.466736
-290 208.765289 953.134033
-290 206.600403 947.907532
-290 204.164948 942.801514
-290 201.465607 937.829895
-290 198.509766 933.006409
-290 195.305542 928.344238
-290 191.861694 923.856140
-290 188.187698 919.554382
-290 184.293594 915.450867
-290 180.190063 911.556763
-290 175.888351 907.882690
-290 171.400253 904.438843
-290 166.738068 901.234619
-290 161.914581 898.278748
-290 156.942993 895.579407
-290 151.836960 893.143921
-290 146.610443 890.979065
-290 141.277802 889.090637
-290 135.853638 887.483887
-290 130.352814 886.163269
-290 124.790421 885.132324
-290 119.181686 884.393921
-290 113.542000 883.950073
-290 107.886810 883.801941
-290 102.231613 883.950012
-290 96.591919 884.393860
-290 90.983185 885.132263
-290 85.420776 886.163208
-290 79.919952 887.483765
-290 74.495781 889.090515
-290 69.163132 890.978882
-290 63.936615 893.143738
-290 58.830563 895.579163
-290 53.858974 898.278503
-290 49.035469 901.234375
-290 44.373272 904.438599
-290 39.885155 907.882385
-290 35.583427 911.556396
-290 31.479874 915.450500
-290 27.585747 919.554016
-290 23.911720 923.855713
-290 20.467850 928.343872
-290 17.263588 933.006042
-290 14.307716 937.829529
-290 11.608345 942.801147
-290 9.172859 947.907227
-290 7.007950 953.133728
-290 5.119537 958.466431
-290 3.512810 963.890625
-290 2.192162 969.391418
-290 1.161217 974.953857
-290 0.422806 980.562622
-290 -0.021057 986.202332
-290 -0.169151 991.857544
-290 -0.021065 997.512756
-290 0.422783 1003.152527
-290 1.161186 1008.761230
-290 2.192123 1014.323669
-290 3.512756 1019.824524
-290 5.119476 1025.248779
-290 7.007874 1030.581421
-290 9.172775 1035.807983
-290 11.608246 1040.913940
-290 14.307617 1045.885620
-290 17.263474 1050.709106
-290 20.467728 1055.371338
-290 23.911598 1059.859497
-290 27.585632 1064.161133
-290 31.479767 1068.264771
-290 35.583328 1072.158813
-290 39.885078 1075.832886
-290 44.373207 1079.276733
-290 49.035423 1082.480957
-290 53.858952 1085.436768
-290 58.830566 1088.136108
-290 63.936642 1090.571655
-290 69.163177 1092.736450
-290 74.495850 1094.624878
-290 79.920052 1096.231567
-290 85.420906 1097.552246
-290 90.983337 1098.583130
-290 96.592102 1099.321533
-290 102.231819 1099.765259
-260 110.727234 1119.392090
-260 117.277069 1119.220581
-260 123.808952 1118.706543
-260 130.304977 1117.851318
-260 136.747345 1116.657227
-260 143.118393 1115.127686
-260 149.400665 1113.266846
-260 155.576920 1111.079712
-260 161.630249 1108.572266
-260 167.544067 1105.751587
-260 173.302155 1102.625244
-260 178.888718 1099.201782
-260 184.288452 1095.490601
-260 189.486572 1091.501953
-260 194.468811 1087.246704
-260 199.221527 1082.736572
-260 203.731689 1077.983887
-260 207.986923 1073.001587
-260 211.975586 1067.803467
-260 215.686722 1062.403687
-260 219.110168 1056.817139
-260 222.236542 1051.059082
-260 225.057281 1045.145264
-260 227.564667 1039.091919
-260 229.751801 1032.915649
-260 231.612671 1026.633423
-260 233.142242 1020.262390
-260 234.336258 1013.820068
-260 235.191483 1007.324036
-260 235.705551 1000.792175
-260 235.877075 994.242310
-260 235.705566 987.692505
-260 235.191498 981.160583
-260 234.336273 974.664612
-260 233.142258 968.222229
-260 231.612717 961.851196
-260 229.751831 955.568909
-260 227.564713 949.392700
-260 225.057343 943.339355
-260 222.236603 937.425537
-260 219.110245 931.667480
-260 215.686798 926.080872
-260 211.975677 920.681152
-260 207.987030 915.483032
-260 203.731812 910.500793
-260 199.221649 905.748047
-260 194.468964 901.237915
-260 189.486725 896.982666
-260 184.288620 892.994019
-260 178.888885 889.282898
-260 173.302338 885.859436
-260 167.544266 882.733032
-260 161.630463 879.912292
-260 155.577148 877.404907
-260 149.400894 875.217773
-260 143.118637 873.356873
-260 136.747604 871.827271
-260 130.305237 870.633240
-260 123.809227 869.778015
-260 117.277351 869.263916
-260 110.727524 869.092407
-260 104.177689 869.263916
-260 97.645813 869.777954
-260 91.149796 870.633179
-260 84.707428 871.827148
-260 78.336388 873.356689
-260 72.054123 875.217590
-260 65.877861 877.404663
-260 59.824528 879.912048
-260 53.910713 882.732788
-260 48.152630 885.859131
-260 42.566063 889.282593
-260 37.166313 892.993713
-260 31.968193 896.982300
-260 26.985939 901.237549
-260 22.233215 905.747681
-260 17.723053 910.500366
-260 13.467804 915.482605
-260 9.479118 920.680725
-260 5.767944 926.080444
-260 2.344475 931.667053
-260 -0.781937 937.425110
-260 -3.602707 943.338928
-260 -6.110100 949.392334
-260 -8.297249 955.568604
-260 -10.158165 961.850891
-260 -11.687737 968.221924
-260 -12.881767 974.664307
-260 -13.737000 981.160339
-260 -14.251076 987.692261
-260 -14.422600 994.242126
-260 -14.251091 1000.791992
-260 -13.737022 1007.323914
-260 -12.881805 1013.819946
-260 -11.687782 1020.262329
-260 -10.158218 1026.633423
-260 -8.297325 1032.915649
-260 -6.110191 1039.091919
-260 -3.602806 1045.145386
-260 -0.782051 1051.059204
-260 2.344353 1056.817261
-260 5.767822 1062.403809
-260 9.478981 1067.803589
-260 13.467659 1073.001709
-260 17.722916 1077.984009
-260 22.233093 1082.736694
-260 26.985825 1087.246826
-260 31.968102 1091.502075
-260 37.166237 1095.490723
-260 42.566010 1099.201904
-260 48.152603 1102.625366
-260 53.910717 1105.751709
-260 59.824558 1108.572510
-260 65.877914 1111.079834
-260 72.054214 1113.266968
-260 78.336502 1115.127808
-260 84.707581 1116.657349
-260 91.149971 1117.851318
-260 97.646027 1118.706543
-260 104.177933 1119.220581
-230 117.037125 1140.229614
-230 124.464378 1140.035034
-230 131.871262 1139.452148
-230 139.237503 1138.482422
-230 146.542892 1137.128418
-230 153.767395 1135.393921
-230 160.891235 1133.283813
-230 167.894867 1130.803589
-230 174.759094 1127.960327
-230 181.465134 1124.761719
-230 187.994568 1121.216553
-230 194.329498 1117.334473
-230 200.452591 1113.126221
-230 206.347046 1108.603271
-230 211.996704 1103.777954
-230 217.386093 1098.663696
-230 222.500427 1093.274292
-230 227.325699 1087.624634
-230 231.848663 1081.730225
-230 236.056946 1075.607056
-230 239.939026 1069.272095
-230 243.484192 1062.742676
-230 246.682800 1056.036743
-230 249.526062 1049.172485
-230 252.006180 1042.168823
-230 254.116348 1035.045044
-230 255.850800 1027.820557
-230 257.204773 1020.515137
-230 258.174561 1013.148926
-230 258.757507 1005.742004
-230 258.951996 998.314758
-230 258.757507 990.887512
-230 258.174561 983.480652
-230 257.204803 976.114441
-230 255.850830 968.809021
-230 254.116394 961.584534
-230 252.006226 954.460693
-230 249.526123 947.457092
-230 246.682861 940.592834
-230 243.484268 933.886841
-230 239.939087 927.357422
-230 236.057037 921.022461
-230 231.848770 914.899353
-230 227.325806 909.004944
-230 222.500549 903.355225
-230 217.386230 897.965881
-230 211.996857 892.851563
-230 206.347214 888.026245
-230 200.452789 883.503296
-230 194.329697 879.294983
-230 187.994781 875.412964
-230 181.465347 871.867737
-230 174.759338 868.669128
-230 167.895111 865.825867
-230 160.891495 863.345703
-230 153.767670 861.235535
-230 146.543167 859.501099
-230 139.237793 858.147095
-230 131.871582 857.177246
-230 124.464691 856.594360
-230 117.037453 856.399841
-230 109.610207 856.594299
-230 102.203323 857.177246
-230 94.837097 858.146973
-230 87.531715 859.500916
-230 80.307205 861.235352
-230 73.183380 863.345520
-230 66.179741 865.825623
-230 59.315506 868.668823
-230 52.609482 871.867432
-230 46.080048 875.412598
-230 39.745102 879.294678
-230 33.622002 883.502930
-230 27.727539 888.025879
-230 22.077866 892.851074
-230 16.688469 897.965393
-230 11.574127 903.354797
-230 6.748848 909.004395
-230 2.225845 914.898865
-230 -1.982475 921.021973
-230 -5.864563 927.356934
-230 -9.409782 933.886353
-230 -12.608429 940.592407
-230 -15.451706 947.456665
-230 -17.931854 954.460327
-230 -20.042038 961.584167
-230 -21.776520 968.808716
-230 -23.130508 976.114136
-230 -24.100296 983.480347
-230 -24.683243 990.887268
-230 -24.877747 998.314575
-230 -24.683258 1005.741821
-230 -24.100327 1013.148743
-230 -23.130554 1020.515015
-230 -21.776566 1027.820435
-230 -20.042114 1035.044922
-230 -17.931931 1042.168823
-230 -15.451813 1049.172485
-230 -12.608536 1056.036743
-230 -9.409912 1062.742798
-230 -5.864700 1069.272217
-230 -1.982620 1075.607178
-230 2.225685 1081.730347
-230 6.748680 1087.624756
-230 11.573975 1093.274414
-230 16.688339 1098.663818
-230 22.077744 1103.778198
-230 27.727440 1108.603516
-230 33.621918 1113.126465
-230 39.745041 1117.334717
-230 46.080017 1121.216797
-230 52.609482 1124.761963
-230 59.315540 1127.960571
-230 66.179810 1130.803833
-230 73.183472 1133.283936
-230 80.307343 1135.394043
-230 87.531883 1137.128540
-230 94.837296 1138.482422
-230 102.203560 1139.452148
-230 109.610481 1140.035156
-200 114.200737 1144.251221
-200 121.818504 1144.051758
-200 129.415390 1143.453857
-200 136.970581 1142.459229
-200 144.463348 1141.070435
-200 151.873184 1139.291504
-200 159.179749 1137.127197
-200 166.363037 1134.583496
-200 173.403351 1131.667236
-200 180.281403 1128.386597
-200 186.978302 1124.750488
-200 193.475754 1120.768799
-200 199.755905 1116.452637
-200 205.801559 1111.813599
-200 211.596146 1106.864624
-200 217.123764 1101.619019
-200 222.369293 1096.091431
-200 227.318329 1090.296875
-200 231.957321 1084.251221
-200 236.273560 1077.971069
-200 240.255188 1071.473633
-200 243.891327 1064.776733
-200 247.171967 1057.898682
-200 250.088165 1050.858398
-200 252.631897 1043.675049
-200 254.796204 1036.368530
-200 256.575134 1028.958740
-200 257.963837 1021.465942
-200 258.958496 1013.910767
-200 259.556396 1006.313904
-200 259.755890 998.696106
-200 259.556396 991.078369
-200 258.958527 983.481506
-200 257.963867 975.926331
-200 256.575165 968.433533
-200 254.796234 961.023743
-200 252.631958 953.717163
-200 250.088226 946.533875
-200 247.172028 939.493591
-200 243.891388 932.615540
-200 240.255280 925.918640
-200 236.273651 919.421143
-200 231.957428 913.141052
-200 227.318451 907.095398
-200 222.369415 901.300781
-200 217.123917 895.773193
-200 211.596298 890.527649
-200 205.801727 885.578613
-200 199.756104 880.939575
-200 193.475952 876.623352
-200 186.978516 872.641724
-200 180.281616 869.005615
-200 173.403595 865.724915
-200 166.363297 862.808716
-200 159.180023 860.264954
-200 151.873459 858.100647
-200 144.463654 856.321716
-200 136.970886 854.932983
-200 129.415710 853.938293
-200 121.818832 853.340393
-200 114.201073 853.140869
-200 106.583313 853.340332
-200 98.986427 853.938232
-200 91.431252 854.932861
-200 83.938484 856.321533
-200 76.528656 858.100464
-200 69.222092 860.264771
-200 62.038807 862.808472
-200 54.998493 865.724609
-200 48.120453 869.005249
-200 41.423531 872.641357
-200 34.926086 876.622986
-200 28.645927 880.939209
-200 22.600266 885.578186
-200 16.805672 890.527222
-200 11.278030 895.772705
-200 6.032501 901.300293
-200 1.083443 907.094849
-200 -3.555580 913.140503
-200 -7.871849 919.420654
-200 -11.853516 925.918152
-200 -15.489677 932.615051
-200 -18.770363 939.493103
-200 -21.686577 946.533447
-200 -24.230339 953.716736
-200 -26.394661 961.023315
-200 -28.173637 968.433167
-200 -29.562355 975.925964
-200 -30.557014 983.481201
-200 -31.154915 991.078125
-200 -31.354408 998.695923
-200 -31.154930 1006.313721
-200 -30.557060 1013.910645
-200 -29.562401 1021.465820
-200 -28.173683 1028.958618
-200 -26.394737 1036.368530
-200 -24.230431 1043.675049
-200 -21.686684 1050.858398
-200 -18.770470 1057.898682
-200 -15.489799 1064.776733
-200 -11.853653 1071.473755
-200 -7.872002 1077.971191
-200 -3.555748 1084.251343
-200 1.083267 1090.296997
-200 6.032341 1096.091553
-200 11.277893 1101.619263
-200 16.805542 1106.864746
-200 22.600159 1111.813843
-200 28.645836 1116.452881
-200 34.926025 1120.769043
-200 41.423500 1124.750732
-200 48.120453 1128.386841
-200 54.998528 1131.667480
-200 62.038872 1134.583618
-200 69.222191 1137.127319
-200 76.528793 1139.291626
-200 83.938652 1141.070557
-200 91.431458 1142.459229
-200 98.986679 1143.453857
-200 106.583595 1144.051758
-170 118.840096 1183.001465
-170 127.581039 1182.772461
-170 136.298035 1182.086426
-170 144.967163 1180.945190
-170 153.564697 1179.351685
-170 162.067032 1177.310547
-170 170.450897 1174.827026
-170 178.693298 1171.908325
-170 186.771652 1168.562134
-170 194.663803 1164.797729
-170 202.348129 1160.625488
-170 209.803558 1156.056763
-170 217.009674 1151.104248
-170 223.946716 1145.781250
-170 230.595657 1140.102539
-170 236.938293 1134.083496
-170 242.957230 1127.740967
-170 248.635956 1121.091919
-170 253.958923 1114.154907
-170 258.911560 1106.948853
-170 263.480255 1099.493408
-170 267.652496 1091.809082
-170 271.416870 1083.916870
-170 274.763031 1075.838623
-170 277.681824 1067.596191
-170 280.165222 1059.212280
-170 282.206451 1050.709961
-170 283.799927 1042.112427
-170 284.941223 1033.443359
-170 285.627258 1024.726318
-170 285.856171 1015.985474
-170 285.627289 1007.244507
-170 284.941254 998.527527
-170 283.799927 989.858398
-170 282.206482 981.260864
-170 280.165253 972.758545
-170 277.681854 964.374695
-170 274.763092 956.132324
-170 271.416931 948.053955
-170 267.652588 940.161804
-170 263.480347 932.477478
-170 258.911652 925.022034
-170 253.959045 917.815918
-170 248.636078 910.878906
-170 242.957382 904.229980
-170 236.938446 897.887329
-170 230.595840 891.868408
-170 223.946899 886.189636
-170 217.009888 880.866699
-170 209.803802 875.914063
-170 202.348389 871.345337
-170 194.664063 867.173096
-170 186.771927 863.408691
-170 178.693604 860.062500
-170 170.451202 857.143738
-170 162.067352 854.660278
-170 153.565033 852.619080
-170 144.967514 851.025574
-170 136.298386 849.884277
-170 127.581413 849.198181
-170 118.840477 848.969299
-170 110.099541 849.198120
-170 101.382561 849.884155
-170 92.713432 851.025452
-170 84.115921 852.618896
-170 75.613571 854.660095
-170 67.229713 857.143494
-170 58.987312 860.062256
-170 50.908966 863.408386
-170 43.016808 867.172729
-170 35.332481 871.344971
-170 27.877045 875.913635
-170 20.670921 880.866211
-170 13.733879 886.189148
-170 7.084915 891.867859
-170 0.742271 897.886780
-170 -5.276672 904.229370
-170 -10.955421 910.878296
-170 -16.278435 917.815369
-170 -21.231102 925.021484
-170 -25.799828 932.476929
-170 -29.972115 940.161255
-170 -33.736504 948.053467
-170 -37.082695 956.131775
-170 -40.001518 964.374207
-170 -42.484962 972.758118
-170 -44.526222 981.260498
-170 -46.119698 989.858032
-170 -47.261009 998.527222
-170 -47.947075 1007.244202
-170 -48.175972 1015.985168
-170 -47.947090 1024.726196
-170 -47.261055 1033.443237
-170 -46.119743 1042.112305
-170 -44.526268 1050.709961
-170 -42.485039 1059.212280
-170 -40.001625 1067.596191
-170 -37.082817 1075.838623
-170 -33.736641 1083.916992
-170 -29.972267 1091.809204
-170 -25.799995 1099.493530
-170 -21.231270 1106.948975
-170 -16.278618 1114.155151
-170 -10.955620 1121.092163
-170 -5.276848 1127.741089
-170 0.742111 1134.083740
-170 7.084770 1140.102661
-170 13.733757 1145.781494
-170 20.670822 1151.104370
-170 27.876968 1156.057007
-170 35.332443 1160.625732
-170 43.016815 1164.797974
-170 50.909004 1168.562378
-170 58.987389 1171.908447
-170 67.229828 1174.827271
-170 75.613724 1177.310669
-170 84.116112 1179.351807
-170 92.713676 1180.945313
-170 101.382843 1182.086548
-170 110.099869 1182.772583
-140 112.127602 1138.676514
-140 119.680695 1138.478760
-140 127.213089 1137.885986
-140 134.704132 1136.899658
-140 142.133301 1135.522827
-140 149.480209 1133.758911
-140 156.724747 1131.613037
-140 163.847046 1129.090820
-140 170.827591 1126.199463
-140 177.647247 1122.946655
-140 184.287292 1119.341431
-140 190.729584 1115.393555
-140 196.956421 1111.114014
-140 202.950745 1106.514404
-140 208.696136 1101.607300
-140 214.176819 1096.406372
-140 219.377823 1090.925659
-140 224.284851 1085.180298
-140 228.884445 1079.185913
-140 233.164032 1072.959106
-140 237.111877 1066.516846
-140 240.717133 1059.876709
-140 243.969940 1053.057129
-140 246.861359 1046.076538
-140 249.383514 1038.954346
-140 251.529419 1031.709717
-140 253.293274 1024.362793
-140 254.670197 1016.933716
-140 255.656403 1009.442688
-140 256.249207 1001.910278
-140 256.446991 994.357178
-140 256.249207 986.804138
-140 255.656403 979.271729
-140 254.670197 971.780701
-140 253.293304 964.351563
-140 251.529480 957.004639
-140 249.383545 949.760071
-140 246.861420 942.637817
-140 243.970001 935.657288
-140 240.717194 928.837646
-140 237.111938 922.197571
-140 233.164124 915.755310
-140 228.884552 909.528442
-140 224.284943 903.534119
-140 219.377960 897.788757
-140 214.176971 892.308044
-140 208.696289 887.107056
-140 202.950912 882.200012
-140 196.956604 877.600403
-140 190.729782 873.320801
-140 184.287506 869.372986
-140 177.647461 865.767700
-140 170.827835 862.514893
-140 163.847305 859.623413
-140 156.725021 857.101318
-140 149.480484 854.955322
-140 142.133575 853.191528
-140 134.704437 851.814575
-140 127.213402 850.828369
-140 119.681015 850.235535
-140 112.127930 850.037720
-140 104.574844 850.235474
-140 97.042465 850.828247
-140 89.551430 851.814453
-140 82.122269 853.191406
-140 74.775360 854.955200
-140 67.530823 857.101074
-140 60.408520 859.623230
-140 53.427979 862.514648
-140 46.608330 865.767395
-140 39.968262 869.372681
-140 33.525986 873.320435
-140 27.299141 877.600037
-140 21.304810 882.199585
-140 15.559410 887.106628
-140 10.078697 892.307556
-140 4.877701 897.788269
-140 -0.029335 903.533630
-140 -4.628975 909.527954
-140 -8.908600 915.754761
-140 -12.856461 922.197083
-140 -16.461754 928.837158
-140 -19.714592 935.656799
-140 -22.606041 942.637390
-140 -25.128212 949.759705
-140 -27.274162 957.004272
-140 -29.038017 964.351196
-140 -30.414955 971.780396
-140 -31.401176 979.271423
-140 -31.993996 986.803833
-140 -32.191795 994.356995
-140 -31.994011 1001.910095
-140 -31.401207 1009.442505
-140 -30.415001 1016.933594
-140 -29.038078 1024.362793
-140 -27.274223 1031.709717
-140 -25.128304 1038.954224
-140 -22.606148 1046.076660
-140 -19.714699 1053.057129
-140 -16.461876 1059.876831
-140 -12.856598 1066.516968
-140 -8.908752 1072.959229
-140 -4.629143 1079.186035
-140 -0.029510 1085.180420
-140 4.877548 1090.925781
-140 10.078560 1096.406494
-140 15.559280 1101.607544
-140 21.304703 1106.514526
-140 27.299057 1111.114136
-140 33.525925 1115.393799
-140 39.968231 1119.341553
-140 46.608330 1122.946777
-140 53.428013 1126.199585
-140 60.408585 1129.091064
-140 67.530914 1131.613159
-140 74.775490 1133.759033
-140 82.122437 1135.522949
-140 89.551636 1136.899780
-140 97.042709 1137.885986
-140 104.575127 1138.478760
-110 104.843155 1113.208618
-110 111.537292 1113.033325
-110 118.213081 1112.507935
-110 124.852226 1111.633911
-110 131.436523 1110.413574
-110 137.947937 1108.850220
-110 144.368607 1106.948364
-110 150.680939 1104.713013
-110 156.867630 1102.150513
-110 162.911728 1099.267578
-110 168.796661 1096.072266
-110 174.506317 1092.573486
-110 180.025024 1088.780518
-110 185.337646 1084.703979
-110 190.429657 1080.354980
-110 195.287079 1075.745483
-110 199.896606 1070.888062
-110 204.245590 1065.796021
-110 208.322113 1060.483398
-110 212.115021 1054.964722
-110 215.613892 1049.255127
-110 218.809143 1043.370117
-110 221.692047 1037.326050
-110 224.254639 1031.139404
-110 226.489960 1024.827026
-110 228.391846 1018.406372
-110 229.955093 1011.894958
-110 231.175430 1005.310669
-110 232.049500 998.671570
-110 232.574890 991.995789
-110 232.750183 985.301636
-110 232.574890 978.607544
-110 232.049500 971.931763
-110 231.175446 965.292603
-110 229.955124 958.708313
-110 228.391876 952.196899
-110 226.489990 945.776245
-110 224.254700 939.463928
-110 221.692093 933.277222
-110 218.809204 927.233154
-110 215.613968 921.348206
-110 212.115097 915.638550
-110 208.322205 910.119873
-110 204.245697 904.807190
-110 199.896729 899.715210
-110 195.287201 894.857788
-110 190.429810 890.248230
-110 185.337799 885.899292
-110 180.025177 881.822754
-110 174.506500 878.029846
-110 168.796860 874.530945
-110 162.911926 871.335693
-110 156.867844 868.452759
-110 150.681152 865.890137
-110 144.368835 863.654846
-110 137.948181 861.752930
-110 131.436783 860.189697
-110 124.852493 858.969360
-110 118.213356 858.095276
-110 111.537575 857.569824
-110 104.843452 857.394531
-110 98.149323 857.569824
-110 91.473534 858.095215
-110 84.834396 858.969238
-110 78.250107 860.189575
-110 71.738701 861.752808
-110 65.318031 863.654663
-110 59.005699 865.889954
-110 52.819004 868.452515
-110 46.774902 871.335449
-110 40.889961 874.530640
-110 35.180313 878.029541
-110 29.661606 881.822388
-110 24.348961 885.898926
-110 19.256943 890.247864
-110 14.399513 894.857361
-110 9.789986 899.714783
-110 5.440987 904.806763
-110 1.364433 910.119385
-110 -2.428505 915.638123
-110 -5.927406 921.347778
-110 -9.122688 927.232727
-110 -12.005608 933.276794
-110 -14.568237 939.463501
-110 -16.803574 945.775879
-110 -18.705482 952.196594
-110 -20.268753 958.708008
-110 -21.489098 965.292297
-110 -22.363167 971.931458
-110 -22.888573 978.607300
-110 -23.063873 985.301453
-110 -22.888588 991.995605
-110 -22.363197 998.671448
-110 -21.489136 1005.310608
-110 -20.268799 1011.894897
-110 -18.705544 1018.406372
-110 -16.803650 1024.827026
-110 -14.568329 1031.139404
-110 -12.005707 1037.326050
-110 -9.122803 1043.370239
-110 -5.927528 1049.255127
-110 -2.428635 1054.964844
-110 1.364288 1060.483521
-110 5.440834 1065.796265
-110 9.789848 1070.888184
-110 14.399391 1075.745605
-110 19.256828 1080.355225
-110 24.348869 1084.704224
-110 29.661530 1088.780762
-110 35.180260 1092.573608
-110 40.889935 1096.072510
-110 46.774906 1099.267700
-110 52.819035 1102.150635
-110 59.005756 1104.713257
-110 65.318115 1106.948486
-110 71.738815 1108.850342
-110 78.250259 1110.413574
-110 84.834579 1111.633911
-110 91.473755 1112.507935
-110 98.149567 1113.033325
-80 111.680794 1115.821045
-80 118.557701 1115.640991
-80 125.415764 1115.101196
-80 132.236176 1114.203247
-80 139.000259 1112.949707
-80 145.689453 1111.343750
-80 152.285431 1109.389893
-80 158.770111 1107.093506
-80 165.125717 1104.460938
-80 171.334839 1101.499390
-80 177.380463 1098.216797
-80 183.246002 1094.622437
-80 188.915375 1090.725952
-80 194.373077 1086.538208
-80 199.604126 1082.070435
-80 204.594147 1077.335083
-80 209.329529 1072.344971
-80 213.797272 1067.114014
-80 217.985092 1061.656250
-80 221.881561 1055.986938
-80 225.475967 1050.121338
-80 228.758453 1044.075684
-80 231.720062 1037.866577
-80 234.352631 1031.510986
-80 236.648987 1025.026367
-80 238.602798 1018.430359
-80 240.208740 1011.741211
-80 241.462372 1004.977112
-80 242.360321 998.156738
-80 242.900055 991.298645
-80 243.080139 984.421753
-80 242.900055 977.544861
-80 242.360321 970.686829
-80 241.462402 963.866394
-80 240.208771 957.102356
-80 238.602844 950.413147
-80 236.649017 943.817200
-80 234.352692 937.332520
-80 231.720123 930.976868
-80 228.758514 924.767761
-80 225.476044 918.722168
-80 221.881638 912.856628
-80 217.985184 907.187256
-80 213.797363 901.729553
-80 209.329651 896.498535
-80 204.594299 891.508484
-80 199.604248 886.773071
-80 194.373230 882.305359
-80 188.915558 878.117493
-80 183.246185 874.221069
-80 177.380661 870.626648
-80 171.335052 867.344116
-80 165.125946 864.382507
-80 158.770340 861.749939
-80 152.285675 859.453552
-80 145.689697 857.499756
-80 139.000519 855.893799
-80 132.236450 854.640137
-80 125.416046 853.742188
-80 118.557999 853.202454
-80 111.681099 853.022339
-80 104.804192 853.202393
-80 97.946136 853.742126
-80 91.125732 854.640015
-80 84.361664 855.893677
-80 77.672470 857.499573
-80 71.076492 859.453369
-80 64.591812 861.749695
-80 58.236202 864.382263
-80 52.027073 867.343872
-80 45.981453 870.626343
-80 40.115913 874.220703
-80 34.446526 878.117188
-80 28.988823 882.304993
-80 23.757782 886.772705
-80 18.767723 891.508057
-80 14.032341 896.498047
-80 9.564598 901.729065
-80 5.376740 907.186768
-80 1.480240 912.856140
-80 -2.114189 918.721680
-80 -5.396721 924.767334
-80 -8.358345 930.976501
-80 -10.990952 937.332092
-80 -13.287323 943.816833
-80 -15.241158 950.412781
-80 -16.847115 957.101990
-80 -18.100777 963.866089
-80 -18.998711 970.686523
-80 -19.538460 977.544617
-80 -19.718544 984.421570
-80 -19.538475 991.298523
-80 -18.998741 998.156616
-80 -18.100807 1004.977051
-80 -16.847160 1011.741150
-80 -15.241219 1018.430359
-80 -13.287399 1025.026367
-80 -10.991043 1031.510986
-80 -8.358444 1037.866699
-80 -5.396835 1044.075806
-80 -2.114311 1050.121460
-80 1.480110 1055.987061
-80 5.376587 1061.656372
-80 9.564445 1067.114136
-80 14.032196 1072.345215
-80 18.767593 1077.335205
-80 23.757660 1082.070557
-80 28.988731 1086.538330
-80 34.446442 1090.726196
-80 40.115860 1094.622681
-80 45.981430 1098.217041
-80 52.027077 1101.499512
-80 58.236233 1104.461182
-80 64.591873 1107.093750
-80 71.076584 1109.390015
-80 77.672592 1111.343872
-80 84.361816 1112.949707
-80 91.125916 1114.203369
-80 97.946358 1115.101318
-80 104.804443 1115.640991
-50 112.776680 1140.173462
-50 120.259750 1139.977539
-50 127.722305 1139.390259
-50 135.143906 1138.413208
-50 142.504196 1137.049072
-50 149.782990 1135.301514
-50 156.960373 1133.175537
-50 164.016647 1130.676758
-50 170.932465 1127.812134
-50 177.688904 1124.589478
-50 184.267395 1121.017578
-50 190.649948 1117.106445
-50 196.819061 1112.866455
-50 202.757813 1108.309570
-50 208.449936 1103.447998
-50 213.879822 1098.295166
-50 219.032593 1092.865356
-50 223.894135 1087.173218
-50 228.451080 1081.234497
-50 232.691010 1075.065308
-50 236.602234 1068.682739
-50 240.174072 1062.104248
-50 243.396698 1055.347900
-50 246.261353 1048.432007
-50 248.760101 1041.375854
-50 250.886139 1034.198486
-50 252.633606 1026.919678
-50 253.997772 1019.559326
-50 254.974823 1012.137756
-50 255.562164 1004.675232
-50 255.758118 997.192139
-50 255.562164 989.709106
-50 254.974854 982.246521
-50 253.997803 974.824951
-50 252.633636 967.464661
-50 250.886169 960.185852
-50 248.760132 953.008484
-50 246.261383 945.952271
-50 243.396759 939.036438
-50 240.174133 932.280029
-50 236.602310 925.701477
-50 232.691086 919.318970
-50 228.451187 913.149841
-50 223.894226 907.211121
-50 219.032715 901.518982
-50 213.879959 896.089111
-50 208.450089 890.936279
-50 202.757980 886.074768
-50 196.819244 881.517822
-50 190.650146 877.277893
-50 184.267609 873.366638
-50 177.689117 869.794800
-50 170.932709 866.572144
-50 164.016891 863.707520
-50 156.960632 861.208740
-50 149.783279 859.082703
-50 142.504486 857.335205
-50 135.144196 855.971069
-50 127.722618 854.993958
-50 120.260071 854.406616
-50 112.777008 854.210632
-50 105.293945 854.406616
-50 97.831390 854.993896
-50 90.409805 855.970947
-50 83.049522 857.335083
-50 75.770721 859.082520
-50 68.593353 861.208557
-50 61.537079 863.707275
-50 54.621254 866.571899
-50 47.864830 869.794495
-50 41.286324 873.366333
-50 34.903770 877.277527
-50 28.734657 881.517456
-50 22.795891 886.074341
-50 17.103760 890.935852
-50 11.673859 896.088623
-50 6.521080 901.518494
-50 1.659531 907.210571
-50 -2.897461 913.149353
-50 -7.137413 919.318481
-50 -11.048676 925.701050
-50 -14.620537 932.279541
-50 -17.843208 939.036011
-50 -20.707863 945.951843
-50 -23.206657 953.008118
-50 -25.332710 960.185486
-50 -27.080208 967.464355
-50 -28.444374 974.824646
-50 -29.421455 982.246277
-50 -30.008781 989.708862
-50 -30.204750 997.191956
-50 -30.008797 1004.675049
-50 -29.421501 1012.137634
-50 -28.444420 1019.559265
-50 -27.080269 1026.919556
-50 -25.332771 1034.198364
-50 -23.206734 1041.375732
-50 -20.707970 1048.432129
-50 -17.843330 1055.347900
-50 -14.620667 1062.104370
-50 -11.048805 1068.682861
-50 -7.137558 1075.065430
-50 -2.897629 1081.234619
-50 1.659363 1087.173340
-50 6.520927 1092.865479
-50 11.673721 1098.295410
-50 17.103630 1103.448120
-50 22.795792 1108.309692
-50 28.734566 1112.866699
-50 34.903709 1117.106567
-50 41.286293 1121.017822
-50 47.864830 1124.589600
-50 54.621288 1127.812256
-50 61.537144 1130.676880
-50 68.593445 1133.175659
-50 75.770859 1135.301636
-50 83.049690 1137.049072
-50 90.410011 1138.413208
-50 97.831635 1139.390259
-50 105.294220 1139.977539
-20 119.401993 1152.323120
-20 127.105820 1152.121338
-20 134.788528 1151.516724
-20 142.429077 1150.510742
-20 150.006500 1149.106445
-20 157.500031 1147.307373
-20 164.889160 1145.118652
-20 172.153595 1142.546143
-20 179.273438 1139.597046
-20 186.229187 1136.279297
-20 193.001770 1132.602051
-20 199.572601 1128.575439
-20 205.923706 1124.210449
-20 212.037659 1119.519043
-20 217.897705 1114.514160
-20 223.487793 1109.209351
-20 228.792572 1103.619263
-20 233.797516 1097.759155
-20 238.488922 1091.645264
-20 242.853912 1085.294189
-20 246.880539 1078.723267
-20 250.557739 1071.950684
-20 253.875458 1064.994995
-20 256.824585 1057.875122
-20 259.397064 1050.610718
-20 261.585815 1043.221680
-20 263.384857 1035.728027
-20 264.789246 1028.150635
-20 265.795166 1020.510132
-20 266.399780 1012.827454
-20 266.601532 1005.123596
-20 266.399811 997.419800
-20 265.795166 989.737061
-20 264.789276 982.096558
-20 263.384888 974.519165
-20 261.585876 967.025635
-20 259.397095 959.636475
-20 256.824646 952.372070
-20 253.875519 945.252197
-20 250.557816 938.296509
-20 246.880615 931.523926
-20 242.854004 924.953064
-20 238.489029 918.601990
-20 233.797638 912.488037
-20 228.792709 906.627991
-20 223.487930 901.037903
-20 217.897873 895.733093
-20 212.037842 890.728149
-20 205.923904 886.036743
-20 199.572815 881.671753
-20 193.001984 877.645142
-20 186.229416 873.967896
-20 179.273682 870.650146
-20 172.153854 867.701050
-20 164.889420 865.128540
-20 157.500320 862.939758
-20 150.006790 861.140747
-20 142.429382 859.736328
-20 134.788849 858.730408
-20 127.106148 858.125732
-20 119.402328 857.924011
-20 111.698509 858.125732
-20 104.015808 858.730347
-20 96.375275 859.736206
-20 88.797852 861.140564
-20 81.304321 862.939575
-20 73.915207 865.128357
-20 66.650772 867.700806
-20 59.530918 870.649902
-20 52.575172 873.967590
-20 45.802589 877.644775
-20 39.231743 881.671387
-20 32.880638 886.036377
-20 26.766670 890.727722
-20 20.906616 895.732666
-20 15.316528 901.037415
-20 10.011734 906.627441
-20 5.006767 912.487488
-20 0.315338 918.601440
-20 -4.049698 924.952576
-20 -8.076340 931.523438
-20 -11.753586 938.296021
-20 -15.071335 945.251770
-20 -18.020493 952.371643
-20 -20.593002 959.636108
-20 -22.781769 967.025208
-20 -24.580841 974.518799
-20 -25.985245 982.096252
-20 -26.991150 989.736816
-20 -27.595795 997.419556
-20 -27.797546 1005.123413
-20 -27.595825 1012.827271
-20 -26.991180 1020.510010
-20 -25.985291 1028.150513
-20 -24.580887 1035.728027
-20 -22.781845 1043.221558
-20 -20.593079 1050.610718
-20 -18.020599 1057.875122
-20 -15.071442 1064.994995
-20 -11.753708 1071.950806
-20 -8.076485 1078.723389
-20 -4.049850 1085.294312
-20 0.315170 1091.645386
-20 5.006592 1097.759399
-20 10.011574 1103.619385
-20 15.316383 1109.209473
-20 20.906487 1114.514282
-20 26.766571 1119.519287
-20 32.880547 1124.210693
-20 39.231682 1128.575684
-20 45.802559 1132.602295
-20 52.575172 1136.279541
-20 59.530956 1139.597168
-20 66.650833 1142.546265
-20 73.915306 1145.118774
-20 81.304459 1147.307495
-20 88.798027 1149.106567
-20 96.375481 1150.510864
-20 104.016052 1151.516724
-20 111.698792 1152.121338
10 124.374992 1129.912109
10 131.664246 1129.721313
10 138.933517 1129.149170
10 146.162872 1128.197388
10 153.332520 1126.868652
10 160.422806 1125.166382
10 167.414276 1123.095459
10 174.287781 1120.661377
10 181.024475 1117.870972
10 187.605896 1114.731689
10 194.014008 1111.252441
10 200.231262 1107.442505
10 206.240570 1103.312378
10 212.025513 1098.873413
10 217.570190 1094.137817
10 222.859436 1089.118530
10 227.878754 1083.829346
10 232.614365 1078.284668
10 237.053299 1072.499634
10 241.183395 1066.490356
10 244.993317 1060.273071
10 248.472641 1053.864990
10 251.611816 1047.283569
10 254.402252 1040.546875
10 256.836273 1033.673462
10 258.907257 1026.681885
10 260.609467 1019.591675
10 261.938293 1012.422058
10 262.890045 1005.192688
10 263.462158 997.923401
10 263.653046 990.634155
10 263.462158 983.344910
10 262.890076 976.075684
10 261.938324 968.846313
10 260.609497 961.676636
10 258.907288 954.586426
10 256.836334 947.594910
10 254.402283 940.721436
10 251.611877 933.984741
10 248.472717 927.403320
10 244.993408 920.995239
10 241.183472 914.777954
10 237.053406 908.768677
10 232.614471 902.983704
10 227.878876 897.439026
10 222.859589 892.149780
10 217.570343 887.130493
10 212.025665 882.394836
10 206.240753 877.955933
10 200.231445 873.825806
10 194.014221 870.015869
10 187.606125 866.536560
10 181.024704 863.397339
10 174.288025 860.606934
10 167.414536 858.172852
10 160.423065 856.101929
10 153.332809 854.399658
10 146.163177 853.070862
10 138.933807 852.119080
10 131.664551 851.546936
10 124.375313 851.356079
10 117.086067 851.546875
10 109.816803 852.119019
10 102.587448 853.070740
10 95.417801 854.399536
10 88.327530 856.101746
10 81.336060 858.172668
10 74.462555 860.606689
10 67.725861 863.397095
10 61.144432 866.536255
10 54.736320 870.015564
10 48.519081 873.825500
10 42.509750 877.955566
10 36.724808 882.394470
10 31.180107 887.130066
10 25.890854 892.149353
10 20.871536 897.438538
10 16.135910 902.983215
10 11.696945 908.768188
10 7.566811 914.777466
10 3.756859 920.994751
10 0.277512 927.402893
10 -2.861694 933.984314
10 -5.652153 940.721008
10 -8.086220 947.594543
10 -10.157204 954.586060
10 -11.859444 961.676331
10 -13.188286 968.846008
10 -14.140053 976.075378
10 -14.712166 983.344666
10 -14.903053 990.633972
10 -14.712181 997.923218
10 -14.140083 1005.192505
10 -13.188316 1012.421936
10 -11.859505 1019.591614
10 -10.157265 1026.681885
10 -8.086296 1033.673340
10 -5.652260 1040.546875
10 -2.861801 1047.283691
10 0.277390 1053.865112
10 3.756729 1060.273193
10 7.566673 1066.490479
10 11.696785 1072.499756
10 16.135742 1078.284790
10 20.871384 1083.829468
10 25.890717 1089.118774
10 31.179985 1094.138062
10 36.724709 1098.873657
10 42.509666 1103.312622
10 48.519020 1107.442627
10 54.736290 1111.252563
10 61.144436 1114.731934
10 67.725891 1117.871094
10 74.462616 1120.661499
10 81.336151 1123.095581
10 88.327660 1125.166504
10 95.417969 1126.868652
10 102.587646 1128.197510
10 109.817039 1129.149170
10 117.086342 1129.721313
40 125.360062 1152.174561
40 133.060226 1151.972900
40 140.739273 1151.368652
40 148.376175 1150.363159
40 155.949997 1148.959473
40 163.439972 1147.161255
40 170.825562 1144.973633
40 178.086533 1142.402344
40 185.203003 1139.454590
40 192.155426 1136.138428
40 198.924774 1132.463013
40 205.492493 1128.438232
40 211.840576 1124.075439
40 217.951614 1119.386230
40 223.808868 1114.383667
40 229.396286 1109.081421
40 234.698547 1103.494019
40 239.701111 1097.636719
40 244.390289 1091.525635
40 248.753204 1085.177612
40 252.777893 1078.609863
40 256.453369 1071.840576
40 259.769470 1064.888062
40 262.717224 1057.771606
40 265.288452 1050.510742
40 267.476196 1043.125122
40 269.274353 1035.635132
40 270.678101 1028.061279
40 271.683502 1020.424438
40 272.287842 1012.745422
40 272.489502 1005.045227
40 272.287872 997.345093
40 271.683533 989.666077
40 270.678101 982.029175
40 269.274414 974.455322
40 267.476227 966.965393
40 265.288513 959.579773
40 262.717285 952.318848
40 259.769531 945.202393
40 256.453430 938.249939
40 252.777985 931.480591
40 248.753296 924.912903
40 244.390381 918.564819
40 239.701233 912.453735
40 234.698685 906.596497
40 229.396423 901.009094
40 223.809036 895.706848
40 217.951782 890.704285
40 211.840759 886.015076
40 205.492706 881.652161
40 198.925003 877.627441
40 192.155670 873.952026
40 185.203247 870.635864
40 178.086792 867.688110
40 170.825836 865.116821
40 163.440247 862.929077
40 155.950287 861.130920
40 148.376480 859.727173
40 140.739594 858.721741
40 133.060547 858.117371
40 125.360397 857.915710
40 117.660248 858.117310
40 109.981201 858.721680
40 102.344307 859.727051
40 94.770493 861.130798
40 87.280533 862.928955
40 79.894936 865.116638
40 72.633957 867.687866
40 65.517502 870.635559
40 58.565063 873.951660
40 51.795708 877.627136
40 45.227989 881.651794
40 38.879906 886.014709
40 32.768860 890.703857
40 26.911591 895.706360
40 21.324165 901.008606
40 16.021896 906.596008
40 11.019318 912.453247
40 6.330116 918.564270
40 1.967163 924.912354
40 -2.057564 931.480103
40 -5.733047 938.249451
40 -9.049225 945.201904
40 -11.996979 952.318359
40 -14.568253 959.579407
40 -16.755997 966.965027
40 -18.554199 974.455017
40 -19.957947 982.028809
40 -20.963364 989.665771
40 -21.567734 997.344849
40 -21.769379 1005.045044
40 -21.567749 1012.745239
40 -20.963394 1020.424316
40 -19.957977 1028.061279
40 -18.554245 1035.635010
40 -16.756058 1043.125000
40 -14.568344 1050.510742
40 -11.997086 1057.771729
40 -9.049347 1064.888184
40 -5.733185 1071.840576
40 -2.057709 1078.609985
40 1.967010 1085.177734
40 6.329948 1091.525879
40 11.019142 1097.636841
40 16.021736 1103.494141
40 21.324020 1109.081543
40 26.911461 1114.383789
40 32.768753 1119.386475
40 38.879822 1124.075562
40 45.227928 1128.438477
40 51.795677 1132.463135
40 58.565071 1136.138672
40 65.517532 1139.454834
40 72.634026 1142.402466
40 79.895035 1144.973755
40 87.280670 1147.161377
40 94.770668 1148.959595
40 102.344513 1150.363281
40 109.981445 1151.368652
40 117.660530 1151.973022
70 127.385780 1161.657471
70 134.911789 1161.460449
70 142.417175 1160.869751
70 149.881348 1159.887085
70 157.283875 1158.515015
70 164.604446 1156.757568
70 171.822998 1154.619263
70 178.919769 1152.106201
70 185.875275 1149.225098
70 192.670471 1145.984009
70 199.286713 1142.391724
70 205.705902 1138.458008
70 211.910400 1134.193726
70 217.883240 1129.610596
70 223.608032 1124.721191
70 229.069061 1119.538818
70 234.251404 1114.077881
70 239.140839 1108.353027
70 243.723938 1102.380249
70 247.988190 1096.175659
70 251.921875 1089.756470
70 255.514191 1083.140259
70 258.755341 1076.345093
70 261.636383 1069.389648
70 264.149475 1062.292847
70 266.287720 1055.074341
70 268.045227 1047.753784
70 269.417206 1040.351196
70 270.399902 1032.887085
70 270.990570 1025.381714
70 271.187653 1017.855652
70 270.990601 1010.329651
70 270.399902 1002.824280
70 269.417236 995.360107
70 268.045258 987.957581
70 266.287750 980.637024
70 264.149536 973.418457
70 261.636444 966.321716
70 258.755402 959.366211
70 255.514252 952.571045
70 251.921936 945.954773
70 247.988281 939.535645
70 243.724060 933.331116
70 239.140945 927.358276
70 234.251541 921.633484
70 229.069214 916.172485
70 223.608185 910.990112
70 217.883408 906.100708
70 211.910583 901.517578
70 205.706100 897.253296
70 199.286926 893.319641
70 192.670685 889.727295
70 185.875519 886.486145
70 178.920013 883.605103
70 171.823273 881.091980
70 164.604721 878.953735
70 157.284164 877.196167
70 149.881653 875.824219
70 142.417480 874.841492
70 134.912109 874.250793
70 127.386108 874.053711
70 119.860107 874.250793
70 112.354736 874.841431
70 104.890564 875.824097
70 97.488045 877.196045
70 90.167480 878.953552
70 82.948914 881.091797
70 75.852158 883.604858
70 68.896652 886.485840
70 62.101456 889.726990
70 55.485199 893.319336
70 49.066017 897.252930
70 42.861511 901.517151
70 36.888672 906.100281
70 31.163872 910.989685
70 25.702812 916.171997
70 20.520470 921.632996
70 15.631027 927.357788
70 11.047882 933.330627
70 6.783600 939.535095
70 2.849899 945.954285
70 -0.742455 952.570557
70 -3.983635 959.365784
70 -6.864723 966.321289
70 -9.377846 973.418091
70 -11.516106 980.636658
70 -13.273628 987.957275
70 -14.645622 995.359802
70 -15.628319 1002.824036
70 -16.219017 1010.329407
70 -16.416100 1017.855469
70 -16.219032 1025.381470
70 -15.628349 1032.886841
70 -14.645668 1040.351074
70 -13.273689 1047.753662
70 -11.516167 1055.074219
70 -9.377922 1062.292847
70 -6.864830 1069.389648
70 -3.983742 1076.345093
70 -0.742592 1083.140381
70 2.849762 1089.756592
70 6.783455 1096.175781
70 11.047714 1102.380371
70 15.630859 1108.353149
70 20.520317 1114.078003
70 25.702675 1119.539063
70 31.163742 1124.721436
70 36.888565 1129.610840
70 42.861420 1134.193970
70 49.065964 1138.458252
70 55.485168 1142.391846
70 62.101456 1145.984131
70 68.896683 1149.225342
70 75.852219 1152.106445
70 82.949020 1154.619507
70 90.167603 1156.757690
70 97.488213 1158.515137
70 104.890770 1159.887085
70 112.354980 1160.869751
70 119.860390 1161.460449
100 115.847359 1143.563721
100 123.057304 1143.375000
100 130.247482 1142.809082
100 137.398209 1141.867676
100 144.489853 1140.553345
100 151.502991 1138.869629
100 158.418396 1136.821167
100 165.217117 1134.413574
100 171.880524 1131.653564
100 178.390350 1128.548584
100 184.728729 1125.107056
100 190.878326 1121.338623
100 196.822266 1117.253418
100 202.544266 1112.862793
100 208.028641 1108.178711
100 213.260345 1103.213989
100 218.225037 1097.982300
100 222.909134 1092.497925
100 227.299774 1086.775879
100 231.384933 1080.832031
100 235.153412 1074.682373
100 238.594879 1068.343994
100 241.699890 1061.834229
100 244.459961 1055.170776
100 246.867523 1048.372070
100 248.915955 1041.456665
100 250.599670 1034.443604
100 251.914032 1027.351929
100 252.855438 1020.201233
100 253.421326 1013.011047
100 253.610107 1005.801086
100 253.421326 998.591187
100 252.855438 991.401001
100 251.914032 984.250305
100 250.599701 977.158630
100 248.915985 970.145508
100 246.867554 963.230103
100 244.460022 956.431396
100 241.699951 949.768005
100 238.594940 943.258179
100 235.153488 936.919800
100 231.385010 930.770203
100 227.299866 924.826233
100 222.909241 919.104248
100 218.225159 913.619873
100 213.260468 908.388184
100 208.028778 903.423462
100 202.544434 898.739380
100 196.822449 894.348755
100 190.878525 890.263550
100 184.728943 886.495117
100 178.390564 883.053650
100 171.880753 879.948608
100 165.217361 877.188477
100 158.418640 874.780945
100 151.503250 872.732483
100 144.490128 871.048767
100 137.398499 869.734375
100 130.247787 868.792969
100 123.057610 868.227051
100 115.847672 868.038269
100 108.637741 868.227051
100 101.447563 868.792908
100 94.296852 869.734314
100 87.205215 871.048645
100 80.192078 872.732300
100 73.276672 874.780762
100 66.477951 877.188293
100 59.814548 879.948364
100 53.304722 883.053345
100 46.966324 886.494751
100 40.816727 890.263245
100 34.872780 894.348389
100 29.150780 898.739014
100 23.666397 903.423035
100 18.434685 908.387756
100 13.469978 913.619385
100 8.785873 919.103760
100 4.395203 924.825745
100 0.310005 930.769714
100 -3.458496 936.919312
100 -6.899994 943.257751
100 -10.005043 949.767578
100 -12.765144 956.430969
100 -15.172722 963.229736
100 -17.221184 970.145142
100 -18.904900 977.158325
100 -20.219276 984.250000
100 -21.160698 991.400696
100 -21.726585 998.590942
100 -21.915398 1005.800903
100 -21.726601 1013.010864
100 -21.160728 1020.201050
100 -20.219322 1027.351807
100 -18.904961 1034.443481
100 -17.221245 1041.456665
100 -15.172798 1048.372070
100 -12.765236 1055.170776
100 -10.005150 1061.834229
100 -6.900116 1068.344116
100 -3.458626 1074.682495
100 0.309868 1080.832153
100 4.395042 1086.776123
100 8.785706 1092.498047
100 13.469826 1097.982422
100 18.434555 1103.214111
100 23.666275 1108.178833
100 29.150681 1112.863037
100 34.872696 1117.253662
100 40.816666 1121.338745
100 46.966293 1125.107300
100 53.304726 1128.548706
100 59.814579 1131.653687
100 66.478012 1134.413818
100 73.276764 1136.821289
100 80.192207 1138.869751
100 87.205376 1140.553467
100 94.297050 1141.867798
100 101.447792 1142.809204
100 108.638000 1143.375000
130 122.582611 1145.020142
130 129.520691 1144.838501
130 136.439758 1144.293945
130 143.320831 1143.388062
130 150.145065 1142.123291
130 156.893768 1140.503052
130 163.548401 1138.531860
130 170.090775 1136.215088
130 176.502914 1133.559082
130 182.767273 1130.571167
130 188.866669 1127.259399
130 194.784378 1123.633057
130 200.504181 1119.701904
130 206.010422 1115.476807
130 211.287994 1110.969360
130 216.322418 1106.191895
130 221.099915 1101.157471
130 225.607376 1095.879883
130 229.832458 1090.373657
130 233.763580 1084.653809
130 237.389954 1078.736084
130 240.701660 1072.636719
130 243.689590 1066.372437
130 246.345581 1059.960205
130 248.662354 1053.417969
130 250.633560 1046.763306
130 252.253769 1040.014526
130 253.518570 1033.190308
130 254.424484 1026.309326
130 254.969025 1019.390259
130 255.150711 1012.452148
130 254.969040 1005.514099
130 254.424500 998.595032
130 253.518600 991.713989
130 252.253799 984.889709
130 250.633591 978.141052
130 248.662399 971.486389
130 246.345642 964.944031
130 243.689651 958.531921
130 240.701721 952.267578
130 237.390030 946.168152
130 233.763657 940.250488
130 229.832550 934.530640
130 225.607483 929.024414
130 221.100037 923.746826
130 216.322540 918.712402
130 211.288132 913.934937
130 206.010574 909.427429
130 200.504364 905.202393
130 194.784546 901.271240
130 188.866852 897.644836
130 182.767487 894.333130
130 176.503143 891.345215
130 170.091003 888.689209
130 163.548645 886.372437
130 156.894012 884.401184
130 150.145340 882.781006
130 143.321106 881.516174
130 136.440033 880.610229
130 129.520981 880.065674
130 122.582916 879.883972
130 115.644844 880.065674
130 108.725792 880.610168
130 101.844711 881.516052
130 95.020477 882.780884
130 88.271790 884.401062
130 81.617149 886.372192
130 75.074783 888.688965
130 68.662643 891.344971
130 62.398285 894.332886
130 56.298889 897.644531
130 50.381180 901.270935
130 44.661362 905.202026
130 39.155121 909.427063
130 33.877541 913.934509
130 28.843102 918.711975
130 24.065598 923.746399
130 19.558121 929.023926
130 15.333008 934.530151
130 11.401855 940.250000
130 7.775452 946.167725
130 4.463730 952.267151
130 1.475754 958.531494
130 -1.180267 964.943665
130 -3.497063 971.486023
130 -5.468277 978.140686
130 -7.088516 984.889404
130 -8.353333 991.713684
130 -9.259247 998.594788
130 -9.803802 1005.513855
130 -9.985489 1012.451965
130 -9.803818 1019.390076
130 -9.259277 1026.309204
130 -8.353363 1033.190308
130 -7.088562 1040.014526
130 -5.468338 1046.763184
130 -3.497139 1053.417847
130 -1.180359 1059.960327
130 1.475655 1066.372437
130 4.463608 1072.636841
130 7.775330 1078.736206
130 11.401718 1084.653931
130 15.332855 1090.373779
130 19.557961 1095.880005
130 24.065460 1101.157593
130 28.842979 1106.192017
130 33.877426 1110.969604
130 39.155022 1115.477051
130 44.661285 1119.702148
130 50.381126 1123.633179
130 56.298866 1127.259644
130 62.398289 1130.571289
130 68.662674 1133.559204
130 75.074844 1136.215210
130 81.617241 1138.531982
130 88.271912 1140.503174
130 95.020638 1142.123413
130 101.844910 1143.388184
130 108.726013 1144.294067
130 115.645103 1144.838501
160 121.060707 1144.795898
160 128.132416 1144.610718
160 135.184738 1144.055664
160 142.198349 1143.132324
160 149.154022 1141.843140
160 156.032684 1140.191650
160 162.815506 1138.182495
160 169.483871 1135.821167
160 176.019516 1133.114014
160 182.404526 1130.068481
160 188.621384 1126.692993
160 194.653076 1122.996826
160 200.483047 1118.989990
160 206.095337 1114.683472
160 211.474548 1110.089233
160 216.605927 1105.219727
160 221.475449 1100.088379
160 226.069733 1094.709106
160 230.376190 1089.096802
160 234.383026 1083.266846
160 238.079239 1077.235107
160 241.454712 1071.018311
160 244.500198 1064.633301
160 247.207352 1058.097656
160 249.568756 1051.429321
160 251.577911 1044.646484
160 253.229309 1037.767822
160 254.518494 1030.812134
160 255.441833 1023.798584
160 255.996887 1016.746277
160 256.182068 1009.674561
160 255.996887 1002.602905
160 255.441864 995.550537
160 254.518524 988.536987
160 253.229340 981.581299
160 251.577942 974.702637
160 249.568787 967.919800
160 247.207397 961.251465
160 244.500259 954.715820
160 241.454773 948.330811
160 238.079315 942.113953
160 234.383087 936.082275
160 230.376282 930.252319
160 226.069824 924.640015
160 221.475571 919.260803
160 216.606064 914.129395
160 211.474686 909.259888
160 206.095490 904.665649
160 200.483215 900.359131
160 194.653259 896.352295
160 188.621582 892.656067
160 182.404724 889.280579
160 176.019745 886.235107
160 169.484100 883.527954
160 162.815750 881.166504
160 156.032944 879.157349
160 149.154297 877.505920
160 142.198624 876.216797
160 135.185028 875.293396
160 128.132721 874.738342
160 121.061020 874.553162
160 113.989319 874.738281
160 106.937004 875.293335
160 99.923401 876.216675
160 92.967735 877.505798
160 86.089066 879.157227
160 79.306259 881.166382
160 72.637886 883.527710
160 66.102249 886.234863
160 59.717236 889.280334
160 53.500366 892.655762
160 47.468681 896.351990
160 41.638702 900.358765
160 36.026405 904.665222
160 30.647186 909.259460
160 25.515785 914.128967
160 20.646263 919.260376
160 16.051971 924.639526
160 11.745483 930.251831
160 7.738617 936.081787
160 4.042374 942.113525
160 0.666862 948.330383
160 -2.378662 954.715393
160 -5.085838 961.251038
160 -7.447258 967.919434
160 -9.456429 974.702271
160 -11.107872 981.580994
160 -12.397041 988.536682
160 -13.320412 995.550293
160 -13.875450 1002.602661
160 -14.060646 1009.674377
160 -13.875465 1016.746094
160 -13.320442 1023.798462
160 -12.397087 1030.812134
160 -11.107918 1037.767822
160 -9.456490 1044.646484
160 -7.447334 1051.429321
160 -5.085930 1058.097656
160 -2.378761 1064.633423
160 0.666740 1071.018433
160 4.042244 1077.235229
160 7.738480 1083.266968
160 11.745331 1089.096924
160 16.051811 1094.709229
160 20.646118 1100.088501
160 25.515656 1105.219849
160 30.647064 1110.089355
160 36.026314 1114.683716
160 41.638618 1118.990112
160 47.468620 1122.996948
160 53.500343 1126.693237
160 59.717239 1130.068726
160 66.102280 1133.114136
160 72.637947 1135.821289
160 79.306351 1138.182617
160 86.089188 1140.191895
160 92.967896 1141.843262
160 99.923599 1143.132324
160 106.937233 1144.055664
160 113.989578 1144.610718
190 117.316391 1115.185059
190 123.732620 1115.016968
190 130.131256 1114.513428
190 136.494781 1113.675659
190 142.805725 1112.505981
190 149.046814 1111.007568
190 155.200928 1109.184692
190 161.251205 1107.042236
190 167.181061 1104.585938
190 172.974243 1101.822754
190 178.614868 1098.760132
190 184.087463 1095.406494
190 189.377060 1091.771118
190 194.469147 1087.863770
190 199.349762 1083.695313
190 204.005524 1079.277222
190 208.423676 1074.621460
190 212.592102 1069.740845
190 216.499390 1064.648682
190 220.134842 1059.359131
190 223.488464 1053.886597
190 226.551056 1048.245972
190 229.314270 1042.452759
190 231.770493 1036.522949
190 233.912994 1030.472656
190 235.735931 1024.318481
190 237.234283 1018.077454
190 238.403961 1011.766479
190 239.241730 1005.403015
190 239.745316 999.004333
190 239.913330 992.588135
190 239.745331 986.171936
190 239.241730 979.773315
190 238.403976 973.409790
190 237.234314 967.098816
190 235.735962 960.857727
190 233.913040 954.703613
190 231.770538 948.653381
190 229.314316 942.723511
190 226.551117 936.930359
190 223.488525 931.289734
190 220.134918 925.817139
190 216.499481 920.527527
190 212.592194 915.435425
190 208.423798 910.554810
190 204.005646 905.899048
190 199.349884 901.480896
190 194.469299 897.312500
190 189.377228 893.405151
190 184.087646 889.769714
190 178.615051 886.416138
190 172.974426 883.353516
190 167.181259 880.590271
190 161.251419 878.134033
190 155.201157 875.991516
190 149.047058 874.168579
190 142.805969 872.670227
190 136.495041 871.500549
190 130.131531 870.662781
190 123.732895 870.159180
190 117.316673 869.991150
190 110.900452 870.159119
190 104.501816 870.662720
190 98.138306 871.500488
190 91.827362 872.670105
190 85.586273 874.168457
190 79.432159 875.991333
190 73.381889 878.133850
190 67.452034 880.590088
190 61.658855 883.353271
190 56.018227 886.415833
190 50.545616 889.769409
190 45.256020 893.404846
190 40.163933 897.312134
190 35.283310 901.480530
190 30.627533 905.898682
190 26.209373 910.554443
190 22.040932 915.434998
190 18.133606 920.527100
190 14.498138 925.816711
190 11.144501 931.289307
190 8.081863 936.929932
190 5.318634 942.723145
190 2.862389 948.653015
190 0.719849 954.703308
190 -1.103096 960.857422
190 -2.601471 967.098511
190 -3.771149 973.409485
190 -4.608932 979.773071
190 -5.112526 986.171692
190 -5.280548 992.587952
190 -5.112541 999.004211
190 -4.608955 1005.402893
190 -3.771187 1011.766418
190 -2.601517 1018.077393
190 -1.103157 1024.318481
190 0.719780 1030.472656
190 2.862297 1036.522949
190 5.318542 1042.452759
190 8.081757 1048.245972
190 11.144379 1053.886597
190 14.498016 1059.359253
190 18.133469 1064.648926
190 22.040779 1069.740967
190 26.209244 1074.621582
190 30.627419 1079.277344
190 35.283203 1083.695557
190 40.163841 1087.864014
190 45.255943 1091.771240
190 50.545563 1095.406738
190 56.018204 1098.760254
190 61.658855 1101.822876
190 67.452065 1104.586060
190 73.381943 1107.042358
190 79.432251 1109.184814
190 85.586388 1111.007690
190 91.827499 1112.506104
190 98.138481 1113.675781
190 104.502022 1114.513428
190 110.900688 1115.016968
220 119.479668 1125.057739
220 126.151779 1124.883057
220 132.805603 1124.359375
220 139.422913 1123.488281
220 145.985535 1122.271973
220 152.475525 1120.713867
220 158.875061 1118.818115
220 165.166626 1116.590210
220 171.332977 1114.036011
220 177.357193 1111.162598
220 183.222763 1107.977905
220 188.913635 1104.490479
220 194.414185 1100.710083
220 199.709320 1096.646973
220 204.784576 1092.312256
220 209.626022 1087.717896
220 214.220383 1082.876465
220 218.555054 1077.801270
220 222.618164 1072.506104
220 226.398590 1067.005493
220 229.885956 1061.314697
220 233.070709 1055.449097
220 235.944092 1049.424927
220 238.498291 1043.258545
220 240.726242 1036.967041
220 242.621872 1030.567505
220 244.179977 1024.077515
220 245.396301 1017.514893
220 246.267487 1010.897583
220 246.791138 1004.243774
220 246.965866 997.571655
220 246.791153 990.899536
220 246.267487 984.245728
220 245.396317 977.628479
220 244.180008 971.065796
220 242.621918 964.575867
220 240.726288 958.176270
220 238.498322 951.884766
220 235.944153 945.718384
220 233.070770 939.694214
220 229.886017 933.828613
220 226.398682 928.137756
220 222.618256 922.637207
220 218.555145 917.342041
220 214.220490 912.266785
220 209.626160 907.425354
220 204.784729 902.830994
220 199.709473 898.496338
220 194.414337 894.433228
220 188.913803 890.652771
220 183.222961 887.165405
220 177.357391 883.980652
220 171.333191 881.107239
220 165.166855 878.553040
220 158.875305 876.325073
220 152.475769 874.429443
220 145.985794 872.871338
220 139.423172 871.655029
220 132.805878 870.783813
220 126.152061 870.260132
220 119.479958 870.085388
220 112.807854 870.260132
220 106.154037 870.783752
220 99.536743 871.654907
220 92.974113 872.871216
220 86.484131 874.429321
220 80.084587 876.324890
220 73.793022 878.552856
220 67.626678 881.106995
220 61.602467 883.980408
220 55.736889 887.165161
220 50.046028 890.652466
220 44.545471 894.432861
220 39.250305 898.495972
220 34.175041 902.830627
220 29.333595 907.424927
220 24.739235 912.266357
220 20.404549 917.341614
220 16.341400 922.636780
220 12.560944 928.137329
220 9.073555 933.828186
220 5.888786 939.693787
220 3.015358 945.718018
220 0.461151 951.884338
220 -1.766830 958.175964
220 -3.662483 964.575500
220 -5.220612 971.065491
220 -6.436935 977.628174
220 -7.308128 984.245483
220 -7.831802 990.899353
220 -8.006531 997.571472
220 -7.831818 1004.243591
220 -7.308159 1010.897461
220 -6.436974 1017.514771
220 -5.220657 1024.077393
220 -3.662544 1030.567505
220 -1.766907 1036.967041
220 0.461060 1043.258545
220 3.015259 1049.424927
220 5.888672 1055.449219
220 9.073433 1061.314819
220 12.560814 1067.005615
220 16.341255 1072.506226
220 20.404396 1077.801392
220 24.739098 1082.876709
220 29.333473 1087.718140
220 34.174934 1092.312500
220 39.250214 1096.647095
220 44.545395 1100.710327
220 50.045975 1104.490723
220 55.736862 1107.978027
220 61.602470 1111.162842
220 67.626709 1114.036133
220 73.793076 1116.590332
220 80.084671 1118.818359
220 86.484253 1120.713867
220 92.974258 1122.271973
220 99.536926 1123.488281
220 106.154251 1124.359497
220 112.808098 1124.883057
250 116.457054 1116.040405
250 122.876900 1115.872314
250 129.279144 1115.368408
250 135.646255 1114.530151
250 141.960754 1113.359863
250 148.205368 1111.860596
250 154.362946 1110.036621
250 160.416641 1107.892944
250 166.349838 1105.435303
250 172.146271 1102.670532
250 177.790085 1099.606201
250 183.265778 1096.250732
250 188.558350 1092.613281
250 193.653305 1088.703735
250 198.536667 1084.532959
250 203.195053 1080.112305
250 207.615692 1075.453979
250 211.786484 1070.570557
250 215.695984 1065.475586
250 219.333466 1060.183105
250 222.688980 1054.707397
250 225.753311 1049.063599
250 228.518066 1043.267090
250 230.975677 1037.333984
250 233.119400 1031.280273
250 234.943359 1025.122681
250 236.442551 1018.878052
250 237.612885 1012.563599
250 238.451126 1006.196472
250 238.954987 999.794250
250 239.123108 993.374390
250 238.955002 986.954529
250 238.451141 980.552307
250 237.612900 974.185242
250 236.442581 967.870728
250 234.943390 961.626099
250 233.119446 955.468567
250 230.975723 949.414856
250 228.518127 943.481689
250 225.753357 937.685242
250 222.689041 932.041443
250 219.333542 926.565735
250 215.696075 921.273132
250 211.786591 916.178223
250 207.615814 911.294861
250 203.195175 906.636475
250 198.536804 902.215820
250 193.653442 898.045044
250 188.558502 894.135498
250 183.265945 890.498047
250 177.790268 887.142517
250 172.146469 884.078186
250 166.350037 881.313416
250 160.416855 878.855774
250 154.363174 876.712036
250 148.205597 874.888062
250 141.961014 873.388855
250 135.646515 872.218506
250 129.279419 871.380249
250 122.877174 870.876404
250 116.457336 870.708252
250 110.037498 870.876343
250 103.635254 871.380249
250 97.268158 872.218445
250 90.953651 873.388794
250 84.709053 874.887939
250 78.551468 876.711914
250 72.497787 878.855591
250 66.564590 881.313171
250 60.768139 884.077942
250 55.124332 887.142212
250 49.648636 890.497742
250 44.356056 894.135193
250 39.261101 898.044678
250 34.377724 902.215454
250 29.719330 906.636047
250 25.298676 911.294434
250 21.127876 916.177734
250 17.218361 921.272705
250 13.580833 926.565308
250 10.225304 932.041016
250 7.160942 937.684814
250 4.396156 943.481262
250 1.938522 949.414490
250 -0.205215 955.468201
250 -2.029198 961.625793
250 -3.528412 967.870422
250 -4.698753 974.184937
250 -5.537003 980.552063
250 -6.040878 986.954346
250 -6.209000 993.374207
250 -6.040894 999.794067
250 -5.537033 1006.196350
250 -4.698784 1012.563477
250 -3.528458 1018.877991
250 -2.029251 1025.122681
250 -0.205292 1031.280273
250 1.938438 1037.333984
250 4.396065 1043.267212
250 7.160835 1049.063599
250 10.225189 1054.707397
250 13.580711 1060.183105
250 17.218216 1065.475708
250 21.127731 1070.570679
250 25.298546 1075.454102
250 29.719208 1080.112427
250 34.377617 1084.533081
250 39.261009 1088.703857
250 44.355988 1092.613403
250 49.648590 1096.250854
250 55.124310 1099.606445
250 60.768143 1102.670776
250 66.564621 1105.435547
250 72.497833 1107.893066
250 78.551552 1110.036865
250 84.709167 1111.860718
250 90.953796 1113.359985
250 97.268333 1114.530273
250 103.635460 1115.368408
250 110.037735 1115.872314
280 117.719551 1104.754517
280 123.822212 1104.594727
280 129.908142 1104.115723
280 135.960678 1103.318848
280 141.963196 1102.206421
280 147.899277 1100.781250
280 153.752640 1099.047363
280 159.507233 1097.009644
280 165.147278 1094.673462
280 170.657349 1092.045288
280 176.022308 1089.132324
280 181.227463 1085.942627
280 186.258545 1082.484863
280 191.101776 1078.768433
280 195.743866 1074.803711
280 200.172089 1070.601563
280 204.374344 1066.173340
280 208.339050 1061.531250
280 212.055389 1056.687988
280 215.513168 1051.656860
280 218.702896 1046.451782
280 221.615829 1041.086792
280 224.243988 1035.576782
280 226.580170 1029.936646
280 228.617981 1024.182129
280 230.351822 1018.328735
280 231.776947 1012.392700
280 232.889450 1006.390137
280 233.686279 1000.337646
280 234.165253 994.251709
280 234.325073 988.149048
280 234.165268 982.046387
280 233.686295 975.960449
280 232.889465 969.907959
280 231.776978 963.905396
280 230.351852 957.969360
280 228.618011 952.116028
280 226.580215 946.361389
280 224.244034 940.721375
280 221.615875 935.211304
280 218.702957 929.846313
280 215.513245 924.641174
280 212.055481 919.610107
280 208.339142 914.766846
280 204.374451 910.124756
280 200.172211 905.696533
280 195.743988 901.494324
280 191.101913 897.529602
280 186.258698 893.813232
280 181.227631 890.355469
280 176.022491 887.165771
280 170.657532 884.252808
280 165.147476 881.624634
280 159.507431 879.288452
280 153.752853 877.250610
280 147.899506 875.516785
280 141.963440 874.091614
280 135.960922 872.979126
280 129.908401 872.182251
280 123.822472 871.703308
280 117.719818 871.543457
280 111.617165 871.703247
280 105.531235 872.182251
280 99.478714 872.979004
280 93.476189 874.091553
280 87.540115 875.516602
280 81.686760 877.250488
280 75.932167 879.288269
280 70.292114 881.624390
280 64.782043 884.252563
280 59.417088 887.165466
280 54.211926 890.355164
280 49.180832 893.812927
280 44.337601 897.529236
280 39.695503 901.493958
280 35.267258 905.696167
280 31.065018 910.124390
280 27.100288 914.766479
280 23.383926 919.609680
280 19.926117 924.640808
280 16.736374 929.845947
280 13.823418 935.210938
280 11.195229 940.721008
280 8.859016 946.361084
280 6.821190 952.115662
280 5.087334 957.969055
280 3.662186 963.905151
280 2.549667 969.907715
280 1.752831 975.960266
280 1.273849 982.046204
280 1.114037 988.148865
280 1.273834 994.251587
280 1.752808 1000.337524
280 2.549637 1006.390076
280 3.662148 1012.392639
280 5.087273 1018.328735
280 6.821121 1024.182129
280 8.858932 1029.936646
280 11.195137 1035.576782
280 13.823311 1041.086914
280 16.736267 1046.451782
280 19.926003 1051.656982
280 23.383789 1056.688110
280 27.100151 1061.531372
280 31.064896 1066.173462
280 35.267151 1070.601685
280 39.695396 1074.803955
280 44.337517 1078.768677
280 49.180763 1082.484985
280 54.211876 1085.942749
280 59.417061 1089.132446
280 64.782051 1092.045410
280 70.292137 1094.673584
280 75.932220 1097.009766
280 81.686844 1099.047485
280 87.540222 1100.781372
280 93.476326 1102.206543
280 99.478882 1103.318970
280 105.531433 1104.115723
280 111.617386 1104.594727
310 120.932663 1107.770630
310 127.032509 1107.610840
310 133.115631 1107.132202
310 139.165375 1106.335693
310 145.165131 1105.223755
310 151.098465 1103.799194
310 156.949127 1102.066162
310 162.701050 1100.029297
310 168.338516 1097.694214
310 173.846039 1095.067261
310 179.208511 1092.155640
310 184.411270 1088.967407
310 189.440033 1085.511230
310 194.281036 1081.796631
310 198.920975 1077.833740
310 203.347168 1073.633423
310 207.547455 1069.207275
310 211.510345 1064.567261
310 215.224976 1059.726318
310 218.681152 1054.697510
310 221.869415 1049.494751
310 224.780991 1044.132324
310 227.407928 1038.624756
310 229.743042 1032.987305
310 231.779907 1027.235352
310 233.512955 1021.384766
310 234.937424 1015.451416
310 236.049408 1009.451660
310 236.845886 1003.401978
310 237.324631 997.318848
310 237.484375 991.218994
310 237.324646 985.119141
310 236.845886 979.036011
310 236.049438 972.986328
310 234.937439 966.986572
310 233.513000 961.053223
310 231.779953 955.202576
310 229.743088 949.450623
310 227.407990 943.813171
310 224.781052 938.305664
310 221.869476 932.943176
310 218.681213 927.740417
310 215.225067 922.711670
310 211.510437 917.870667
310 207.547577 913.230713
310 203.347290 908.804565
310 198.921112 904.604248
310 194.281158 900.641357
310 189.440186 896.926758
310 184.411438 893.470581
310 179.208694 890.282288
310 173.846207 887.370728
310 168.338715 884.743713
310 162.701263 882.408630
310 156.949341 880.371765
310 151.098694 878.638672
310 145.165359 877.214233
310 139.165619 876.102234
310 133.115891 875.305725
310 127.032768 874.826965
310 120.932930 874.667236
310 114.833092 874.826965
310 108.749969 875.305664
310 102.700241 876.102112
310 96.700493 877.214111
310 90.767151 878.638550
310 84.916504 880.371582
310 79.164566 882.408447
310 73.527115 884.743530
310 68.019592 887.370483
310 62.657101 890.282043
310 57.454346 893.470276
310 52.425575 896.926392
310 47.584579 900.640991
310 42.944618 904.603882
310 38.518417 908.804199
310 34.318115 913.230347
310 30.355217 917.870239
310 26.640564 922.711243
310 23.184364 927.740051
310 19.996086 932.942810
310 17.084473 938.305298
310 14.457497 943.812805
310 12.122368 949.450317
310 10.085480 955.202271
310 8.352417 961.052917
310 6.927933 966.986267
310 5.815926 972.986084
310 5.019463 979.035828
310 4.540695 985.118958
310 4.380959 991.218811
310 4.540688 997.318665
310 5.019432 1003.401855
310 5.815895 1009.451599
310 6.927887 1015.451355
310 8.352364 1021.384705
310 10.085411 1027.235352
310 12.122284 1032.987305
310 14.457405 1038.624878
310 17.084366 1044.132324
310 19.995979 1049.494873
310 23.184242 1054.697632
310 26.640434 1059.726440
310 30.355080 1064.567383
310 34.317993 1069.207397
310 38.518311 1073.633545
310 42.944511 1077.833862
310 47.584496 1081.796753
310 52.425507 1085.511353
310 57.454296 1088.967529
310 62.657078 1092.155884
310 68.019592 1095.067383
310 73.527138 1097.694336
310 79.164612 1100.029419
310 84.916580 1102.066284
310 90.767258 1103.799316
310 96.700623 1105.223755
310 102.700409 1106.335815
310 108.750168 1107.132202
310 114.833321 1107.610962
340 122.903580 1098.612793
340 128.850800 1098.457031
340 134.781708 1097.990234
340 140.680054 1097.213745
340 146.529694 1096.129639
340 152.314560 1094.740723
340 158.018829 1093.051025
340 163.626831 1091.065186
340 169.123230 1088.788452
340 174.492935 1086.227295
340 179.721237 1083.388550
340 184.793808 1080.280029
340 189.696747 1076.910400
340 194.416595 1073.288696
340 198.940445 1069.424927
340 203.255875 1065.329834
340 207.351074 1061.014282
340 211.214813 1056.490479
340 214.836487 1051.770630
340 218.206177 1046.867676
340 221.314636 1041.795166
340 224.153381 1036.566772
340 226.714600 1031.197144
340 228.991272 1025.700806
340 230.977173 1020.092712
340 232.666840 1014.388489
340 234.055664 1008.603638
340 235.139847 1002.754028
340 235.916382 996.855652
340 236.383148 990.924744
340 236.538879 984.977539
340 236.383148 979.030334
340 235.916382 973.099426
340 235.139862 967.201050
340 234.055695 961.351440
340 232.666885 955.566589
340 230.977203 949.862305
340 228.991318 944.254333
340 226.714645 938.757935
340 224.153442 933.388245
340 221.314697 928.159912
340 218.206238 923.087341
340 214.836548 918.184448
340 211.214890 913.464600
340 207.351166 908.940735
340 203.255981 904.625305
340 198.940567 900.530090
340 194.416733 896.666382
340 189.696884 893.044678
340 184.793961 889.674988
340 179.721405 886.566528
340 174.493103 883.727783
340 169.123413 881.166565
340 163.627029 878.889832
340 158.019028 876.903931
340 152.314789 875.214233
340 146.529922 873.825439
340 140.680298 872.741272
340 134.781952 871.964722
340 128.851044 871.497925
340 122.903839 871.342163
340 116.956635 871.497925
340 111.025726 871.964661
340 105.127380 872.741150
340 99.277756 873.825317
340 93.492882 875.214111
340 87.788620 876.903809
340 82.180618 878.889648
340 76.684219 881.166321
340 71.314514 883.727539
340 66.086212 886.566284
340 61.013638 889.674683
340 56.110703 893.044373
340 51.390839 896.666016
340 46.866982 900.529785
340 42.551537 904.624939
340 38.456337 908.940369
340 34.592598 913.464172
340 30.970894 918.184021
340 27.601173 923.086975
340 24.492676 928.159546
340 21.653915 933.387878
340 19.092674 938.757568
340 16.815971 944.253967
340 14.830055 949.862000
340 13.140358 955.566284
340 11.751511 961.351196
340 10.667336 967.200806
340 9.890793 973.099182
340 9.424019 979.030151
340 9.268272 984.977356
340 9.424004 990.924622
340 9.890770 996.855530
340 10.667305 1002.753906
340 11.751472 1008.603577
340 13.140305 1014.388428
340 14.829987 1020.092712
340 16.815887 1025.700806
340 19.092583 1031.197144
340 21.653816 1036.566895
340 24.492569 1041.795166
340 27.601051 1046.867798
340 30.970764 1051.770752
340 34.592461 1056.490601
340 38.456215 1061.014526
340 42.551430 1065.329956
340 46.866875 1069.425171
340 51.390755 1073.288818
340 56.110634 1076.910522
340 61.013592 1080.280273
340 66.086182 1083.388672
340 71.314514 1086.227417
340 76.684250 1088.788574
340 82.180664 1091.065308
340 87.788704 1093.051147
340 93.492989 1094.740845
340 99.277885 1096.129639
340 105.127541 1097.213867
340 111.025917 1097.990356
340 116.956856 1098.457031
370 153.723709 1105.663330
370 159.894791 1105.501709
370 166.048965 1105.017334
370 172.169357 1104.211670
370 178.239197 1103.086670
370 184.241821 1101.645508
370 190.160812 1099.892212
370 195.979919 1097.831543
370 201.683228 1095.469238
370 207.255066 1092.811523
370 212.680176 1089.865967
370 217.943695 1086.640503
370 223.031189 1083.143921
370 227.928726 1079.385986
370 232.622864 1075.376709
370 237.100739 1071.127441
370 241.350098 1066.649536
370 245.359283 1061.955322
370 249.117279 1057.057861
370 252.613831 1051.970337
370 255.839325 1046.706787
370 258.784912 1041.281738
370 261.442535 1035.709839
370 263.804932 1030.006592
370 265.865570 1024.187500
370 267.618866 1018.268494
370 269.059967 1012.265869
370 270.184937 1006.196045
370 270.990723 1000.075684
370 271.475037 993.921509
370 271.636658 987.750427
370 271.475067 981.579346
370 270.990723 975.425171
370 270.184967 969.304810
370 269.059998 963.234985
370 267.618896 957.232361
370 265.865601 951.313354
370 263.804962 945.494263
370 261.442596 939.790955
370 258.784973 934.219116
370 255.839386 928.794006
370 252.613892 923.530518
370 249.117371 918.442993
370 245.359375 913.545471
370 241.350220 908.851318
370 237.100861 904.373413
370 232.622986 900.124084
370 227.928864 896.114929
370 223.031342 892.356934
370 217.943863 888.860352
370 212.680359 885.634888
370 207.255249 882.689270
370 201.683411 880.031616
370 195.980133 877.669250
370 190.161026 875.608582
370 184.242050 873.855286
370 178.239426 872.414185
370 172.169601 871.289185
370 166.049225 870.483398
370 159.895065 869.999023
370 153.723984 869.837402
370 147.552902 869.999023
370 141.398727 870.483337
370 135.278351 871.289063
370 129.208527 872.414063
370 123.205887 873.855103
370 117.286903 875.608398
370 111.467789 877.669067
370 105.764496 880.031372
370 100.192650 882.689026
370 94.767532 885.634583
370 89.504013 888.860046
370 84.416512 892.356567
370 79.518974 896.114563
370 74.824821 900.123718
370 70.346931 904.373047
370 66.097572 908.850952
370 62.088387 913.545044
370 58.330353 918.442566
370 54.833778 923.530090
370 51.608269 928.793640
370 48.662651 934.218750
370 46.004990 939.790588
370 43.642593 945.493896
370 41.581909 951.313049
370 39.828613 957.232056
370 38.387489 963.234680
370 37.262497 969.304565
370 36.456726 975.424927
370 35.972374 981.579163
370 35.810768 987.750244
370 35.972359 993.921387
370 36.456696 1000.075562
370 37.262459 1006.195984
370 38.387444 1012.265808
370 39.828552 1018.268494
370 41.581841 1024.187500
370 43.642509 1030.006592
370 46.004898 1035.709961
370 48.662544 1041.281738
370 51.608154 1046.706909
370 54.833664 1051.970459
370 58.330223 1057.057983
370 62.088249 1061.955566
370 66.097443 1066.649658
370 70.346817 1071.127563
370 74.824715 1075.376953
370 79.518890 1079.386108
370 84.416443 1083.144043
370 89.503960 1086.640625
370 94.767509 1089.866089
370 100.192657 1092.811768
370 105.764526 1095.469360
370 111.467842 1097.831665
370 117.286987 1099.892334
370 123.206001 1101.645630
370 129.208664 1103.086670
370 135.278519 1104.211670
370 141.398926 1105.017456
370 147.553131 1105.501709
400 125.184113 1051.134766
400 130.240479 1051.002319
400 135.282990 1050.605469
400 140.297821 1049.945313
400 145.271225 1049.023560
400 150.189560 1047.842773
400 155.039368 1046.406128
400 159.807343 1044.717773
400 164.480423 1042.782104
400 169.045792 1040.604492
400 173.490936 1038.191040
400 177.803680 1035.548096
400 181.972198 1032.683228
400 185.985046 1029.604004
400 189.831268 1026.319092
400 193.500275 1022.837280
400 196.982056 1019.168274
400 200.267029 1015.322083
400 203.346191 1011.309204
400 206.211151 1007.140686
400 208.854004 1002.827942
400 211.267517 998.382813
400 213.445068 993.817444
400 215.380737 989.144348
400 217.069153 984.376404
400 218.505737 979.526611
400 219.686523 974.608276
400 220.608292 969.634888
400 221.268494 964.620056
400 221.665359 959.577515
400 221.797760 954.521179
400 221.665375 949.464783
400 221.268524 944.422302
400 220.608307 939.407471
400 219.686539 934.434082
400 218.505768 929.515747
400 217.069183 924.665955
400 215.380768 919.897949
400 213.445114 915.224915
400 211.267548 910.659546
400 208.854050 906.214355
400 206.211212 901.901672
400 203.346268 897.733154
400 200.267090 893.720276
400 196.982147 889.874084
400 193.500381 886.205078
400 189.831375 882.723267
400 185.985168 879.438293
400 181.972321 876.359131
400 177.803818 873.494202
400 173.491089 870.851318
400 169.045944 868.437805
400 164.480591 866.260254
400 159.807526 864.324585
400 155.039551 862.636108
400 150.189758 861.199524
400 145.271423 860.018738
400 140.298019 859.096985
400 135.283203 858.436768
400 130.240692 858.039856
400 125.184334 857.907471
400 120.127975 858.039856
400 115.085464 858.436707
400 110.070641 859.096924
400 105.097244 860.018677
400 100.178902 861.199463
400 95.329094 862.635986
400 90.561119 864.324402
400 85.888046 866.260071
400 81.322678 868.437622
400 76.877525 870.851074
400 72.564789 873.493958
400 68.396271 876.358887
400 64.383400 879.437988
400 60.537186 882.722961
400 56.868156 886.204712
400 53.386383 889.873718
400 50.101402 893.719910
400 47.022202 897.732788
400 44.157234 901.901306
400 41.514366 906.214050
400 39.100830 910.659241
400 36.923241 915.224609
400 34.987572 919.897705
400 33.299126 924.665649
400 31.862534 929.515503
400 30.681732 934.433838
400 29.759956 939.407288
400 29.099731 944.422119
400 28.702873 949.464661
400 28.570457 954.521057
400 28.702858 959.577393
400 29.099709 964.619934
400 29.759926 969.634766
400 30.681694 974.608215
400 31.862488 979.526550
400 33.299072 984.376404
400 34.987503 989.144409
400 36.923164 993.817505
400 39.100746 998.382874
400 41.514275 1002.828003
400 44.157135 1007.140747
400 47.022095 1011.309326
400 50.101288 1015.322144
400 53.386276 1019.168396
400 56.868065 1022.837402
400 60.537094 1026.319214
400 64.383331 1029.604126
400 68.396210 1032.683350
400 72.564743 1035.548340
400 76.877502 1038.191162
400 81.322678 1040.604614
400 85.888062 1042.782227
400 90.561165 1044.717896
400 95.329163 1046.406250
400 100.178986 1047.842773
400 105.097359 1049.023560
400 110.070786 1049.945313
400 115.085632 1050.605591
400 120.128159 1051.002441
430 120.357788 1187.047363
430 127.820961 1186.851929
430 135.263687 1186.266113
430 142.665543 1185.291626
430 150.006256 1183.931152
430 157.265717 1182.188232
430 164.424011 1180.067871
430 171.461517 1177.575806
430 178.358948 1174.718750
430 185.097412 1171.504761
430 191.658417 1167.942383
430 198.024017 1164.041504
430 204.176712 1159.812866
430 210.099670 1155.268066
430 215.776672 1150.419434
430 221.192108 1145.280396
430 226.331192 1139.864868
430 231.179794 1134.187988
430 235.724640 1128.265015
430 239.953278 1122.112305
430 243.854126 1115.746704
430 247.416443 1109.185669
430 250.630524 1102.447266
430 253.487534 1095.549805
430 255.979660 1088.512329
430 258.100037 1081.354004
430 259.842865 1074.094604
430 261.203400 1066.753906
430 262.177856 1059.352051
430 262.763611 1051.909302
430 262.959045 1044.446167
430 262.763641 1036.982910
430 262.177887 1029.540283
430 261.203430 1022.138367
430 259.842896 1014.797668
430 258.100067 1007.538208
430 255.979691 1000.379944
430 253.487595 993.342468
430 250.630585 986.445007
430 247.416519 979.706543
430 243.854187 973.145569
430 239.953369 966.779968
430 235.724747 960.627258
430 231.179901 954.704285
430 226.331329 949.027344
430 221.192261 943.611877
430 215.776825 938.472778
430 210.099854 933.624207
430 204.176895 929.079346
430 198.024200 924.850708
430 191.658630 920.949829
430 185.097626 917.387512
430 178.359192 914.173401
430 171.461761 911.316406
430 164.424271 908.824280
430 157.265991 906.703857
430 150.006546 904.960999
430 142.665833 903.600464
430 135.263992 902.625977
430 127.821281 902.040222
430 120.358116 901.844788
430 112.894951 902.040161
430 105.452240 902.625916
430 98.050385 903.600342
430 90.709671 904.960876
430 83.450218 906.703735
430 76.291931 908.824097
430 69.254425 911.316162
430 62.356987 914.173157
430 55.618523 917.387207
430 49.057510 920.949524
430 42.691925 924.850342
430 36.539215 929.078918
430 30.616241 933.623779
430 24.939240 938.472351
430 19.523781 943.611389
430 14.384697 949.026855
430 9.536079 954.703796
430 4.991196 960.626770
430 0.762520 966.779480
430 -3.138336 973.145081
430 -6.700706 979.706116
430 -9.914810 986.444580
430 -12.771851 993.342041
430 -15.263992 1000.379578
430 -17.384399 1007.537842
430 -19.127258 1014.797363
430 -20.487793 1022.138062
430 -21.462280 1029.539917
430 -22.048050 1036.982666
430 -22.243484 1044.445923
430 -22.048065 1051.909058
430 -21.462311 1059.351807
430 -20.487839 1066.753784
430 -19.127304 1074.094482
430 -17.384460 1081.354004
430 -15.264084 1088.512329
430 -12.771957 1095.549805
430 -9.914932 1102.447266
430 -6.700836 1109.185791
430 -3.138474 1115.746826
430 0.762375 1122.112427
430 4.991035 1128.265137
430 9.535912 1134.188110
430 14.384544 1139.865112
430 19.523643 1145.280518
430 24.939117 1150.419678
430 30.616142 1155.268188
430 36.539131 1159.813110
430 42.691864 1164.041748
430 49.057480 1167.942627
430 55.618530 1171.504883
430 62.357021 1174.718994
430 69.254486 1177.575928
430 76.292030 1180.068115
430 83.450348 1182.188477
430 90.709839 1183.931274
430 98.050583 1185.291748
430 105.452477 1186.266235
430 112.895226 1186.851929
460 126.197456 997.946594
460 128.562744 997.884644
460 130.921570 997.699036
460 133.267426 997.390198
460 135.593918 996.958984
460 137.894638 996.406616
460 140.163315 995.734619
460 142.393707 994.944824
460 144.579697 994.039307
460 146.715302 993.020691
460 148.794678 991.891663
460 150.812119 990.655396
460 152.762085 989.315247
460 154.639252 987.874817
460 156.438446 986.338135
460 158.154755 984.709412
460 159.783478 982.993103
460 161.320145 981.193909
460 162.760544 979.316772
460 164.100708 977.366821
460 165.337006 975.349365
460 166.466003 973.270020
460 167.484650 971.134399
460 168.390106 968.948364
460 169.179932 966.718018
460 169.851944 964.449341
460 170.404297 962.148621
460 170.835495 959.822144
460 171.144333 957.476257
460 171.329971 955.117432
460 171.391907 952.752136
460 171.329971 950.386841
460 171.144333 948.028076
460 170.835495 945.682190
460 170.404312 943.355713
460 169.851959 941.054993
460 169.179947 938.786316
460 168.390137 936.555908
460 167.484665 934.369934
460 166.466034 932.234314
460 165.337036 930.154968
460 164.100739 928.137512
460 162.760574 926.187561
460 161.320175 924.310364
460 159.783524 922.511169
460 158.154800 920.794861
460 156.438492 919.166138
460 154.639297 917.629517
460 152.762146 916.189087
460 150.812180 914.848938
460 148.794754 913.612610
460 146.715378 912.483643
460 144.579773 911.464966
460 142.393784 910.559509
460 140.163391 909.769653
460 137.894730 909.097656
460 135.594009 908.545288
460 133.267517 908.114136
460 130.921661 907.805298
460 128.562851 907.619629
460 126.197563 907.557678
460 123.832268 907.619629
460 121.473457 907.805237
460 119.127594 908.114075
460 116.801117 908.545288
460 114.500381 909.097595
460 112.231720 909.769592
460 110.001328 910.559448
460 107.815331 911.464905
460 105.679718 912.483521
460 103.600342 913.612549
460 101.582901 914.848816
460 99.632935 916.188965
460 97.755775 917.629333
460 95.956566 919.166016
460 94.240250 920.794739
460 92.611526 922.511047
460 91.074860 924.310242
460 89.634460 926.187378
460 88.294266 928.137390
460 87.057968 930.154785
460 85.928955 932.234192
460 84.910309 934.369812
460 84.004837 936.555786
460 83.215004 938.786194
460 82.542984 941.054871
460 81.990623 943.355591
460 81.559433 945.682129
460 81.250587 948.027954
460 81.064941 950.386780
460 81.003006 952.752075
460 81.064941 955.117371
460 81.250580 957.476196
460 81.559418 959.822083
460 81.990608 962.148560
460 82.542969 964.449341
460 83.214981 966.718018
460 84.004807 968.948364
460 84.910278 971.134399
460 85.928917 973.270020
460 87.057930 975.349426
460 88.294220 977.366821
460 89.634407 979.316833
460 91.074814 981.193970
460 92.611481 982.993164
460 94.240204 984.709473
460 95.956528 986.338196
460 97.755737 987.874878
460 99.632904 989.315308
460 101.582886 990.655457
460 103.600334 991.891724
460 105.679718 993.020752
460 107.815338 994.039368
460 110.001343 994.944824
460 112.231750 995.734680
460 114.500427 996.406677
460 116.801163 996.959045
460 119.127663 997.390198
460 121.473534 997.699036
460 123.832352 997.884644
