-429 58.468845 971.775818
-429 63.599224 971.641479
-429 68.715538 971.238831
-429 73.803772 970.568970
-429 78.849968 969.633667
-429 83.840302 968.435608
-429 88.761093 966.978027
-429 93.598862 965.264893
-429 98.340332 963.300903
-429 102.972527 961.091431
-429 107.482735 958.642578
-429 111.858597 955.961060
-429 116.088127 953.054199
-429 120.159729 949.929932
-429 124.062241 946.596863
-429 127.784958 943.064148
-429 131.317688 939.341431
-429 134.650742 935.438904
-429 137.774979 931.367310
-429 140.681870 927.137817
-429 143.363403 922.761963
-429 145.812241 918.251709
-429 148.021667 913.619568
-429 149.985657 908.878052
-429 151.698807 904.040344
-429 153.156403 899.119507
-429 154.354477 894.129211
-429 155.289734 889.083008
-429 155.959610 883.994812
-429 156.362274 878.878479
-429 156.496628 873.748108
-429 156.362289 868.617737
-429 155.959625 863.501404
-429 155.289749 858.413208
-429 154.354492 853.367004
-429 153.156433 848.376648
-429 151.698822 843.455872
-429 149.985687 838.618103
-429 148.021713 833.876648
-429 145.812286 829.244446
-429 143.363449 824.734253
-429 140.681915 820.358398
-429 137.775055 816.128845
-429 134.650818 812.057251
-429 131.317780 808.154785
-429 127.785049 804.432007
-429 124.062332 800.899292
-429 120.159836 797.566284
-429 116.088257 794.442017
-429 111.858734 791.535156
-429 107.482880 788.853577
-429 102.972679 786.404724
-429 98.340500 784.195313
-429 93.599030 782.231323
-429 88.761276 780.518127
-429 83.840492 779.060547
-429 78.850166 777.862427
-429 73.803970 776.927185
-429 68.715752 776.257324
-429 63.599442 775.854614
-429 58.469070 775.720276
-429 53.338699 775.854614
-429 48.222389 776.257263
-429 43.134163 776.927124
-429 38.087967 777.862366
-429 33.097633 779.060425
-429 28.176844 780.518005
-429 23.339081 782.231140
-429 18.597603 784.195129
-429 13.965412 786.404541
-429 9.455200 788.853394
-429 5.079334 791.534912
-429 0.849804 794.441711
-429 -3.221802 797.565979
-429 -7.124317 800.898987
-429 -10.847042 804.431702
-429 -14.379780 808.154419
-429 -17.712841 812.056885
-429 -20.837116 816.128540
-429 -23.744015 820.358032
-429 -26.425564 824.733948
-429 -28.874432 829.244141
-429 -31.083889 833.876343
-429 -33.047894 838.617859
-429 -34.761051 843.455627
-429 -36.218670 848.376404
-429 -37.416759 853.366760
-429 -38.352024 858.412964
-429 -39.021908 863.501221
-429 -39.424580 868.617554
-429 -39.558933 873.747925
-429 -39.424595 878.878357
-429 -39.021938 883.994690
-429 -38.352055 889.082947
-429 -37.416790 894.129150
-429 -36.218716 899.119507
-429 -34.761112 904.040283
-429 -33.047962 908.878113
-429 -31.083965 913.619568
-429 -28.874516 918.251770
-429 -26.425655 922.762024
-429 -23.744114 927.137878
-429 -20.837223 931.367432
-429 -17.712963 935.439026
-429 -14.379887 939.341553
-429 -10.847141 943.064270
-429 -7.124401 946.596985
-429 -3.221870 949.930054
-429 0.849743 953.054321
-429 5.079292 955.961182
-429 9.455181 958.642700
-429 13.965416 961.091553
-429 18.597626 963.301025
-429 23.339123 965.264954
-429 28.176910 966.978088
-429 33.097725 968.435669
-429 38.088081 969.633789
-429 43.134300 970.568970
-429 48.222553 971.238892
-429 53.338886 971.641479
-399 50.427353 992.856506
-399 56.872528 992.687744
-399 63.300034 992.181885
-399 69.692261 991.340332
-399 76.031685 990.165405
-399 82.300926 988.660278
-399 88.482803 986.829102
-399 94.560379 984.676941
-399 100.516983 982.209595
-399 106.336296 979.433960
-399 112.002365 976.357544
-399 117.499664 972.988770
-399 122.813118 969.336914
-399 127.928177 965.411987
-399 132.830811 961.224792
-399 137.507568 956.786682
-399 141.945663 952.109924
-399 146.132904 947.207275
-399 150.057816 942.092224
-399 153.709656 936.778809
-399 157.078400 931.281494
-399 160.154831 925.615417
-399 162.930496 919.796143
-399 165.397797 913.839539
-399 167.549988 907.761963
-399 169.381134 901.580078
-399 170.886246 895.310852
-399 172.061188 888.971436
-399 172.902740 882.579224
-399 173.408600 876.151733
-399 173.577377 869.706543
-399 173.408600 863.261353
-399 172.902756 856.833862
-399 172.061218 850.441650
-399 170.886261 844.102234
-399 169.381165 837.833008
-399 167.550018 831.651123
-399 165.397842 825.573547
-399 162.930542 819.616943
-399 160.154877 813.797668
-399 157.078476 808.131592
-399 153.709732 802.634277
-399 150.057907 797.320862
-399 146.132996 792.205811
-399 141.945770 787.303162
-399 137.507690 782.626404
-399 132.830933 778.188293
-399 127.928322 774.001038
-399 122.813278 770.076111
-399 117.499832 766.424316
-399 112.002548 763.055542
-399 106.336487 759.979126
-399 100.517181 757.203430
-399 94.560593 754.736084
-399 88.483032 752.583923
-399 82.301163 750.752747
-399 76.031929 749.247620
-399 69.692520 748.072693
-399 63.300301 747.231079
-399 56.872803 746.725220
-399 50.427635 746.556458
-399 43.982468 746.725220
-399 37.554966 747.231079
-399 31.162746 748.072571
-399 24.823328 749.247498
-399 18.554090 750.752625
-399 12.372215 752.583740
-399 6.294643 754.735901
-399 0.338036 757.203186
-399 -5.481277 759.978882
-399 -11.147350 763.055237
-399 -16.644653 766.424011
-399 -21.958115 770.075806
-399 -27.073174 774.000732
-399 -31.975815 778.187927
-399 -36.652588 782.625977
-399 -41.090683 787.302734
-399 -45.277939 792.205322
-399 -49.202881 797.320435
-399 -52.854752 802.633850
-399 -56.223526 808.131165
-399 -59.299973 813.797241
-399 -62.075668 819.616577
-399 -64.542999 825.573181
-399 -66.695206 831.650818
-399 -68.526375 837.832703
-399 -70.031509 844.101929
-399 -71.206467 850.441406
-399 -72.048027 856.833618
-399 -72.553886 863.261169
-399 -72.722672 869.706360
-399 -72.553902 876.151550
-399 -72.048050 882.579102
-399 -71.206497 888.971313
-399 -70.031548 895.310791
-399 -68.526436 901.580078
-399 -66.695274 907.761963
-399 -64.543091 913.839539
-399 -62.075768 919.796143
-399 -59.300087 925.615479
-399 -56.223640 931.281616
-399 -52.854881 936.778931
-399 -49.203026 942.092407
-399 -45.278084 947.207458
-399 -41.090813 952.110107
-399 -36.652710 956.786865
-399 -31.975922 961.224976
-399 -27.073265 965.412170
-399 -21.958183 969.337097
-399 -16.644699 972.988953
-399 -11.147377 976.357666
-399 -5.481274 979.434143
-399 0.338066 982.209778
-399 6.294697 984.677063
-399 12.372299 986.829224
-399 18.554203 988.660400
-399 24.823473 990.165466
-399 31.162922 991.340393
-399 37.555172 992.181946
-399 43.982704 992.687744
-369 54.075191 977.776733
-369 60.733036 977.602417
-369 67.372635 977.079895
-369 73.975784 976.210571
-369 80.524384 974.996826
-369 87.000488 973.442078
-369 93.386353 971.550476
-369 99.664467 969.327271
-369 105.817619 966.778564
-369 111.828957 963.911316
-369 117.681992 960.733398
-369 123.360687 957.253479
-369 128.849457 953.481140
-369 134.133301 949.426697
-369 139.197708 945.101318
-369 144.028778 940.516785
-369 148.613327 935.685669
-369 152.938721 930.621277
-369 156.993149 925.337463
-369 160.765488 919.848633
-369 164.245407 914.169983
-369 167.423340 908.316956
-369 170.290588 902.305603
-369 172.839310 896.152466
-369 175.062500 889.874329
-369 176.954071 883.488525
-369 178.508850 877.012390
-369 179.722565 870.463806
-369 180.591888 863.860657
-369 181.114441 857.221069
-369 181.288788 850.563232
-369 181.114441 843.905396
-369 180.591904 837.265808
-369 179.722595 830.662659
-369 178.508881 824.114075
-369 176.954117 817.638000
-369 175.062546 811.252136
-369 172.839355 804.973999
-369 170.290634 798.820862
-369 167.423401 792.809509
-369 164.245468 786.956482
-369 160.765564 781.277832
-369 156.993240 775.789001
-369 152.938828 770.505188
-369 148.613434 765.440796
-369 144.028915 760.609741
-369 139.197845 756.025146
-369 134.133453 751.699768
-369 128.849625 747.645325
-369 123.360855 743.872986
-369 117.682175 740.393066
-369 111.829155 737.215149
-369 105.817833 734.347900
-369 99.664688 731.799133
-369 93.386589 729.575928
-369 87.000740 727.684326
-369 80.524643 726.129578
-369 73.976051 724.915833
-369 67.372910 724.046509
-369 60.733322 723.523926
-369 54.075485 723.349609
-369 47.417645 723.523926
-369 40.778053 724.046448
-369 34.174911 724.915771
-369 27.626314 726.129456
-369 21.150211 727.684204
-369 14.764351 729.575745
-369 8.486240 731.798950
-369 2.333084 734.347656
-369 -3.678249 737.214844
-369 -9.531288 740.392822
-369 -15.209980 743.872681
-369 -20.698772 747.645020
-369 -25.982609 751.699402
-369 -31.047024 756.024780
-369 -35.878117 760.609314
-369 -40.462658 765.440369
-369 -44.788074 770.504761
-369 -48.842533 775.788574
-369 -52.614902 781.277344
-369 -56.094837 786.956055
-369 -59.272800 792.809143
-369 -62.140079 798.820435
-369 -64.688828 804.973633
-369 -66.912048 811.251770
-369 -68.803635 817.637634
-369 -70.358429 824.113770
-369 -71.572159 830.662415
-369 -72.441498 837.265564
-369 -72.964050 843.905212
-369 -73.138397 850.563049
-369 -72.964066 857.220947
-369 -72.441528 863.860535
-369 -71.572205 870.463684
-369 -70.358475 877.012329
-369 -68.803696 883.488464
-369 -66.912125 889.874329
-369 -64.688919 896.152466
-369 -62.140179 902.305664
-369 -59.272915 908.317017
-369 -56.094959 914.170044
-369 -52.615032 919.848755
-369 -48.842678 925.337585
-369 -44.788227 930.621399
-369 -40.462795 935.685852
-369 -35.878239 940.516907
-369 -31.047138 945.101440
-369 -25.982700 949.426880
-369 -20.698849 953.481323
-369 -15.210033 957.253662
-369 -9.531311 960.733521
-369 -3.678246 963.911499
-369 2.333115 966.778748
-369 8.486298 969.327454
-369 14.764439 971.550598
-369 21.150326 973.442200
-369 27.626463 974.996948
-369 34.175095 976.210632
-369 40.778271 977.079956
-369 47.417892 977.602417
-339 50.657253 1018.032471
-339 58.597633 1017.824524
-339 66.516243 1017.201355
-339 74.391388 1016.164551
-339 82.201485 1014.717041
-339 89.925110 1012.862793
-339 97.541115 1010.606812
-339 105.028610 1007.955322
-339 112.367081 1004.915649
-339 119.536407 1001.496033
-339 126.516937 997.705933
-339 133.289536 993.555664
-339 139.835648 989.056641
-339 146.137344 984.221191
-339 152.177322 979.062561
-339 157.939041 973.594910
-339 163.406723 967.833191
-339 168.565338 961.793213
-339 173.400803 955.491516
-339 177.899826 948.945374
-339 182.050079 942.172791
-339 185.840195 935.192261
-339 189.259781 928.022949
-339 192.299484 920.684509
-339 194.950943 913.197021
-339 197.206894 905.580994
-339 199.061172 897.857361
-339 200.508698 890.047302
-339 201.545471 882.172180
-339 202.168686 874.253540
-339 202.376617 866.313171
-339 202.168701 858.372803
-339 201.545502 850.454224
-339 200.508728 842.579102
-339 199.061203 834.768982
-339 197.206940 827.045349
-339 194.950989 819.429382
-339 192.299530 811.941895
-339 189.259842 804.603455
-339 185.840271 797.434082
-339 182.050171 790.453613
-339 177.899918 783.680969
-339 173.400909 777.134888
-339 168.565460 770.833191
-339 163.406860 764.793213
-339 157.939194 759.031494
-339 152.177490 753.563782
-339 146.137527 748.405151
-339 139.835846 743.569702
-339 133.289749 739.070679
-339 126.517166 734.920410
-339 119.536636 731.130310
-339 112.367325 727.710693
-339 105.028877 724.671021
-339 97.541397 722.019531
-339 89.925407 719.763550
-339 82.201790 717.909241
-339 74.391708 716.461731
-339 66.516571 715.424927
-339 58.597969 714.801697
-339 50.657600 714.593750
-339 42.717232 714.801636
-339 34.798626 715.424866
-339 26.923487 716.461609
-339 19.113401 717.909119
-339 11.389774 719.763367
-339 3.773777 722.019287
-339 -3.713718 724.670715
-339 -11.052185 727.710388
-339 -18.221516 731.130005
-339 -25.202045 734.920044
-339 -31.974659 739.070313
-339 -38.520779 743.569336
-339 -44.822468 748.404724
-339 -50.862461 753.563354
-339 -56.624195 759.031006
-339 -62.091877 764.792664
-339 -67.250519 770.832642
-339 -72.086014 777.134338
-339 -76.585068 783.680420
-339 -80.735352 790.453064
-339 -84.525497 797.433594
-339 -87.945129 804.602966
-339 -90.984848 811.941467
-339 -93.636337 819.428955
-339 -95.892319 827.044983
-339 -97.746628 834.768616
-339 -99.194153 842.578735
-339 -100.230942 850.453918
-339 -100.854172 858.372559
-339 -101.062103 866.312988
-339 -100.854187 874.253357
-339 -100.230988 882.171997
-339 -99.194199 890.047180
-339 -97.746674 897.857300
-339 -95.892395 905.580994
-339 -93.636429 913.197021
-339 -90.984955 920.684509
-339 -87.945251 928.023010
-339 -84.525635 935.192383
-339 -80.735504 942.172913
-339 -76.585220 948.945557
-339 -72.086182 955.491699
-339 -67.250702 961.793335
-339 -62.092037 967.833374
-339 -56.624340 973.595093
-339 -50.862598 979.062744
-339 -44.822582 984.221375
-339 -38.520870 989.056885
-339 -31.974720 993.555908
-339 -25.202076 997.706116
-339 -18.221508 1001.496216
-339 -11.052151 1004.915833
-339 -3.713650 1007.955505
-339 3.773880 1010.606934
-339 11.389912 1012.862915
-339 19.113579 1014.717163
-339 26.923704 1016.164673
-339 34.798882 1017.201416
-339 42.717525 1017.824585
-309 49.483738 1006.844971
-309 57.441780 1006.636536
-309 65.378006 1006.011963
-309 73.270676 1004.972900
-309 81.098137 1003.522156
-309 88.838943 1001.663696
-309 96.471893 999.402771
-309 103.976044 996.745361
-309 111.330833 993.698914
-309 118.516113 990.271729
-309 125.512161 986.473145
-309 132.299835 982.313721
-309 138.860519 977.804688
-309 145.176208 972.958435
-309 151.229630 967.788330
-309 157.004166 962.308533
-309 162.484009 956.533997
-309 167.654114 950.480591
-309 172.500320 944.164856
-309 177.009354 937.604187
-309 181.168839 930.816528
-309 184.967377 923.820435
-309 188.394577 916.635193
-309 191.441040 909.280396
-309 194.098389 901.776245
-309 196.359360 894.143311
-309 198.217773 886.402527
-309 199.668518 878.575073
-309 200.707596 870.682434
-309 201.332199 862.746216
-309 201.540588 854.788147
-309 201.332199 846.830139
-309 200.707611 838.893921
-309 199.668533 831.001282
-309 198.217804 823.173828
-309 196.359406 815.432983
-309 194.098434 807.800049
-309 191.441086 800.295898
-309 188.394638 792.941162
-309 184.967453 785.755859
-309 181.168915 778.759827
-309 177.009445 771.972168
-309 172.500427 765.411499
-309 167.654236 759.095764
-309 162.484146 753.042358
-309 157.004318 747.267822
-309 151.229797 741.787964
-309 145.176392 736.617859
-309 138.860718 731.771667
-309 132.300049 727.262634
-309 125.512390 723.103149
-309 118.516342 719.304565
-309 111.331085 715.877319
-309 103.976303 712.830872
-309 96.472168 710.173523
-309 88.839241 707.912537
-309 81.098442 706.054077
-309 73.270988 704.603333
-309 65.378334 703.564270
-309 57.442120 702.939636
-309 49.484089 702.731201
-309 41.526054 702.939575
-309 33.589832 703.564209
-309 25.697178 704.603271
-309 17.869717 706.053955
-309 10.128910 707.912354
-309 2.495972 710.173340
-309 -5.008179 712.830627
-309 -12.362972 715.877075
-309 -19.548244 719.304260
-309 -26.544308 723.102783
-309 -33.331982 727.262207
-309 -39.892666 731.771240
-309 -46.208378 736.617432
-309 -52.261806 741.787476
-309 -58.036358 747.267334
-309 -63.516201 753.041809
-309 -68.686325 759.095215
-309 -73.532562 765.410950
-309 -78.041626 771.971619
-309 -82.201157 778.759277
-309 -85.999741 785.755371
-309 -89.426971 792.940674
-309 -92.473450 800.295471
-309 -95.130829 807.799622
-309 -97.391830 815.432617
-309 -99.250259 823.173462
-309 -100.701019 831.000916
-309 -101.740112 838.893616
-309 -102.364716 846.829895
-309 -102.573120 854.787964
-309 -102.364731 862.746033
-309 -101.740143 870.682251
-309 -100.701065 878.574951
-309 -99.250320 886.402466
-309 -97.391907 894.143311
-309 -95.130920 901.776245
-309 -92.473557 909.280457
-309 -89.427078 916.635254
-309 -85.999878 923.820557
-309 -82.201294 930.816650
-309 -78.041794 937.604309
-309 -73.532730 944.165039
-309 -68.686493 950.480713
-309 -63.516361 956.534180
-309 -58.036503 962.308716
-309 -52.261944 967.788574
-309 -46.208485 972.958679
-309 -39.892757 977.804871
-309 -33.332043 982.313904
-309 -26.544338 986.473389
-309 -19.548244 990.271973
-309 -12.362934 993.699097
-309 -5.008114 996.745544
-309 2.496075 999.402893
-309 10.129051 1001.663879
-309 17.869896 1003.522217
-309 25.697395 1004.972961
-309 33.590088 1006.012024
-309 41.526348 1006.636597
-279 50.030922 1017.764343
-279 58.338165 1017.546814
-279 66.622635 1016.894775
-279 74.861633 1015.810120
-279 83.032562 1014.295715
-279 91.113037 1012.355774
-279 99.080917 1009.995605
-279 106.914352 1007.221619
-279 114.591873 1004.041504
-279 122.092438 1000.463867
-279 129.395477 996.498657
-279 136.481003 992.156677
-279 143.329559 987.449768
-279 149.922394 982.390930
-279 156.241440 976.993958
-279 162.269363 971.273682
-279 167.989655 965.245728
-279 173.386627 958.926697
-279 178.445496 952.333862
-279 183.152374 945.485291
-279 187.494385 938.399780
-279 191.459595 931.096741
-279 195.037201 923.596191
-279 198.217316 915.918701
-279 200.991272 908.085266
-279 203.351471 900.117371
-279 205.291412 892.036926
-279 206.805817 883.865967
-279 207.890503 875.627014
-279 208.542511 867.342529
-279 208.760040 859.035278
-279 208.542511 850.728088
-279 207.890533 842.443604
-279 206.805847 834.204651
-279 205.291473 826.033691
-279 203.351532 817.953247
-279 200.991333 809.985352
-279 198.217377 802.151917
-279 195.037262 794.474426
-279 191.459686 786.973877
-279 187.494476 779.670776
-279 183.152466 772.585327
-279 178.445587 765.736755
-279 173.386749 759.143921
-279 167.989807 752.824829
-279 162.269531 746.796936
-279 156.241608 741.076660
-279 149.922577 735.679688
-279 143.329773 730.620789
-279 136.481216 725.913940
-279 129.395721 721.571899
-279 122.092690 717.606689
-279 114.592140 714.029053
-279 106.914627 710.848938
-279 99.081215 708.074951
-279 91.113350 705.714722
-279 83.032883 703.774780
-279 74.861961 702.260376
-279 66.622978 701.175659
-279 58.338516 700.523682
-279 50.031288 700.306091
-279 41.724052 700.523621
-279 33.439590 701.175598
-279 25.200605 702.260254
-279 17.029675 703.774658
-279 8.949200 705.714539
-279 0.981327 708.074707
-279 -6.852108 710.848633
-279 -14.529625 714.028748
-279 -22.030197 717.606323
-279 -29.333244 721.571533
-279 -36.418762 725.913513
-279 -43.267326 730.620361
-279 -49.860176 735.679199
-279 -56.179230 741.076172
-279 -62.207169 746.796387
-279 -67.927467 752.824341
-279 -73.324448 759.143311
-279 -78.383339 765.736206
-279 -83.090279 772.584717
-279 -87.432320 779.670288
-279 -91.397575 786.973328
-279 -94.975197 794.473938
-279 -98.155357 802.151489
-279 -100.929344 809.984924
-279 -103.289558 817.952820
-279 -105.229546 826.033325
-279 -106.743950 834.204285
-279 -107.828651 842.443298
-279 -108.480659 850.727783
-279 -108.698204 859.035095
-279 -108.480675 867.342346
-279 -107.828682 875.626831
-279 -106.743996 883.865845
-279 -105.229591 892.036804
-279 -103.289635 900.117310
-279 -100.929436 908.085205
-279 -98.155464 915.918701
-279 -94.975319 923.596252
-279 -91.397713 931.096802
-279 -87.432472 938.399902
-279 -83.090431 945.485413
-279 -78.383522 952.333984
-279 -73.324638 958.926880
-279 -67.927635 965.245911
-279 -62.207321 971.273865
-279 -56.179367 976.994141
-279 -49.860291 982.391113
-279 -43.267426 987.450012
-279 -36.418831 992.156860
-279 -29.333275 996.498901
-279 -22.030190 1000.464111
-279 -14.529587 1004.041687
-279 -6.852036 1007.221802
-279 0.981434 1009.995728
-279 8.949345 1012.355957
-279 17.029861 1014.295837
-279 25.200832 1015.810242
-279 33.439857 1016.894897
-279 41.724361 1017.546875
-249 46.478302 1000.678833
-249 54.303326 1000.473877
-249 62.106903 999.859741
-249 69.867645 998.838013
-249 77.564270 997.411560
-249 85.175690 995.584229
-249 92.681053 993.361023
-249 100.059769 990.748047
-249 107.291626 987.752563
-249 114.356804 984.382629
-249 121.235924 980.647583
-249 127.910141 976.557617
-249 134.361145 972.123962
-249 140.571289 967.358765
-249 146.523529 962.275024
-249 152.201538 956.886841
-249 157.589783 951.208801
-249 162.673462 945.256592
-249 167.438675 939.046448
-249 171.872345 932.595398
-249 175.962311 925.921204
-249 179.697357 919.042053
-249 183.067276 911.976929
-249 186.062805 904.745056
-249 188.675751 897.366333
-249 190.898926 889.861023
-249 192.726257 882.249573
-249 194.152756 874.552979
-249 195.174484 866.792236
-249 195.788635 858.988647
-249 195.993546 851.163635
-249 195.788651 843.338623
-249 195.174500 835.535095
-249 194.152786 827.774353
-249 192.726303 820.077698
-249 190.898972 812.466309
-249 188.675781 804.960938
-249 186.062851 797.582214
-249 183.067337 790.350403
-249 179.697433 783.285217
-249 175.962387 776.406128
-249 171.872437 769.731873
-249 167.438782 763.280884
-249 162.673584 757.070740
-249 157.589920 751.118530
-249 152.201691 745.440491
-249 146.523682 740.052246
-249 140.571472 734.968567
-249 134.361359 730.203369
-249 127.910347 725.769653
-249 121.236145 721.679688
-249 114.357040 717.944641
-249 107.291878 714.574707
-249 100.060036 711.579163
-249 92.681335 708.966187
-249 85.175980 706.743042
-249 77.564575 704.915649
-249 69.867950 703.489136
-249 62.107224 702.467407
-249 54.303658 701.853271
-249 46.478645 701.648315
-249 38.653629 701.853210
-249 30.850063 702.467346
-249 23.089331 703.489075
-249 15.392706 704.915527
-249 7.781284 706.742859
-249 0.275928 708.966003
-249 -7.102791 711.578918
-249 -14.334648 714.574463
-249 -21.399826 717.944336
-249 -28.278946 721.679382
-249 -34.953163 725.769287
-249 -41.404190 730.202942
-249 -47.614334 734.968140
-249 -53.566582 740.051758
-249 -59.244606 745.440002
-249 -64.632851 751.117981
-249 -69.716560 757.070190
-249 -74.481796 763.280334
-249 -78.915497 769.731384
-249 -83.005493 776.405579
-249 -86.740585 783.284729
-249 -90.110519 790.349915
-249 -93.106079 797.581787
-249 -95.719055 804.960510
-249 -97.942261 812.465942
-249 -99.769623 820.077393
-249 -101.196121 827.774048
-249 -102.217865 835.534790
-249 -102.832016 843.338379
-249 -103.036942 851.163452
-249 -102.832047 858.988464
-249 -102.217896 866.792114
-249 -101.196167 874.552856
-249 -99.769684 882.249512
-249 -97.942337 889.860962
-249 -95.719147 897.366333
-249 -93.106186 904.745117
-249 -90.110641 911.976990
-249 -86.740707 919.042175
-249 -83.005630 925.921326
-249 -78.915649 932.595520
-249 -74.481964 939.046570
-249 -69.716736 945.256714
-249 -64.633018 951.208984
-249 -59.244751 956.887024
-249 -53.566711 962.275269
-249 -47.614441 967.358948
-249 -41.404274 972.124146
-249 -34.953224 976.557800
-249 -28.278976 980.647766
-249 -21.399818 984.382813
-249 -14.334610 987.752747
-249 -7.102722 990.748291
-249 0.276031 993.361206
-249 7.781422 995.584351
-249 15.392881 997.411682
-249 23.089544 998.838135
-249 30.850313 999.859802
-249 38.653919 1000.473938
-219 46.880547 986.568115
-219 54.104862 986.378967
-219 61.309376 985.811951
-219 68.474342 984.868652
-219 75.580124 983.551697
-219 82.607239 981.864624
-219 89.536423 979.812134
-219 96.348694 977.399780
-219 103.025383 974.634155
-219 109.548187 971.522949
-219 115.899208 968.074646
-219 122.061066 964.298645
-219 128.016846 960.205383
-219 133.750244 955.805969
-219 139.245544 951.112549
-219 144.487671 946.137939
-219 149.462280 940.895813
-219 154.155701 935.400513
-219 158.555084 929.667114
-219 162.648392 923.711304
-219 166.424377 917.549500
-219 169.872711 911.198486
-219 172.983917 904.675659
-219 175.749481 897.999023
-219 178.161835 891.186707
-219 180.214355 884.257568
-219 181.901398 877.230469
-219 183.218384 870.124695
-219 184.161682 862.959717
-219 184.728699 855.755188
-219 184.917877 848.530884
-219 184.728699 841.306580
-219 184.161713 834.102112
-219 183.218414 826.937134
-219 181.901428 819.831360
-219 180.214386 812.804260
-219 178.161865 805.875061
-219 175.749542 799.062805
-219 172.983978 792.386108
-219 169.872772 785.863342
-219 166.424454 779.512329
-219 162.648468 773.350464
-219 158.555176 767.394653
-219 154.155807 761.661255
-219 149.462402 756.165955
-219 144.487808 750.923828
-219 139.245697 745.949219
-219 133.750412 741.255798
-219 128.017029 736.856445
-219 122.061249 732.763123
-219 115.899414 728.987122
-219 109.548401 725.538757
-219 103.025620 722.427551
-219 96.348938 719.661987
-219 89.536682 717.249634
-219 82.607498 715.197083
-219 75.580399 713.510010
-219 68.474632 712.192993
-219 61.309677 711.249695
-219 54.105171 710.682678
-219 46.880863 710.493530
-219 39.656555 710.682678
-219 32.452049 711.249634
-219 25.287090 712.192932
-219 18.181316 713.509888
-219 11.154205 715.196899
-219 4.225018 717.249390
-219 -2.587257 719.661743
-219 -9.263943 722.427307
-219 -15.786739 725.538513
-219 -22.137772 728.986816
-219 -28.299622 732.762756
-219 -34.255417 736.856018
-219 -39.988823 741.255432
-219 -45.484131 745.948792
-219 -50.726273 750.923401
-219 -55.700874 756.165527
-219 -60.394318 761.660767
-219 -64.793739 767.394165
-219 -68.887077 773.349976
-219 -72.663094 779.511841
-219 -76.111443 785.862854
-219 -79.222687 792.385681
-219 -81.988289 799.062378
-219 -84.400658 805.874695
-219 -86.453194 812.803894
-219 -88.140282 819.831055
-219 -89.457283 826.936829
-219 -90.400566 834.101807
-219 -90.967583 841.306335
-219 -91.156776 848.530701
-219 -90.967613 855.755005
-219 -90.400612 862.959595
-219 -89.457314 870.124573
-219 -88.140327 877.230347
-219 -86.453270 884.257507
-219 -84.400749 891.186707
-219 -81.988380 897.999023
-219 -79.222794 904.675720
-219 -76.111565 911.198547
-219 -72.663223 917.549561
-219 -68.887215 923.711426
-219 -64.793900 929.667236
-219 -60.394478 935.400696
-219 -55.701027 940.895996
-219 -50.726410 946.138123
-219 -45.484253 951.112732
-219 -39.988922 955.806152
-219 -34.255501 960.205566
-219 -28.299683 964.298828
-219 -22.137794 968.074829
-219 -15.786736 971.523193
-219 -9.263908 974.634338
-219 -2.587196 977.399902
-219 4.225113 979.812256
-219 11.154331 981.864746
-219 18.181479 983.551819
-219 25.287287 984.868774
-219 32.452282 985.812012
-219 39.656822 986.379028
-189 42.086800 991.082764
-189 49.531029 990.887817
-189 56.954849 990.303528
-189 64.337921 989.331543
-189 71.660004 987.974487
-189 78.901024 986.236084
-189 86.041145 984.121094
-189 93.060791 981.635254
-189 99.940712 978.785522
-189 106.662064 975.579590
-189 113.206421 972.026306
-189 119.555847 968.135376
-189 125.692924 963.917480
-189 131.600861 959.384155
-189 137.263428 954.547852
-189 142.665131 949.421814
-189 147.791168 944.020142
-189 152.627457 938.357544
-189 157.160767 932.449646
-189 161.378662 926.312561
-189 165.269592 919.963135
-189 168.822891 913.418762
-189 172.028809 906.697449
-189 174.878571 899.817505
-189 177.364349 892.797852
-189 179.479340 885.657776
-189 181.217773 878.416748
-189 182.574829 871.094666
-189 183.546844 863.711609
-189 184.131104 856.287781
-189 184.326050 848.843567
-189 184.131104 841.399353
-189 183.546844 833.975525
-189 182.574860 826.592468
-189 181.217804 819.270386
-189 179.479401 812.029419
-189 177.364410 804.889282
-189 174.878632 797.869629
-189 172.028870 790.989746
-189 168.822968 784.268372
-189 165.269684 777.723999
-189 161.378754 771.374634
-189 157.160858 765.237549
-189 152.627563 759.329590
-189 147.791290 753.666992
-189 142.665283 748.265320
-189 137.263580 743.139282
-189 131.601013 738.302979
-189 125.693115 733.769653
-189 119.556038 729.551758
-189 113.206635 725.660828
-189 106.662285 722.107544
-189 99.940948 718.901611
-189 93.061035 716.051819
-189 86.041412 713.566040
-189 78.901299 711.451050
-189 71.660286 709.712585
-189 64.338219 708.355530
-189 56.955158 707.383484
-189 49.531345 706.799194
-189 42.087128 706.604248
-189 34.642906 706.799194
-189 27.219091 707.383423
-189 19.836027 708.355408
-189 12.513950 709.712463
-189 5.272930 711.450867
-189 -1.867184 713.565796
-189 -8.886826 716.051575
-189 -15.766750 718.901367
-189 -22.488106 722.107239
-189 -29.032463 725.660522
-189 -35.381889 729.551392
-189 -41.518982 733.769287
-189 -47.426918 738.302612
-189 -53.089500 743.138855
-189 -58.491219 748.264832
-189 -63.617249 753.666504
-189 -68.453560 759.329102
-189 -72.986900 765.237000
-189 -77.204842 771.374146
-189 -81.095802 777.723572
-189 -84.649124 784.267944
-189 -87.855080 790.989258
-189 -90.704857 797.869202
-189 -93.190666 804.888916
-189 -95.305687 812.029053
-189 -97.044121 819.270081
-189 -98.401207 826.592163
-189 -99.373222 833.975281
-189 -99.957497 841.399109
-189 -100.152443 848.843384
-189 -99.957512 856.287598
-189 -99.373253 863.711487
-189 -98.401253 871.094543
-189 -97.044182 878.416687
-189 -95.305763 885.657715
-189 -93.190758 892.797852
-189 -90.704964 899.817505
-189 -87.855186 906.697510
-189 -84.649254 913.418884
-189 -81.095940 919.963257
-189 -77.204987 926.312683
-189 -72.987061 932.449768
-189 -68.453728 938.357727
-189 -63.617401 944.020325
-189 -58.491356 949.421997
-189 -53.089630 954.548035
-189 -47.427017 959.384338
-189 -41.519066 963.917664
-189 -35.381950 968.135559
-189 -29.032494 972.026489
-189 -22.488106 975.579773
-189 -15.766720 978.785706
-189 -8.886761 981.635437
-189 -1.867088 984.121216
-189 5.273064 986.236206
-189 12.514118 987.974609
-189 19.836231 989.331665
-189 27.219330 990.303589
-189 34.643181 990.887817
-159 41.477879 1030.383789
-159 49.735336 1030.167603
-159 57.970161 1029.519531
-159 66.159790 1028.441284
-159 74.281754 1026.936035
-159 82.313812 1025.007690
-159 90.233948 1022.661621
-159 98.020432 1019.904297
-159 105.651947 1016.743225
-159 113.107574 1013.187073
-159 120.366852 1009.245605
-159 127.409912 1004.929626
-159 134.217422 1000.250916
-159 140.770752 995.222412
-159 147.051926 989.857727
-159 153.043732 984.171753
-159 158.729752 978.179932
-159 164.094376 971.898743
-159 169.122910 965.345459
-159 173.801590 958.537903
-159 178.117584 951.494873
-159 182.059052 944.235596
-159 185.615189 936.779968
-159 188.776260 929.148499
-159 191.533600 921.362000
-159 193.879654 913.441895
-159 195.807968 905.409851
-159 197.313293 897.287842
-159 198.391479 889.098267
-159 199.039581 880.863403
-159 199.255814 872.605957
-159 199.039597 864.348511
-159 198.391495 856.113708
-159 197.313324 847.924072
-159 195.808014 839.802124
-159 193.879700 831.770081
-159 191.533646 823.849976
-159 188.776321 816.063477
-159 185.615250 808.432007
-159 182.059128 800.976379
-159 178.117676 793.717102
-159 173.801697 786.674011
-159 169.123032 779.866516
-159 164.094498 773.313171
-159 158.729889 767.031982
-159 153.043884 761.040222
-159 147.052094 755.354187
-159 140.770935 749.989563
-159 134.217636 744.960999
-159 127.410126 740.282349
-159 120.367081 735.966309
-159 113.107819 732.024841
-159 105.652206 728.468689
-159 98.020714 725.307617
-159 90.234238 722.550232
-159 82.314117 720.204224
-159 74.282074 718.275879
-159 66.160118 716.770508
-159 57.970505 715.692322
-159 49.735691 715.044189
-159 41.478241 714.827942
-159 33.220791 715.044189
-159 24.985971 715.692261
-159 16.796358 716.770386
-159 8.674393 718.275696
-159 0.642338 720.203979
-159 -7.277786 722.550049
-159 -15.064278 725.307373
-159 -22.695789 728.468384
-159 -30.151409 732.024536
-159 -37.410694 735.965942
-159 -44.453754 740.281921
-159 -51.261280 744.960571
-159 -57.814617 749.989136
-159 -64.095810 755.353699
-159 -70.087616 761.039673
-159 -75.773636 767.031494
-159 -81.138290 773.312622
-159 -86.166870 779.865967
-159 -90.845596 786.673462
-159 -95.161606 793.716553
-159 -99.103104 800.975830
-159 -102.659286 808.431458
-159 -105.820389 816.062988
-159 -108.577759 823.849548
-159 -110.923828 831.769653
-159 -112.852188 839.801758
-159 -114.357529 847.923767
-159 -115.435715 856.113403
-159 -116.083817 864.348267
-159 -116.300064 872.605774
-159 -116.083847 880.863220
-159 -115.435745 889.098083
-159 -114.357574 897.287720
-159 -112.852249 905.409729
-159 -110.923904 913.441833
-159 -108.577850 921.362000
-159 -105.820511 929.148499
-159 -102.659409 936.780029
-159 -99.103256 944.235657
-159 -95.161758 951.494995
-159 -90.845749 958.538086
-159 -86.167038 965.345581
-159 -81.138474 971.898926
-159 -75.773804 978.180115
-159 -70.087769 984.171936
-159 -64.095947 989.857971
-159 -57.814732 995.222595
-159 -51.261372 1000.251160
-159 -44.453815 1004.929810
-159 -37.410732 1009.245850
-159 -30.151409 1013.187256
-159 -22.695751 1016.743408
-159 -15.064209 1019.904480
-159 -7.277679 1022.661804
-159 0.642483 1025.007813
-159 8.674576 1026.936157
-159 16.796583 1028.441406
-159 24.986237 1029.519531
-159 33.221096 1030.167603
-129 47.186111 1047.153320
-129 55.914185 1046.924805
-129 64.618332 1046.239746
-129 73.274704 1045.100220
-129 81.859558 1043.509033
-129 90.349380 1041.470825
-129 98.720901 1038.991089
-129 106.951164 1036.076538
-129 115.017616 1032.735352
-129 122.898148 1028.976563
-129 130.571152 1024.810425
-129 138.015610 1020.248474
-129 145.211105 1015.303101
-129 152.137924 1009.987976
-129 158.777069 1004.317627
-129 165.110367 998.307556
-129 171.120438 991.974243
-129 176.790802 985.335083
-129 182.105942 978.408325
-129 187.051270 971.212769
-129 191.613251 963.768311
-129 195.779343 956.095337
-129 199.538162 948.214844
-129 202.879395 940.148376
-129 205.793884 931.918091
-129 208.273621 923.546631
-129 210.311844 915.056824
-129 211.902969 906.471924
-129 213.042603 897.815613
-129 213.727631 889.111450
-129 213.956192 880.383423
-129 213.727646 871.655334
-129 213.042618 862.951172
-129 211.903000 854.294861
-129 210.311890 845.709961
-129 208.273682 837.220154
-129 205.793930 828.848633
-129 202.879456 820.618408
-129 199.538223 812.551941
-129 195.779419 804.671448
-129 191.613327 796.998413
-129 187.051376 789.553955
-129 182.106064 782.358459
-129 176.790939 775.431641
-129 171.120590 768.792480
-129 165.110535 762.459229
-129 158.777252 756.449158
-129 152.138123 750.778809
-129 145.211319 745.463623
-129 138.015839 740.518311
-129 130.571411 735.956299
-129 122.898407 731.790222
-129 115.017891 728.031372
-129 106.951462 724.690125
-129 98.721207 721.775635
-129 90.349709 719.295837
-129 81.859894 717.257629
-129 73.275047 715.666504
-129 64.618698 714.526855
-129 55.914555 713.841797
-129 47.186493 713.613220
-129 38.458431 713.841736
-129 29.754292 714.526733
-129 21.097931 715.666382
-129 12.513077 717.257446
-129 4.023254 719.295654
-129 -4.348255 721.775391
-129 -12.578518 724.689819
-129 -20.644966 728.031067
-129 -28.525505 731.789856
-129 -36.198509 735.955933
-129 -43.642967 740.517883
-129 -50.838470 745.463196
-129 -57.765305 750.778320
-129 -64.404472 756.448608
-129 -70.737770 762.458679
-129 -76.747849 768.791931
-129 -82.418243 775.431030
-129 -87.733414 782.357910
-129 -92.678787 789.553406
-129 -97.240784 796.997864
-129 -101.406921 804.670898
-129 -105.165771 812.551453
-129 -108.507034 820.617920
-129 -111.421555 828.848206
-129 -113.901337 837.219727
-129 -115.939590 845.709595
-129 -117.530716 854.294495
-129 -118.670364 862.950867
-129 -119.355408 871.655029
-129 -119.583969 880.383118
-129 -119.355423 889.111267
-129 -118.670395 897.815430
-129 -117.530762 906.471802
-129 -115.939651 915.056702
-129 -113.901413 923.546570
-129 -111.421661 931.918091
-129 -108.507156 940.148376
-129 -105.165909 948.214844
-129 -101.407074 956.095459
-129 -97.240936 963.768494
-129 -92.678955 971.212952
-129 -87.733597 978.408447
-129 -82.418442 985.335266
-129 -76.748032 991.974487
-129 -70.737930 998.307739
-129 -64.404617 1004.317871
-129 -57.765419 1009.988220
-129 -50.838570 1015.303345
-129 -43.643036 1020.248657
-129 -36.198547 1024.810669
-129 -28.525497 1028.976807
-129 -20.644928 1032.735596
-129 -12.578442 1036.076782
-129 -4.348141 1038.991211
-129 4.023411 1041.470947
-129 12.513271 1043.509155
-129 21.098169 1045.100220
-129 29.754572 1046.239868
-129 38.458755 1046.924805
-99 56.316982 1064.971436
-99 65.504364 1064.730957
-99 74.666573 1064.009888
-99 83.778481 1062.810181
-99 92.815117 1061.135376
-99 101.751709 1058.989868
-99 110.563782 1056.379639
-99 119.227158 1053.311768
-99 127.718109 1049.794678
-99 136.013351 1045.838135
-99 144.090149 1041.452759
-99 151.926361 1036.650757
-99 159.500519 1031.445068
-99 166.791870 1025.850342
-99 173.780411 1019.881531
-99 180.446976 1013.555176
-99 186.773331 1006.888550
-99 192.742111 999.900024
-99 198.336945 992.608704
-99 203.542526 985.034546
-99 208.344574 977.198303
-99 212.729904 969.121521
-99 216.686523 960.826294
-99 220.203598 952.335388
-99 223.271454 943.671997
-99 225.881699 934.859924
-99 228.027191 925.923340
-99 229.702042 916.886719
-99 230.901642 907.774841
-99 231.622726 898.612671
-99 231.863312 889.425293
-99 231.622742 880.237915
-99 230.901657 871.075684
-99 229.702072 861.963806
-99 228.027222 852.927185
-99 225.881760 843.990601
-99 223.271515 835.178528
-99 220.203659 826.515137
-99 216.686600 818.024231
-99 212.729996 809.729004
-99 208.344666 801.652161
-99 203.542633 793.815979
-99 198.337067 786.241821
-99 192.742249 778.950439
-99 186.773499 771.961914
-99 180.447159 765.295349
-99 173.780594 758.968994
-99 166.792068 753.000244
-99 159.500748 747.405396
-99 151.926605 742.199829
-99 144.090408 737.397705
-99 136.013626 733.012390
-99 127.718399 729.055786
-99 119.227463 725.538696
-99 110.564102 722.470825
-99 101.752060 719.860535
-99 92.815475 717.715027
-99 83.778847 716.040161
-99 74.666946 714.840576
-99 65.504761 714.119446
-99 56.317387 713.878845
-99 47.130013 714.119385
-99 37.967815 714.840454
-99 28.855917 716.040039
-99 19.819283 717.714844
-99 10.882690 719.860352
-99 2.070629 722.470581
-99 -6.592751 725.538391
-99 -15.083698 729.055420
-99 -23.378941 733.012024
-99 -31.455738 737.397339
-99 -39.291965 742.199341
-99 -46.866131 747.404907
-99 -54.157482 752.999695
-99 -61.146030 758.968445
-99 -67.812622 765.294800
-99 -74.138977 771.961304
-99 -80.107773 778.949829
-99 -85.702652 786.241211
-99 -90.908279 793.815369
-99 -95.710342 801.651611
-99 -100.095734 809.728394
-99 -104.052383 818.023682
-99 -107.569489 826.514648
-99 -110.637375 835.178040
-99 -113.247650 843.990112
-99 -115.393173 852.926758
-99 -117.068039 861.963440
-99 -118.267654 871.075378
-99 -118.988739 880.237610
-99 -119.229340 889.424988
-99 -118.988770 898.612427
-99 -118.267685 907.774658
-99 -117.068085 916.886597
-99 -115.393234 925.923279
-99 -113.247742 934.859924
-99 -110.637482 943.671997
-99 -107.569611 952.335388
-99 -104.052521 960.826355
-99 -100.095886 969.121643
-99 -95.710510 977.198486
-99 -90.908447 985.034668
-99 -85.702850 992.608887
-99 -80.107971 999.900269
-99 -74.139160 1006.888794
-99 -67.812790 1013.555420
-99 -61.146191 1019.881714
-99 -54.157604 1025.850586
-99 -46.866230 1031.445313
-99 -39.292034 1036.650879
-99 -31.455776 1041.453003
-99 -23.378933 1045.838379
-99 -15.083652 1049.794922
-99 -6.592670 1053.312012
-99 2.070747 1056.379883
-99 10.882851 1058.990112
-99 19.819492 1061.135498
-99 28.856167 1062.810303
-99 37.968109 1064.009888
-99 47.130348 1064.730957
-69 59.706268 1091.882446
-69 69.440277 1091.627563
-69 79.147598 1090.863525
-69 88.801636 1089.592529
-69 98.375931 1087.818115
-69 107.844223 1085.544922
-69 117.180588 1082.779419
-69 126.359406 1079.529053
-69 135.355530 1075.802734
-69 144.144318 1071.610718
-69 152.701660 1066.964355
-69 161.004120 1061.876709
-69 169.028900 1056.361328
-69 176.754059 1050.433594
-69 184.158386 1044.109741
-69 191.221603 1037.406982
-69 197.924362 1030.343750
-69 204.248260 1022.939453
-69 210.175980 1015.214294
-69 215.691269 1007.189514
-69 220.779022 998.887024
-69 225.425278 990.329712
-69 229.617294 981.540955
-69 233.343613 972.544800
-69 236.594009 963.366028
-69 239.359558 954.029663
-69 241.632690 944.561401
-69 243.407196 934.987122
-69 244.678162 925.333069
-69 245.442154 915.625732
-69 245.697052 905.891785
-69 245.442169 896.157776
-69 244.678192 886.450439
-69 243.407227 876.796448
-69 241.632736 867.222168
-69 239.359619 857.753845
-69 236.594070 848.417480
-69 233.343689 839.238708
-69 229.617371 830.242554
-69 225.425354 821.453796
-69 220.779114 812.896484
-69 215.691391 804.593994
-69 210.176102 796.569214
-69 204.248398 788.844055
-69 197.924530 781.439697
-69 191.221802 774.376526
-69 184.158600 767.673767
-69 176.754272 761.349854
-69 169.029144 755.422119
-69 161.004364 749.906860
-69 152.701935 744.819092
-69 144.144608 740.172852
-69 135.355835 735.980774
-69 126.359734 732.254456
-69 117.180923 729.004028
-69 107.844589 726.238464
-69 98.376297 723.965332
-69 88.802025 722.190796
-69 79.148003 720.919800
-69 69.440689 720.155762
-69 59.706696 719.900879
-69 49.972702 720.155762
-69 40.265381 720.919678
-69 30.611355 722.190674
-69 21.037071 723.965149
-69 11.568779 726.238220
-69 2.232426 729.003784
-69 -6.946396 732.254150
-69 -15.942528 735.980408
-69 -24.731316 740.172424
-69 -33.288658 744.818665
-69 -41.591110 749.906372
-69 -49.615913 755.421631
-69 -57.341080 761.349304
-69 -64.745430 767.673218
-69 -71.808670 774.375916
-69 -78.511414 781.439087
-69 -84.835327 788.843384
-69 -90.763092 796.568542
-69 -96.278442 804.593384
-69 -101.366211 812.895813
-69 -106.012512 821.453186
-69 -110.204590 830.242004
-69 -113.930939 839.238159
-69 -117.181366 848.416992
-69 -119.946945 857.753357
-69 -122.220108 867.221680
-69 -123.994614 876.796021
-69 -125.265610 886.450073
-69 -126.029602 896.157471
-69 -126.284515 905.891479
-69 -126.029633 915.625549
-69 -125.265656 925.332886
-69 -123.994675 934.986938
-69 -122.220169 944.561279
-69 -119.947037 954.029602
-69 -117.181473 963.366028
-69 -113.931076 972.544861
-69 -110.204727 981.541016
-69 -106.012680 990.329834
-69 -101.366394 998.887207
-69 -96.278625 1007.189636
-69 -90.763306 1015.214478
-69 -84.835556 1022.939636
-69 -78.511612 1030.343994
-69 -71.808838 1037.407227
-69 -64.745598 1044.109985
-69 -57.341209 1050.433838
-69 -49.616028 1056.361572
-69 -41.591187 1061.876953
-69 -33.288696 1066.964600
-69 -24.731308 1071.610962
-69 -15.942482 1075.802979
-69 -6.946312 1079.529297
-69 2.232552 1082.779541
-69 11.568951 1085.545166
-69 21.037289 1087.818237
-69 30.611620 1089.592773
-69 40.265697 1090.863647
-69 49.973061 1091.627563
-39 60.134941 1078.432373
-39 69.278481 1078.192871
-39 78.396957 1077.475342
-39 87.465385 1076.281372
-39 96.458900 1074.614502
-39 105.352852 1072.479248
-39 114.122864 1069.881470
-39 122.744904 1066.828247
-39 131.195328 1063.328003
-39 139.450989 1059.390259
-39 147.489227 1055.025879
-39 155.288055 1050.246704
-39 162.826080 1045.065918
-39 170.082611 1039.497803
-39 177.037811 1033.557495
-39 183.672577 1027.261353
-39 189.968719 1020.626587
-39 195.909027 1013.671448
-39 201.477173 1006.414917
-39 206.657898 998.876831
-39 211.437012 991.078064
-39 215.801422 983.039795
-39 219.739166 974.784180
-39 223.239441 966.333740
-39 226.292664 957.711731
-39 228.890472 948.941711
-39 231.025696 940.047791
-39 232.692566 931.054260
-39 233.886444 921.985840
-39 234.604095 912.867371
-39 234.843536 903.723877
-39 234.604095 894.580322
-39 233.886475 885.461853
-39 232.692596 876.393433
-39 231.025757 867.399902
-39 228.890503 858.505981
-39 226.292725 849.735962
-39 223.239502 841.113953
-39 219.739258 832.663513
-39 215.801514 824.407898
-39 211.437103 816.369629
-39 206.657990 808.570801
-39 201.477295 801.032776
-39 195.909149 793.776245
-39 189.968903 786.821045
-39 183.672745 780.186279
-39 177.037994 773.890137
-39 170.082825 767.949829
-39 162.826294 762.381714
-39 155.288300 757.200928
-39 147.489502 752.421814
-39 139.451263 748.057373
-39 131.195618 744.119629
-39 122.745209 740.619385
-39 114.123184 737.566101
-39 105.353188 734.968323
-39 96.459251 732.833069
-39 87.465752 731.166199
-39 78.397339 729.972290
-39 69.278870 729.254639
-39 60.135342 729.015137
-39 50.991810 729.254578
-39 41.873341 729.972168
-39 32.804924 731.166016
-39 23.811417 732.832886
-39 14.917469 734.968140
-39 6.147461 737.565857
-39 -2.474575 740.619080
-39 -10.925003 744.119324
-39 -19.180656 748.057007
-39 -27.218918 752.421448
-39 -35.017738 757.200562
-39 -42.555763 762.381226
-39 -49.812317 767.949341
-39 -56.767517 773.889587
-39 -63.402298 780.185730
-39 -69.698463 786.820496
-39 -75.638771 793.775635
-39 -81.206947 801.032166
-39 -86.387733 808.570190
-39 -91.166893 816.369019
-39 -95.531349 824.407349
-39 -99.469124 832.662964
-39 -102.969429 841.113464
-39 -106.022682 849.735474
-39 -108.620506 858.505554
-39 -110.755791 867.399536
-39 -112.422661 876.393066
-39 -113.616554 885.461487
-39 -114.334206 894.580017
-39 -114.573647 903.723572
-39 -114.334221 912.867188
-39 -113.616585 921.985657
-39 -112.422707 931.054138
-39 -110.755852 940.047668
-39 -108.620598 948.941650
-39 -106.022789 957.711670
-39 -102.969566 966.333740
-39 -99.469261 974.784241
-39 -95.531502 983.039917
-39 -91.167061 991.078186
-39 -86.387917 998.877014
-39 -81.207146 1006.415039
-39 -75.638985 1013.671631
-39 -69.698647 1020.626831
-39 -63.402466 1027.261597
-39 -56.767677 1033.557739
-39 -49.812439 1039.498047
-39 -42.555862 1045.066162
-39 -35.017815 1050.246948
-39 -27.218948 1055.026123
-39 -19.180656 1059.390503
-39 -10.924957 1063.328247
-39 -2.474495 1066.828491
-39 6.147579 1069.881714
-39 14.917629 1072.479492
-39 23.811623 1074.614746
-39 32.805176 1076.281494
-39 41.873634 1077.475342
-39 50.992149 1078.192993
-9 56.150211 1064.412354
-9 64.829659 1064.185059
-9 73.485313 1063.503906
-9 82.093460 1062.370605
-9 90.630493 1060.788330
-9 99.073013 1058.761475
-9 107.397896 1056.295532
-9 115.582306 1053.397217
-9 123.603821 1050.074585
-9 131.440445 1046.336792
-9 139.070709 1042.193848
-9 146.473694 1037.657349
-9 153.629105 1032.739502
-9 160.517319 1027.453979
-9 167.119492 1021.815186
-9 173.417496 1015.838623
-9 179.394089 1009.540649
-9 185.032867 1002.938477
-9 190.318390 996.050232
-9 195.236176 988.894836
-9 199.772720 981.491821
-9 203.915604 973.861572
-9 207.653488 966.024963
-9 210.976105 958.003479
-9 213.874359 949.819092
-9 216.340286 941.494202
-9 218.367157 933.051697
-9 219.949417 924.514648
-9 221.082687 915.906494
-9 221.763916 907.250854
-9 221.991196 898.571472
-9 221.763916 889.892029
-9 221.082718 881.236328
-9 219.949448 872.628235
-9 218.367203 864.091187
-9 216.340332 855.648682
-9 213.874405 847.323792
-9 210.976166 839.139404
-9 207.653549 831.117920
-9 203.915695 823.281250
-9 199.772812 815.651001
-9 195.236267 808.248047
-9 190.318512 801.092651
-9 185.032990 794.204407
-9 179.394241 787.602234
-9 173.417664 781.304199
-9 167.119675 775.327637
-9 160.517517 769.688843
-9 153.629318 764.403320
-9 146.473923 759.485535
-9 139.070953 754.948975
-9 131.440704 750.806091
-9 123.604095 747.068176
-9 115.582596 743.745544
-9 107.398201 740.847290
-9 99.073334 738.381348
-9 90.630829 736.354492
-9 82.093803 734.772217
-9 73.485672 733.638916
-9 64.830032 732.957642
-9 56.150593 732.730347
-9 47.471153 732.957642
-9 38.815506 733.638794
-9 30.207371 734.772095
-9 21.670341 736.354309
-9 13.227821 738.381165
-9 4.902946 740.847046
-9 -3.281464 743.745300
-9 -11.302975 747.067871
-9 -19.139606 750.805725
-9 -26.769871 754.948608
-9 -34.172855 759.485107
-9 -41.328266 764.402893
-9 -48.216511 769.688354
-9 -54.818684 775.327148
-9 -61.116711 781.303711
-9 -67.093307 787.601685
-9 -72.732101 794.203796
-9 -78.017670 801.092041
-9 -82.935486 808.247437
-9 -87.472076 815.650452
-9 -91.615005 823.280762
-9 -95.352905 831.117371
-9 -98.675552 839.138916
-9 -101.573837 847.323364
-9 -104.039810 855.648254
-9 -106.066696 864.090820
-9 -107.648972 872.627869
-9 -108.782257 881.236023
-9 -109.463486 889.891724
-9 -109.690781 898.571167
-9 -109.463501 907.250671
-9 -108.782303 915.906372
-9 -107.649017 924.514526
-9 -106.066757 933.051575
-9 -104.039886 941.494141
-9 -101.573944 949.819031
-9 -98.675674 958.003479
-9 -95.353043 966.025024
-9 -91.615143 973.861694
-9 -87.472229 981.491943
-9 -82.935654 988.894958
-9 -78.017853 996.050415
-9 -72.732300 1002.938660
-9 -67.093475 1009.540833
-9 -61.116863 1015.838867
-9 -54.818836 1021.815430
-9 -48.216625 1027.454224
-9 -41.328365 1032.739746
-9 -34.172924 1037.657471
-9 -26.769901 1042.194092
-9 -19.139599 1046.336914
-9 -11.302937 1050.074829
-9 -3.281391 1053.397461
-9 4.903061 1056.295654
-9 13.227974 1058.761597
-9 21.670536 1060.788452
-9 30.207607 1062.370605
-9 38.815784 1063.503906
-9 47.471474 1064.185059
21 48.266575 990.477783
21 54.926277 990.303406
21 61.567722 989.780701
21 68.172714 988.911133
21 74.723145 987.697144
21 81.201050 986.141907
21 87.588699 984.249817
21 93.868553 982.026001
21 100.023422 979.476563
21 106.036438 976.608521
21 111.891098 973.429688
21 117.571381 969.948792
21 123.061691 966.175415
21 128.347000 962.119812
21 133.412811 957.793213
21 138.245239 953.207397
21 142.831055 948.375000
21 147.157654 943.309204
21 151.213211 938.023865
21 154.986603 932.533569
21 158.467484 926.853271
21 161.646301 920.998596
21 164.514359 914.985596
21 167.063797 908.830750
21 169.287598 902.550903
21 171.179703 896.163269
21 172.734909 889.685364
21 173.948975 883.134949
21 174.818527 876.529968
21 175.341232 869.888550
21 175.515625 863.228821
21 175.341232 856.569153
21 174.818542 849.927673
21 173.948990 843.322693
21 172.734940 836.772278
21 171.179749 830.294373
21 169.287643 823.906738
21 167.063843 817.626892
21 164.514420 811.472046
21 161.646362 805.459045
21 158.467560 799.604370
21 154.986679 793.924072
21 151.213303 788.433777
21 147.157761 783.148438
21 142.831161 778.082642
21 138.245361 773.250244
21 133.412949 768.664429
21 128.347153 764.337830
21 123.061859 760.282227
21 117.571548 756.508850
21 111.891289 753.027954
21 106.036636 749.849121
21 100.023636 746.981079
21 93.868774 744.431641
21 87.588928 742.207764
21 81.201294 740.315674
21 74.723396 738.760498
21 68.172974 737.546387
21 61.567997 736.676819
21 54.926559 736.154114
21 48.266869 735.979736
21 41.607174 736.154114
21 34.965733 736.676758
21 28.360750 737.546326
21 21.810326 738.760376
21 15.332417 740.315552
21 8.944778 742.207642
21 2.664917 744.431396
21 -3.489952 746.980835
21 -9.502964 749.848877
21 -15.357628 753.027649
21 -21.037907 756.508545
21 -26.528225 760.281921
21 -31.813541 764.337402
21 -36.879360 768.664001
21 -41.711803 773.249817
21 -46.297619 778.082214
21 -50.624249 783.148010
21 -54.679829 788.433350
21 -58.453259 793.923645
21 -61.934155 799.603943
21 -65.113007 805.458618
21 -67.981094 811.471619
21 -70.530548 817.626526
21 -72.754379 823.906372
21 -74.646500 830.294067
21 -76.201736 836.771973
21 -77.415802 843.322449
21 -78.285370 849.927429
21 -78.808075 856.568909
21 -78.982468 863.228638
21 -78.808090 869.888367
21 -78.285400 876.529846
21 -77.415833 883.134827
21 -76.201782 889.685303
21 -74.646561 896.163208
21 -72.754456 902.550903
21 -70.530640 908.830750
21 -67.981186 914.985657
21 -65.113113 920.998718
21 -61.934277 926.853394
21 -58.453388 932.533691
21 -54.679974 938.023987
21 -50.624393 943.309326
21 -46.297756 948.375122
21 -41.711926 953.207581
21 -36.879475 957.793396
21 -31.813633 962.119995
21 -26.528301 966.175598
21 -21.037960 969.948975
21 -15.357655 973.429810
21 -9.502960 976.608643
21 -3.489922 979.476685
21 2.664974 982.026123
21 8.944866 984.249939
21 15.332535 986.142029
21 21.810476 987.697205
21 28.360931 988.911255
21 34.965946 989.780762
21 41.607418 990.303467
51 54.168152 1063.961182
51 62.728508 1063.737061
51 71.265396 1063.065186
51 79.755432 1061.947510
51 88.175323 1060.386963
51 96.502007 1058.387817
51 104.712662 1055.955811
51 112.784775 1053.097290
51 120.696220 1049.820190
51 128.425323 1046.133667
51 135.950882 1042.047607
51 143.252289 1037.573242
51 150.309509 1032.723022
51 157.103241 1027.510010
51 163.614807 1021.948608
51 169.826385 1016.054016
51 175.720978 1009.842407
51 181.282394 1003.330811
51 186.495392 996.537109
51 191.345703 989.479858
51 195.820007 982.178467
51 199.906052 974.652954
51 203.592636 966.923828
51 206.869659 959.012390
51 209.728149 950.940308
51 212.160248 942.729675
51 214.159302 934.402954
51 215.719849 925.983093
51 216.837570 917.493042
51 217.509445 908.956177
51 217.733612 900.395813
51 217.509460 891.835510
51 216.837601 883.298584
51 215.719879 874.808594
51 214.159332 866.388733
51 212.160294 858.062012
51 209.728195 849.851379
51 206.869720 841.779297
51 203.592697 833.867859
51 199.906128 826.138733
51 195.820084 818.613159
51 191.345795 811.311768
51 186.495514 804.254578
51 181.282516 797.460815
51 175.721130 790.949280
51 169.826569 784.737671
51 163.614990 778.843079
51 157.103424 773.281677
51 150.309723 768.068665
51 143.252502 763.218384
51 135.951126 758.744019
51 128.425568 754.657959
51 120.696487 750.971375
51 112.785057 747.694336
51 104.712967 744.835815
51 96.502319 742.403748
51 88.175659 740.404663
51 79.755768 738.844116
51 71.265755 737.726318
51 62.728874 737.054443
51 54.168526 736.830322
51 45.608181 737.054443
51 37.071297 737.726257
51 28.581276 738.843994
51 20.161385 740.404541
51 11.834705 742.403564
51 3.624058 744.835632
51 -4.448051 747.694092
51 -12.359497 750.971069
51 -20.088600 754.657654
51 -27.614166 758.743652
51 -34.915573 763.217957
51 -41.972809 768.068237
51 -48.766533 773.281189
51 -55.278130 778.842590
51 -61.489731 784.737122
51 -67.384323 790.948730
51 -72.945747 797.460266
51 -78.158783 804.253967
51 -83.009125 811.311218
51 -87.483459 818.612610
51 -91.569550 826.138184
51 -95.256165 833.867310
51 -98.533234 841.778809
51 -101.391739 849.850952
51 -103.823868 858.061584
51 -105.822952 866.388306
51 -107.383514 874.808228
51 -108.501251 883.298279
51 -109.173126 891.835205
51 -109.397308 900.395569
51 -109.173157 908.955994
51 -108.501297 917.492920
51 -107.383560 925.982971
51 -105.823013 934.402893
51 -103.823944 942.729614
51 -101.391846 950.940308
51 -98.533340 959.012451
51 -95.256302 966.923889
51 -91.569687 974.653015
51 -87.483627 982.178589
51 -83.009293 989.480042
51 -78.158966 996.537292
51 -72.945946 1003.330994
51 -67.384499 1009.842590
51 -61.489891 1016.054199
51 -55.278275 1021.948792
51 -48.766655 1027.510254
51 -41.972908 1032.723267
51 -34.915642 1037.573486
51 -27.614204 1042.047852
51 -20.088600 1046.133911
51 -12.359459 1049.820435
51 -4.447979 1053.097412
51 3.624168 1055.955933
51 11.834858 1058.387939
51 20.161579 1060.387085
51 28.581511 1061.947510
51 37.071571 1063.065308
51 45.608498 1063.737061
81 51.935287 1033.305786
81 59.636196 1033.104126
81 67.315994 1032.499756
81 74.953644 1031.494263
81 82.528198 1030.090332
81 90.018890 1028.291992
81 97.405212 1026.104126
81 104.666893 1023.532593
81 111.784042 1020.584534
81 118.737160 1017.268066
81 125.507164 1013.592285
81 132.075531 1009.567200
81 138.424225 1005.203857
81 144.535858 1000.514221
81 150.393677 995.511169
81 155.981628 990.208374
81 161.284424 984.620422
81 166.287460 978.762634
81 170.977081 972.651001
81 175.340424 966.302246
81 179.365524 959.733887
81 183.041336 952.963928
81 186.357788 946.010803
81 189.305817 938.893677
81 191.877304 931.632019
81 194.065231 924.245667
81 195.863586 916.755005
81 197.267456 909.180481
81 198.272964 901.542847
81 198.877380 893.863037
81 199.079041 886.162109
81 198.877396 878.461243
81 198.272980 870.781433
81 197.267471 863.143799
81 195.863617 855.569275
81 194.065277 848.078552
81 191.877350 840.692261
81 189.305862 833.430603
81 186.357849 826.313416
81 183.041397 819.360352
81 179.365601 812.590332
81 175.340515 806.021973
81 170.977188 799.673279
81 166.287567 793.561646
81 161.284546 787.703796
81 155.981781 782.115845
81 150.393829 776.813049
81 144.536026 771.809998
81 138.424408 767.120361
81 132.075714 762.757080
81 125.507385 758.731934
81 118.737381 755.056152
81 111.784286 751.739624
81 104.667152 748.791626
81 97.405479 746.220093
81 90.019180 744.032166
81 82.528488 742.233826
81 74.953949 740.829956
81 67.316315 739.824402
81 59.636524 739.219971
81 51.935627 739.018311
81 44.234726 739.219971
81 36.554932 739.824341
81 28.917294 740.829834
81 21.342747 742.233643
81 13.852051 744.031982
81 6.465740 746.219910
81 -0.795944 748.791382
81 -7.913097 751.739380
81 -14.866211 755.055786
81 -21.636223 758.731628
81 -28.204575 762.756653
81 -34.553276 767.119995
81 -40.664925 771.809570
81 -46.522758 776.812622
81 -52.110733 782.115356
81 -57.413513 787.703308
81 -62.416580 793.561096
81 -67.106239 799.672729
81 -71.469620 806.021484
81 -75.494736 812.589844
81 -79.170578 819.359863
81 -82.487076 826.312988
81 -85.435120 833.430115
81 -88.006638 840.691833
81 -90.194595 848.078186
81 -91.992966 855.568909
81 -93.396851 863.143494
81 -94.402374 870.781128
81 -95.006805 878.460999
81 -95.208466 886.161926
81 -95.006821 893.862854
81 -94.402405 901.542664
81 -93.396896 909.180359
81 -91.993027 916.754944
81 -90.194656 924.245667
81 -88.006729 931.631958
81 -85.435226 938.893677
81 -82.487183 946.010864
81 -79.170715 952.963989
81 -75.494881 959.734009
81 -71.469765 966.302429
81 -67.106407 972.651123
81 -62.416756 978.762756
81 -57.413673 984.620605
81 -52.110870 990.208557
81 -46.522896 995.511353
81 -40.665031 1000.514404
81 -34.553368 1005.204041
81 -28.204643 1009.567383
81 -21.636253 1013.592468
81 -14.866203 1017.268311
81 -7.913059 1020.584717
81 -0.795879 1023.532715
81 6.465839 1026.104248
81 13.852188 1028.292114
81 21.342918 1030.090454
81 28.917503 1031.494263
81 36.555176 1032.499756
81 44.235008 1033.104126
111 47.172543 995.829956
111 53.899059 995.653809
111 60.607140 995.125916
111 67.278397 994.247620
111 73.894547 993.021362
111 80.437447 991.450562
111 86.889175 989.539490
111 93.232040 987.293335
111 99.448669 984.718384
111 105.522003 981.821533
111 111.435410 978.610779
111 117.172668 975.094971
111 122.718063 971.283752
111 128.056396 967.187500
111 133.173035 962.817505
111 138.053955 958.185669
111 142.685776 953.304749
111 147.055801 948.188110
111 151.152039 942.849792
111 154.963287 937.304382
111 158.479095 931.567139
111 161.689804 925.653748
111 164.586639 919.580383
111 167.161636 913.363770
111 169.407761 907.020935
111 171.318848 900.569214
111 172.889664 894.026306
111 174.115906 887.410156
111 174.994186 880.738892
111 175.522125 874.030823
111 175.698273 867.304321
111 175.522141 860.577820
111 174.994202 853.869751
111 174.115921 847.198486
111 172.889694 840.582336
111 171.318893 834.039429
111 169.407806 827.587769
111 167.161682 821.244873
111 164.586685 815.028259
111 161.689865 808.954956
111 158.479156 803.041504
111 154.963364 797.304260
111 151.152130 791.758850
111 147.055893 786.420532
111 142.685898 781.303894
111 138.054077 776.422974
111 133.173187 771.791138
111 128.056549 767.421143
111 122.718231 763.324890
111 117.172852 759.513611
111 111.435593 755.997803
111 105.522202 752.787109
111 99.448883 749.890259
111 93.232269 747.315247
111 86.889420 745.069092
111 80.437698 743.158020
111 73.894806 741.587158
111 67.278664 740.360962
111 60.607418 739.482666
111 53.899345 738.954712
111 47.172836 738.778564
111 40.446327 738.954651
111 33.738255 739.482544
111 27.067003 740.360840
111 20.450861 741.587036
111 13.907959 743.157837
111 7.456234 745.068909
111 1.113369 747.315063
111 -5.103252 749.890015
111 -11.176594 752.786865
111 -17.090000 755.997559
111 -22.827267 759.513306
111 -28.372669 763.324524
111 -33.711010 767.420776
111 -38.827656 771.790771
111 -43.708584 776.422546
111 -48.340405 781.303467
111 -52.710438 786.420044
111 -56.806721 791.758423
111 -60.618000 797.303833
111 -64.133820 803.041077
111 -67.344559 808.954529
111 -70.241425 815.027832
111 -72.816452 821.244507
111 -75.062607 827.587402
111 -76.973709 834.039124
111 -78.544540 840.582031
111 -79.770798 847.198242
111 -80.649094 853.869507
111 -81.177032 860.577576
111 -81.353180 867.304138
111 -81.177048 874.030701
111 -80.649124 880.738770
111 -79.770828 887.410034
111 -78.544586 894.026245
111 -76.973770 900.569153
111 -75.062683 907.020935
111 -72.816544 913.363770
111 -70.241531 919.580444
111 -67.344681 925.653809
111 -64.133942 931.567200
111 -60.618130 937.304504
111 -56.806866 942.849915
111 -52.710598 948.188232
111 -48.340549 953.304932
111 -43.708706 958.185852
111 -38.827770 962.817627
111 -33.711102 967.187683
111 -28.372746 971.283936
111 -22.827320 975.095154
111 -17.090023 978.610962
111 -11.176590 981.821716
111 -5.103222 984.718506
111 1.113426 987.293518
111 7.456322 989.539612
111 13.908077 991.450684
111 20.451012 993.021484
111 27.067188 994.247681
111 33.738472 995.125977
111 40.446575 995.653870
141 40.961544 1002.766174
141 47.918037 1002.583984
141 54.855461 1002.038025
141 61.754803 1001.129700
141 68.597153 999.861572
141 75.363754 998.237061
141 82.036057 996.260620
141 88.595779 993.937683
141 95.024948 991.274658
141 101.305923 988.278748
141 107.421509 984.958252
141 113.354919 981.322266
141 119.089920 977.380737
141 124.610764 973.144409
141 129.902328 968.625000
141 134.950119 963.834839
141 139.740295 958.787048
141 144.259720 953.495483
141 148.496017 947.974609
141 152.437576 942.239624
141 156.073578 936.306213
141 159.394058 930.190613
141 162.389938 923.909668
141 165.052979 917.480530
141 167.375900 910.920776
141 169.352325 904.248474
141 170.976837 897.481873
141 172.244995 890.639587
141 173.153320 883.740234
141 173.699310 876.802795
141 173.881470 869.846313
141 173.699310 862.889832
141 173.153336 855.952454
141 172.245026 849.053101
141 170.976868 842.210754
141 169.352356 835.444153
141 167.375931 828.771851
141 165.053024 822.212158
141 162.389984 815.782959
141 159.394119 809.502014
141 156.073654 803.386414
141 152.437653 797.453003
141 148.496109 791.718018
141 144.259827 786.197144
141 139.740417 780.905579
141 134.950256 775.857788
141 129.902481 771.067627
141 124.610916 766.548218
141 119.090088 762.311890
141 113.355103 758.370361
141 107.421707 754.734314
141 101.306137 751.413818
141 95.025169 748.417969
141 88.596016 745.754883
141 82.036301 743.431946
141 75.364014 741.455566
141 68.597420 739.830994
141 61.755081 738.562866
141 54.855747 737.654541
141 47.918331 737.108521
141 40.961849 736.926331
141 34.005363 737.108459
141 27.067947 737.654419
141 20.168612 738.562744
141 13.326267 739.830872
141 6.559669 741.455383
141 -0.112637 743.431763
141 -6.672359 745.754700
141 -13.101521 748.417725
141 -19.382504 751.413574
141 -25.498081 754.734009
141 -31.431507 758.369995
141 -37.166500 762.311523
141 -42.687359 766.547791
141 -47.978939 771.067200
141 -53.026737 775.857361
141 -57.816921 780.905151
141 -62.336361 786.196716
141 -66.572693 791.717529
141 -70.514267 797.452515
141 -74.150299 803.385986
141 -77.470810 809.501587
141 -80.466721 815.782593
141 -83.129791 822.211731
141 -85.452728 828.771484
141 -87.429169 835.443787
141 -89.053711 842.210449
141 -90.321884 849.052795
141 -91.230209 855.952148
141 -91.776199 862.889587
141 -91.958374 869.846130
141 -91.776215 876.802612
141 -91.230240 883.740112
141 -90.321915 890.639465
141 -89.053757 897.481812
141 -87.429230 904.248474
141 -85.452805 910.920776
141 -83.129883 917.480530
141 -80.466812 923.909729
141 -77.470932 930.190735
141 -74.150421 936.306335
141 -70.514404 942.239746
141 -66.572830 947.974731
141 -62.336521 953.495605
141 -57.817066 958.787170
141 -53.026867 963.835022
141 -47.979053 968.625183
141 -42.687450 973.144592
141 -37.166576 977.380920
141 -31.431561 981.322449
141 -25.498112 984.958435
141 -19.382500 988.278931
141 -13.101490 991.274780
141 -6.672298 993.937866
141 -0.112545 996.260742
141 6.559792 998.237183
141 13.326424 999.861694
141 20.168802 1001.129761
141 27.068172 1002.038086
141 34.005623 1002.584045
171 43.487530 999.124084
171 50.385582 998.943420
171 57.264729 998.402039
171 64.106117 997.501343
171 70.890984 996.243835
171 77.600739 994.632996
171 84.216995 992.673157
171 90.721619 990.369751
171 97.096771 987.729065
171 103.324997 984.758362
171 109.389191 981.465759
171 115.272766 977.860291
171 120.959579 973.951904
171 126.434052 969.751160
171 131.681168 965.269714
171 136.686554 960.519775
171 141.436493 955.514404
171 145.917953 950.267273
171 150.118668 944.792786
171 154.027115 939.105957
171 157.632568 933.222412
171 160.925156 927.158203
171 163.895859 920.929993
171 166.536530 914.554871
171 168.839935 908.050232
171 170.799759 901.433960
171 172.410629 894.724243
171 173.668137 887.939392
171 174.568832 881.098022
171 175.110229 874.218872
171 175.290863 867.320801
171 175.110229 860.422791
171 174.568848 853.543640
171 173.668167 846.702271
171 172.410660 839.917358
171 170.799805 833.207642
171 168.839981 826.591370
171 166.536575 820.086792
171 163.895920 813.711609
171 160.925217 807.483398
171 157.632645 801.419189
171 154.027191 795.535645
171 150.118759 789.848816
171 145.918060 784.374329
171 141.436615 779.127197
171 136.686691 774.121826
171 131.681320 769.371887
171 126.434204 764.890442
171 120.959747 760.689697
171 115.272949 756.781311
171 109.389389 753.175842
171 103.325195 749.883240
171 97.096992 746.912476
171 90.721848 744.271851
171 84.217239 741.968384
171 77.600998 740.008545
171 70.891251 738.397705
171 64.106392 737.140137
171 57.265015 736.239502
171 50.385880 735.698059
171 43.487831 735.517395
171 36.589787 735.697998
171 29.710648 736.239380
171 22.869268 737.140076
171 16.084404 738.397583
171 9.374649 740.008423
171 2.758392 741.968201
171 -3.746223 744.271606
171 -10.121380 746.912231
171 -16.349598 749.882935
171 -22.413807 753.175537
171 -28.297382 756.780945
171 -33.984203 760.689392
171 -39.458675 764.890076
171 -44.705807 769.371521
171 -49.711208 774.121399
171 -54.461147 779.126770
171 -58.942623 784.373901
171 -63.143360 789.848389
171 -67.051834 795.535156
171 -70.657318 801.418762
171 -73.949936 807.482971
171 -76.920670 813.711182
171 -79.561371 820.086365
171 -81.864807 826.591003
171 -83.824646 833.207275
171 -85.435532 839.917053
171 -86.693054 846.701965
171 -87.593750 853.543396
171 -88.135147 860.422546
171 -88.315796 867.320618
171 -88.135162 874.218689
171 -87.593781 881.097839
171 -86.693085 887.939270
171 -85.435577 894.724182
171 -83.824707 901.433960
171 -81.864883 908.050232
171 -79.561462 914.554871
171 -76.920776 920.930054
171 -73.950058 927.158264
171 -70.657440 933.222534
171 -67.051971 939.106079
171 -63.143513 944.792908
171 -58.942783 950.267395
171 -54.461292 955.514526
171 -49.711330 960.519897
171 -44.705929 965.269897
171 -39.458775 969.751343
171 -33.984280 973.952026
171 -28.297436 977.860474
171 -22.413830 981.465942
171 -16.349594 984.758545
171 -10.121349 987.729248
171 -3.746166 990.369873
171 2.758484 992.673279
171 9.374771 994.633118
171 16.084558 996.243958
171 22.869457 997.501465
171 29.710869 998.402100
171 36.590042 998.943481
201 31.584959 972.192139
201 37.888901 972.027039
201 44.175568 971.532288
201 50.427723 970.709167
201 56.628231 969.559998
201 62.760094 968.087830
201 68.806511 966.296814
201 74.750908 964.191772
201 80.576988 961.778564
201 86.268791 959.063721
201 91.810699 956.054688
201 97.187538 952.759766
201 102.384560 949.187988
201 107.387527 945.349060
201 112.182732 941.253540
201 116.757019 936.912720
201 121.097855 932.338440
201 125.193344 927.543213
201 129.032257 922.540283
201 132.604065 917.343262
201 135.899002 911.966370
201 138.908005 906.424500
201 141.622849 900.732727
201 144.036102 894.906616
201 146.141113 888.962219
201 147.932144 882.915833
201 149.404266 876.783997
201 150.553467 870.583496
201 151.376587 864.331299
201 151.871353 858.044678
201 152.036438 851.740723
201 151.871368 845.436768
201 151.376602 839.150146
201 150.553497 832.898010
201 149.404297 826.697510
201 147.932175 820.565613
201 146.141144 814.519226
201 144.036133 808.574829
201 141.622910 802.748718
201 138.908066 797.056946
201 135.899063 791.515015
201 132.604141 786.138184
201 129.032333 780.941162
201 125.193436 775.938232
201 121.097969 771.143005
201 116.757141 766.568726
201 112.182861 762.227905
201 107.387672 758.132385
201 102.384720 754.293457
201 97.187706 750.721680
201 91.810875 747.426758
201 86.268974 744.417725
201 80.577187 741.702881
201 74.751122 739.289612
201 68.806732 737.184570
201 62.760330 735.393555
201 56.628471 733.921387
201 50.427975 732.772217
201 44.175827 731.949036
201 37.889172 731.454285
201 31.585236 731.289185
201 25.281300 731.454224
201 18.994640 731.948975
201 12.742491 732.772095
201 6.541986 733.921265
201 0.410124 735.393372
201 -5.636290 737.184387
201 -11.580687 739.289429
201 -17.406767 741.702637
201 -23.098566 744.417480
201 -28.640478 747.426453
201 -34.017319 750.721375
201 -39.214348 754.293152
201 -44.217323 758.132080
201 -49.012527 762.227539
201 -53.586830 766.568359
201 -57.927673 771.142578
201 -62.023170 775.937805
201 -65.862106 780.940735
201 -69.433960 786.137817
201 -72.728912 791.514648
201 -75.737946 797.056580
201 -78.452820 802.748352
201 -80.866081 808.574463
201 -82.971123 814.518860
201 -84.762169 820.565308
201 -86.234322 826.697205
201 -87.383530 832.897705
201 -88.206650 839.149902
201 -88.701431 845.436584
201 -88.866516 851.740540
201 -88.701447 858.044495
201 -88.206680 864.331177
201 -87.383568 870.583374
201 -86.234367 876.783936
201 -84.762230 882.915771
201 -82.971199 888.962219
201 -80.866173 894.906616
201 -78.452911 900.732727
201 -75.738052 906.424561
201 -72.729027 911.966492
201 -69.434082 917.343323
201 -65.862244 922.540405
201 -62.023315 927.543335
201 -57.927803 932.338562
201 -53.586945 936.912842
201 -49.012642 941.253723
201 -44.217407 945.349182
201 -39.214417 949.188110
201 -34.017365 952.759949
201 -28.640505 956.054871
201 -23.098562 959.063843
201 -17.406736 961.778687
201 -11.580629 964.191956
201 -5.636209 966.296936
201 0.410236 968.087952
201 6.542130 969.560059
201 12.742664 970.709229
201 18.994843 971.532349
201 25.281532 972.027100
231 45.129238 960.497070
231 51.017754 960.342896
231 56.890129 959.880737
231 62.730267 959.111877
231 68.522163 958.038391
231 74.249939 956.663269
231 79.897903 954.990295
231 85.450562 953.023987
231 90.892700 950.769775
231 96.209412 948.233826
231 101.386108 945.423096
231 106.408615 942.345337
231 111.263153 939.008850
231 115.936432 935.422913
231 120.415634 931.597351
231 124.688477 927.542603
231 128.743256 923.269714
231 132.568848 918.790527
231 136.154770 914.117249
231 139.491211 909.262695
231 142.569000 904.240234
231 145.379715 899.063538
231 147.915665 893.746826
231 150.169861 888.304688
231 152.136169 882.752014
231 153.809158 877.104065
231 155.184280 871.376282
231 156.257751 865.584412
231 157.026627 859.744263
231 157.488785 853.871887
231 157.642990 847.983398
231 157.488800 842.094910
231 157.026627 836.222534
231 156.257767 830.382385
231 155.184311 824.590515
231 153.809204 818.862732
231 152.136200 813.214783
231 150.169907 807.662109
231 147.915710 802.219971
231 145.379776 796.903259
231 142.569061 791.726563
231 139.491272 786.704102
231 136.154861 781.849548
231 132.568939 777.176270
231 128.743347 772.697083
231 124.688583 768.424194
231 120.415756 764.369446
231 115.936569 760.543823
231 111.263306 756.957886
231 106.408768 753.621460
231 101.386276 750.543701
231 96.209587 747.732971
231 90.892891 745.197021
231 85.450760 742.942749
231 79.898102 740.976440
231 74.250153 739.303467
231 68.522385 737.928345
231 62.730503 736.854858
231 56.890373 736.085999
231 51.018005 735.623779
231 45.129498 735.469604
231 39.240990 735.623779
231 33.368618 736.085938
231 27.528486 736.854797
231 21.736593 737.928223
231 16.008820 739.303345
231 10.360863 740.976318
231 4.808201 742.942627
231 -0.633942 745.196777
231 -5.950653 747.732727
231 -11.127354 750.543396
231 -16.149860 753.621216
231 -21.004406 756.957642
231 -25.677692 760.543518
231 -30.156895 764.369080
231 -34.429745 768.423828
231 -38.484531 772.696655
231 -42.310131 777.175842
231 -45.896091 781.849121
231 -49.232555 786.703674
231 -52.310368 791.726196
231 -55.121113 796.902893
231 -57.657078 802.219604
231 -59.911304 807.661804
231 -61.877621 813.214478
231 -63.550640 818.862427
231 -64.925781 824.590210
231 -65.999252 830.382141
231 -66.768127 836.222290
231 -67.230301 842.094727
231 -67.384506 847.983215
231 -67.230316 853.871765
231 -66.768158 859.744141
231 -65.999283 865.584351
231 -64.925812 871.376221
231 -63.550694 877.104004
231 -61.877689 882.752014
231 -59.911388 888.304688
231 -57.657162 893.746826
231 -55.121212 899.063599
231 -52.310474 904.240295
231 -49.232670 909.262817
231 -45.896214 914.117371
231 -42.310268 918.790649
231 -38.484646 923.269836
231 -34.429852 927.542725
231 -30.156994 931.597473
231 -25.677769 935.423096
231 -21.004475 939.009033
231 -16.149910 942.345459
231 -11.127377 945.423279
231 -5.950649 948.233948
231 -0.633915 950.769897
231 4.808250 953.024109
231 10.360939 954.990356
231 16.008923 956.663391
231 21.736727 958.038452
231 27.528646 959.111938
231 33.368809 959.880798
231 39.241203 960.342896
261 54.890335 904.771729
261 59.610229 904.648132
261 64.317184 904.277710
261 68.998299 903.661377
261 73.640747 902.800964
261 78.231804 901.698730
261 82.758881 900.357788
261 87.209572 898.781738
261 91.571678 896.974854
261 95.833252 894.942200
261 99.982590 892.689270
261 104.008339 890.222290
261 107.899460 887.548035
261 111.645287 884.673767
261 115.235550 881.607361
261 118.660416 878.357300
261 121.910492 874.932434
261 124.976868 871.342163
261 127.851135 867.596313
261 130.525436 863.705200
261 132.992416 859.679443
261 135.245331 855.530151
261 137.277985 851.268555
261 139.084824 846.906494
261 140.660889 842.455811
261 142.001877 837.928711
261 143.104095 833.337646
261 143.964523 828.695190
261 144.580811 824.014099
261 144.951248 819.307129
261 145.074844 814.587280
261 144.951263 809.867371
261 144.580811 805.160400
261 143.964539 800.479309
261 143.104111 795.836853
261 142.001892 791.245850
261 140.660919 786.718750
261 139.084854 782.268066
261 137.278015 777.905945
261 135.245361 773.644409
261 132.992462 769.495056
261 130.525482 765.469299
261 127.851204 761.578186
261 124.976936 757.832336
261 121.910568 754.242065
261 118.660507 750.817261
261 115.235649 747.567139
261 111.645393 744.500793
261 107.899582 741.626526
261 104.008469 738.952209
261 99.982727 736.485229
261 95.833389 734.232300
261 91.571831 732.199646
261 87.209732 730.392822
261 82.759048 728.816711
261 78.231979 727.475708
261 73.640930 726.373474
261 68.998489 725.513062
261 64.317383 724.896790
261 59.610428 724.526306
261 54.890541 724.402710
261 50.170654 724.526306
261 45.463703 724.896729
261 40.782589 725.513000
261 36.140144 726.373413
261 31.549093 727.475586
261 27.022017 728.816589
261 22.571327 730.392639
261 18.209221 732.199463
261 13.947651 734.232117
261 9.798306 736.484985
261 5.772556 738.951965
261 1.881432 741.626282
261 -1.864399 744.500488
261 -5.454674 747.566895
261 -8.879543 750.816956
261 -12.129623 754.241760
261 -15.196007 757.832031
261 -18.070297 761.577881
261 -20.744614 765.468994
261 -23.211617 769.494751
261 -25.464546 773.644104
261 -27.497223 777.905701
261 -29.304085 782.267822
261 -30.880173 786.718506
261 -32.221169 791.245605
261 -33.323395 795.836670
261 -34.183830 800.479126
261 -34.800117 805.160278
261 -35.170570 809.867249
261 -35.294174 814.587158
261 -35.170586 819.307068
261 -34.800140 824.014038
261 -34.183861 828.695129
261 -33.323425 833.337585
261 -32.221207 837.928711
261 -30.880226 842.455750
261 -29.304153 846.906494
261 -27.497292 851.268616
261 -25.464622 855.530212
261 -23.211700 859.679565
261 -20.744705 863.705322
261 -18.070404 867.596436
261 -15.196114 871.342285
261 -12.129715 874.932556
261 -8.879627 878.357422
261 -5.454754 881.607483
261 -1.864464 884.673889
261 1.881378 887.548157
261 5.772518 890.222412
261 9.798286 892.689392
261 13.947655 894.942322
261 18.209240 896.974976
261 22.571365 898.781799
261 27.022079 900.357910
261 31.549175 901.698853
261 36.140251 902.801025
261 40.782719 903.661438
261 45.463856 904.277710
261 50.170830 904.648132
291 30.530626 795.584290
291 36.133629 795.437622
291 41.721275 794.997864
291 47.278244 794.266235
291 52.789314 793.244812
291 58.239372 791.936401
291 63.613487 790.344482
291 68.896919 788.473511
291 74.075188 786.328613
291 79.134109 783.915649
291 84.059814 781.241211
291 88.838799 778.312622
291 93.457954 775.138000
291 97.904640 771.725891
291 102.166656 768.085815
291 106.232323 764.227661
291 110.090508 760.161987
291 113.730606 755.899963
291 117.142670 751.453247
291 120.317337 746.834106
291 123.245903 742.055115
291 125.920334 737.129395
291 128.333313 732.070496
291 130.478226 726.892273
291 132.349182 721.608826
291 133.941071 716.234741
291 135.249512 710.784668
291 136.270935 705.273621
291 137.002518 699.716614
291 137.442276 694.128967
291 137.589005 688.526001
291 137.442291 682.922974
291 137.002533 677.335388
291 136.270950 671.778381
291 135.249527 666.267334
291 133.941101 660.817261
291 132.349213 655.443176
291 130.478271 650.159729
291 128.333359 644.981445
291 125.920387 639.922546
291 123.245956 634.996887
291 120.317398 630.217896
291 117.142746 625.598694
291 113.730690 621.152039
291 110.090599 616.890015
291 106.232430 612.824341
291 102.166779 608.966187
291 97.904770 605.326050
291 93.458099 601.914001
291 88.838943 598.739319
291 84.059975 595.810791
291 79.134277 593.136353
291 74.075371 590.723328
291 68.897102 588.578430
291 63.613678 586.707458
291 58.239578 585.115540
291 52.789528 583.807129
291 47.278473 582.785645
291 41.721504 582.054077
291 36.133869 581.614319
291 30.530872 581.467590
291 24.927876 581.614258
291 19.340237 582.054016
291 13.783270 582.785583
291 8.272205 583.807007
291 2.822149 585.115417
291 -2.551958 586.707275
291 -7.835390 588.578247
291 -13.013666 590.723145
291 -18.072588 593.136108
291 -22.998293 595.810547
291 -27.777277 598.739075
291 -32.396446 601.913696
291 -36.843140 605.325745
291 -41.105164 608.965820
291 -45.170837 612.823975
291 -49.029022 616.889648
291 -52.669136 621.151672
291 -56.081223 625.598328
291 -59.255913 630.217529
291 -62.184494 634.996521
291 -64.858955 639.922241
291 -67.271957 644.981140
291 -69.416893 650.159424
291 -71.287872 655.442871
291 -72.879768 660.817017
291 -74.188232 666.267090
291 -75.209656 671.778137
291 -75.941254 677.335144
291 -76.381020 682.922791
291 -76.527748 688.525818
291 -76.381035 694.128845
291 -75.941277 699.716553
291 -75.209694 705.273499
291 -74.188271 710.784607
291 -72.879822 716.234680
291 -71.287933 721.608826
291 -69.416969 726.892273
291 -67.272041 732.070557
291 -64.859055 737.129517
291 -62.184601 742.055237
291 -59.256020 746.834229
291 -56.081345 751.453369
291 -52.669266 755.900085
291 -49.029137 760.162109
291 -45.170944 764.227783
291 -41.105255 768.085938
291 -36.843216 771.726074
291 -32.396507 775.138123
291 -27.777319 778.312805
291 -22.998316 781.241333
291 -18.072584 783.915771
291 -13.013639 786.328735
291 -7.835344 788.473633
291 -2.551886 790.344604
291 2.822248 791.936462
291 8.272331 793.244934
291 13.783422 794.266296
291 19.340416 794.997864
291 24.928082 795.437622
321 36.744392 963.116516
321 42.529709 962.965027
321 48.299164 962.510925
321 54.036949 961.755554
321 59.727341 960.700928
321 65.354729 959.349854
321 70.903702 957.706177
321 76.359055 955.774353
321 81.705818 953.559692
321 86.929352 951.068176
321 92.015320 948.306702
321 96.949806 945.282837
321 101.719269 942.004883
321 106.310638 938.481812
321 110.711334 934.723267
321 114.909294 930.739563
321 118.893013 926.541565
321 122.651558 922.140869
321 126.174637 917.549500
321 129.452606 912.780029
321 132.476456 907.845581
321 135.237915 902.759583
321 137.729401 897.536072
321 139.944107 892.189331
321 141.875946 886.734009
321 143.519623 881.184998
321 144.870636 875.557617
321 145.925293 869.867249
321 146.680695 864.129456
321 147.134766 858.359985
321 147.286255 852.574707
321 147.134766 846.789429
321 146.680695 841.019958
321 145.925323 835.282166
321 144.870667 829.591797
321 143.519653 823.964417
321 141.875977 818.415405
321 139.944153 812.960083
321 137.729462 807.613342
321 135.237976 802.389771
321 132.476517 797.303833
321 129.452667 792.369324
321 126.174721 787.599854
321 122.651642 783.008545
321 118.893112 778.607788
321 114.909401 774.409851
321 110.711456 770.426147
321 106.310768 766.667603
321 101.719414 763.144531
321 96.949959 759.866516
321 92.015488 756.842651
321 86.929520 754.081238
321 81.706001 751.589722
321 76.359253 749.375000
321 70.903915 747.443176
321 65.354950 745.799438
321 59.727562 744.448425
321 54.037182 743.393799
321 48.299404 742.638367
321 42.529953 742.184326
321 36.744648 742.032776
321 30.959339 742.184265
321 25.189886 742.638306
321 19.452106 743.393677
321 13.761721 744.448364
321 8.134331 745.799316
321 2.585358 747.442993
321 -2.869987 749.374817
321 -8.216755 751.589478
321 -13.440285 754.080994
321 -18.526260 756.842407
321 -23.460747 759.866272
321 -28.230209 763.144226
321 -32.821594 766.667297
321 -37.222298 770.425781
321 -41.420265 774.409485
321 -45.403984 778.607422
321 -49.162544 783.008118
321 -52.685646 787.599487
321 -55.963638 792.368958
321 -58.987518 797.303467
321 -61.749001 802.389465
321 -64.240517 807.612976
321 -66.455238 812.959778
321 -68.387093 818.415100
321 -70.030792 823.964111
321 -71.381828 829.591492
321 -72.436493 835.281921
321 -73.191895 841.019714
321 -73.645966 846.789185
321 -73.797470 852.574524
321 -73.645981 858.359863
321 -73.191917 864.129333
321 -72.436523 869.867188
321 -71.381866 875.557556
321 -70.030846 881.184998
321 -68.387161 886.733948
321 -66.455315 892.189331
321 -64.240601 897.536133
321 -61.749092 902.759644
321 -58.987617 907.845642
321 -55.963753 912.780151
321 -52.685776 917.549622
321 -49.162674 922.140991
321 -45.404099 926.541748
321 -41.420372 930.739685
321 -37.222397 934.723389
321 -32.821671 938.481934
321 -28.230278 942.005066
321 -23.460793 945.283020
321 -18.526287 948.306885
321 -13.440281 951.068298
321 -8.216728 953.559814
321 -2.869938 955.774475
321 2.585434 957.706299
321 8.134432 959.349976
321 13.761850 960.700989
321 19.452265 961.755615
321 25.190073 962.510986
321 30.959553 962.965027
351 41.164188 845.807007
351 43.838856 845.736938
351 46.506195 845.527039
351 49.158890 845.177795
351 51.789673 844.690186
351 54.391335 844.065613
351 56.956738 843.305725
351 59.478855 842.412598
351 61.950775 841.388672
351 64.365723 840.236816
351 66.717072 838.960144
351 68.998383 837.562134
351 71.203400 836.046692
351 73.326088 834.417847
351 75.360619 832.680237
351 77.301422 830.838440
351 79.143173 828.897644
351 80.880829 826.863159
351 82.509621 824.740417
351 84.025085 822.535400
351 85.423080 820.254089
351 86.699753 817.902771
351 87.851624 815.487793
351 88.875526 813.015930
351 89.768654 810.493774
351 90.528564 807.928406
351 91.153168 805.326721
351 91.640747 802.695984
351 91.989990 800.043274
351 92.199905 797.375916
351 92.269951 794.701233
351 92.199913 792.026611
351 91.989990 789.359253
351 91.640762 786.706543
351 91.153175 784.075806
351 90.528580 781.474121
351 89.768669 778.908752
351 88.875549 776.386597
351 87.851646 773.914673
351 86.699783 771.499756
351 85.423111 769.148376
351 84.025116 766.867065
351 82.509659 764.662048
351 80.880867 762.539368
351 79.143219 760.504883
351 77.301468 758.564026
351 75.360672 756.722290
351 73.326149 754.984619
351 71.203468 753.355835
351 68.998451 751.840393
351 66.717148 750.442383
351 64.365799 749.165710
351 61.950859 748.013855
351 59.478943 746.989929
351 56.956833 746.096802
351 54.391434 745.336914
351 51.789776 744.712280
351 49.158997 744.224670
351 46.506306 743.875427
351 43.838970 743.665527
351 41.164307 743.595459
351 38.489639 743.665527
351 35.822304 743.875427
351 33.169609 744.224670
351 30.538830 744.712219
351 27.937172 745.336792
351 25.371769 746.096741
351 22.849651 746.989868
351 20.377731 748.013733
351 17.962786 749.165588
351 15.611435 750.442261
351 13.330122 751.840271
351 11.125101 753.355713
351 9.002411 754.984497
351 6.967876 756.722168
351 5.027069 758.563904
351 3.185314 760.504700
351 1.447659 762.539185
351 -0.181149 764.661865
351 -1.696629 766.866943
351 -3.094631 769.148254
351 -4.371319 771.499573
351 -5.523197 773.914551
351 -6.547112 776.386475
351 -7.440247 778.908569
351 -8.200161 781.473999
351 -8.824772 784.075684
351 -9.312366 786.706482
351 -9.661602 789.359131
351 -9.871532 792.026489
351 -9.941574 794.701172
351 -9.871536 797.375854
351 -9.661617 800.043213
351 -9.312382 802.695923
351 -8.824791 805.326721
351 -8.200188 807.928406
351 -7.440277 810.493774
351 -6.547146 813.015930
351 -5.523239 815.487854
351 -4.371365 817.902771
351 -3.094677 820.254150
351 -1.696682 822.535461
351 -0.181206 824.740479
351 1.447598 826.863159
351 3.185261 828.897705
351 5.027023 830.838501
351 6.967831 832.680298
351 9.002377 834.417969
351 11.125071 836.046753
351 13.330101 837.562195
351 15.611423 838.960205
351 17.962788 840.236877
351 20.377745 841.388733
351 22.849674 842.412659
351 25.371803 843.305786
351 27.937218 844.065674
351 30.538891 844.690247
351 33.169685 845.177856
351 35.822392 845.527039
351 38.489738 845.736938
381 36.125454 908.828857
381 39.614594 908.737549
381 43.094170 908.463684
381 46.554646 908.008118
381 49.986534 907.372009
381 53.380432 906.557251
381 56.727036 905.565918
381 60.017174 904.400818
381 63.241821 903.065125
381 66.392151 901.562500
381 69.459518 899.897034
381 72.435516 898.073364
381 75.311996 896.096436
381 78.081062 893.971619
381 80.735138 891.704834
381 83.266937 889.302246
381 85.669525 886.770447
381 87.936317 884.116394
381 90.061096 881.347290
381 92.038048 878.470825
381 93.861740 875.494812
381 95.527184 872.427490
381 97.029816 869.277161
381 98.365509 866.052490
381 99.530602 862.762390
381 100.521912 859.415771
381 101.336716 856.021851
381 101.972778 852.589966
381 102.428360 849.129517
381 102.702209 845.649963
381 102.793579 842.160828
381 102.702209 838.671692
381 102.428360 835.192078
381 101.972794 831.731628
381 101.336731 828.299744
381 100.521927 824.905823
381 99.530624 821.559265
381 98.365524 818.269104
381 97.029839 815.044434
381 95.527222 811.894165
381 93.861778 808.826782
381 92.038086 805.850769
381 90.061142 802.974304
381 87.936371 800.205200
381 85.669586 797.551147
381 83.266998 795.019348
381 80.735207 792.616760
381 78.081146 790.349976
381 75.312080 788.225159
381 72.435608 786.248230
381 69.459610 784.424561
381 66.392250 782.759094
381 63.241936 781.256470
381 60.017288 779.920776
381 56.727158 778.755676
381 53.380562 777.764343
381 49.986671 776.949524
381 46.554787 776.313477
381 43.094315 775.857849
381 39.614742 775.584045
381 36.125607 775.492676
381 32.636471 775.583984
381 29.156898 775.857849
381 25.696426 776.313416
381 22.264538 776.949463
381 18.870642 777.764282
381 15.524040 778.755554
381 12.233906 779.920654
381 9.009254 781.256348
381 5.858929 782.758972
381 2.791561 784.424377
381 -0.184441 786.248047
381 -3.060921 788.224976
381 -5.829994 790.349792
381 -8.484074 792.616577
381 -11.015881 795.019165
381 -13.418472 797.550903
381 -15.685268 800.204956
381 -17.810066 802.974060
381 -19.787033 805.850525
381 -21.610741 808.826538
381 -23.276199 811.893921
381 -24.778839 815.044250
381 -26.114544 818.268921
381 -27.279655 821.559082
381 -28.270977 824.905640
381 -29.085789 828.299561
381 -29.721859 831.731506
381 -30.177441 835.191956
381 -30.451298 838.671570
381 -30.542667 842.160706
381 -30.451305 845.649841
381 -30.177456 849.129456
381 -29.721874 852.589905
381 -29.085812 856.021851
381 -28.271008 859.415771
381 -27.279694 862.762329
381 -26.114594 866.052490
381 -24.778893 869.277161
381 -23.276257 872.427490
381 -21.610806 875.494873
381 -19.787102 878.470886
381 -17.810143 881.347351
381 -15.685349 884.116455
381 -13.418545 886.770508
381 -11.015942 889.302307
381 -8.484131 891.704895
381 -5.830044 893.971741
381 -3.060963 896.096497
381 -0.184471 898.073425
381 2.791546 899.897156
381 5.858931 901.562561
381 9.009272 903.065186
381 12.233934 904.400879
381 15.524086 905.565979
381 18.870703 906.557312
381 22.264616 907.372070
381 25.696522 908.008118
381 29.157009 908.463684
381 32.636600 908.737549
411 27.447914 865.652893
411 29.270079 865.605225
411 31.087248 865.462158
411 32.894444 865.224243
411 34.686707 864.892090
411 36.459133 864.466553
411 38.206856 863.948853
411 39.925095 863.340393
411 41.609131 862.642883
411 43.254353 861.858154
411 44.856251 860.988342
411 46.410435 860.035950
411 47.912643 859.003540
411 49.358757 857.893860
411 50.744816 856.710083
411 52.067020 855.455322
411 53.321747 854.133118
411 54.505554 852.747070
411 55.615196 851.300964
411 56.647636 849.798767
411 57.600037 848.244568
411 58.469795 846.642700
411 59.254524 844.997437
411 59.952076 843.313416
411 60.560535 841.595215
411 61.078236 839.847473
411 61.503757 838.075073
411 61.835934 836.282776
411 62.073856 834.475586
411 62.216873 832.658447
411 62.264587 830.836243
411 62.216873 829.014099
411 62.073860 827.196960
411 61.835941 825.389771
411 61.503765 823.597473
411 61.078247 821.825073
411 60.560547 820.077332
411 59.952091 818.359070
411 59.254539 816.675049
411 58.469814 815.029846
411 57.600060 813.427917
411 56.647655 811.873779
411 55.615219 810.371582
411 54.505577 808.925415
411 53.321777 807.539368
411 52.067055 806.217163
411 50.744854 804.962463
411 49.358795 803.778625
411 47.912689 802.669006
411 46.410484 801.636536
411 44.856300 800.684143
411 43.254410 799.814392
411 41.609188 799.029663
411 39.925156 798.332092
411 38.206924 797.723633
411 36.459198 797.205933
411 34.686779 796.780396
411 32.894516 796.448242
411 31.087322 796.210327
411 29.270155 796.067261
411 27.447994 796.019592
411 25.625832 796.067261
411 23.808664 796.210266
411 22.001472 796.448181
411 20.209208 796.780396
411 18.436783 797.205872
411 16.689058 797.723572
411 14.970822 798.332031
411 13.286785 799.029602
411 11.641562 799.814331
411 10.039665 800.684082
411 8.485481 801.636475
411 6.983273 802.668884
411 5.537155 803.778564
411 4.151093 804.962341
411 2.828886 806.217041
411 1.574160 807.539246
411 0.390348 808.925293
411 -0.719303 810.371460
411 -1.751751 811.873657
411 -2.704161 813.427795
411 -3.573927 815.029724
411 -4.358665 816.674927
411 -5.056221 818.359009
411 -5.664688 820.077209
411 -6.182392 821.824951
411 -6.607922 823.597412
411 -6.940102 825.389648
411 -7.178024 827.196838
411 -7.321041 829.014038
411 -7.368759 830.836182
411 -7.321045 832.658386
411 -7.178032 834.475586
411 -6.940109 836.282776
411 -6.607933 838.075012
411 -6.182411 839.847473
411 -5.664707 841.595215
411 -5.056248 843.313416
411 -4.358692 844.997498
411 -3.573959 846.642700
411 -2.704195 848.244629
411 -1.751785 849.798767
411 -0.719341 851.301025
411 0.390308 852.747131
411 1.574121 854.133179
411 2.828852 855.455383
411 4.151062 856.710144
411 5.537130 857.893921
411 6.983252 859.003540
411 8.485466 860.036011
411 10.039658 860.988403
411 11.641563 861.858154
411 13.286794 862.642883
411 14.970838 863.340454
411 16.689083 863.948914
411 18.436815 864.466614
411 20.209248 864.892090
411 22.001522 865.224304
411 23.808723 865.462219
411 25.625900 865.605225
