42.929279
48.759106
54.572956
60.354889
66.089066
71.759750
77.351425
82.848740
88.236649
93.500366
98.625473
103.597931
108.404083
113.030777
117.465347
121.695602
125.709961
129.497437
133.047623
136.350815
139.397934
142.180634
144.691299
146.923035
148.869736
150.526062
151.887466
152.950241
153.711456
154.169006
154.321671
154.169022
153.711472
152.950272
151.887497
150.526093
148.869766
146.923080
144.691345
142.180679
139.397995
136.350876
133.047699
129.497513
125.710068
121.695709
117.465454
113.030914
108.404236
103.598083
98.625641
93.500542
88.236832
82.848938
77.351624
71.759964
66.089287
60.355125
54.573196
48.759354
42.929535
37.099712
31.285870
25.503942
19.769773
14.099085
8.507416
3.010098
-2.377808
-7.641529
-12.766640
-17.739090
-22.545254
-27.171963
-31.606525
-35.836788
-39.851162
-43.638638
-47.188854
-50.492069
-53.539211
-56.321941
-58.832630
-61.064388
-63.011112
-64.667450
-66.028885
-67.091660
-67.852875
-68.310440
-68.463120
-68.310455
-67.852905
-67.091705
-66.028931
-64.667511
-63.011181
-61.064472
-58.832714
-56.322041
-53.539318
-50.492184
-47.188984
-43.638775
-39.851284
-35.836895
-31.606625
-27.172039
-22.545322
-17.739136
-12.766663
-7.641525
-2.377781
3.010147
8.507492
14.099188
19.769905
25.504101
31.286058
37.099930
26.319534
34.021023
41.701405
49.339626
56.914749
64.406006
71.792885
79.055115
86.172806
93.126442
99.896957
106.465813
112.814980
118.927078
124.785347
130.373718
135.676910
140.680328
145.370300
149.733978
153.759369
157.435471
160.752167
163.700409
166.272110
168.460190
170.258682
171.662659
172.668243
173.272705
173.474380
173.272720
172.668259
171.662674
170.258713
168.460236
166.272156
163.700470
160.752228
157.435532
153.759460
149.734070
145.370422
140.680450
135.677032
130.373871
124.785507
118.927254
112.815178
106.466011
99.897179
93.126671
86.173050
79.055374
71.793152
64.406296
56.915047
49.339935
41.701721
34.021355
26.319872
18.618391
10.938017
3.299805
-4.275314
-11.766575
-19.153442
-26.415672
-33.533360
-40.487000
-47.257523
-53.826370
-60.175552
-66.287659
-72.145935
-77.734329
-83.037514
-88.040955
-92.730965
-97.094673
-101.120094
-104.796219
-108.112961
-111.061234
-113.632950
-115.821060
-117.619583
-119.023560
-120.029160
-120.633636
-120.835312
-120.633652
-120.029190
-119.023605
-117.619629
-115.821136
-113.633041
-111.061340
-108.113083
-104.796356
-101.120239
-97.094826
-92.731133
-88.041130
-83.037666
-77.734467
-72.146072
-66.287766
-60.175644
-53.826431
-47.257553
-40.486992
-33.533325
-26.415607
-19.153343
-11.766438
-4.275141
3.300014
10.938265
18.618675
38.684338
45.750538
52.797371
59.805527
66.755783
73.629097
80.406631
87.069809
93.600372
99.980408
106.192429
112.219421
118.044861
123.652771
129.027802
134.155197
139.020920
143.611633
147.914734
151.918442
155.611801
158.984650
162.027756
164.732803
167.092361
169.099960
170.750092
172.038254
172.960892
173.515488
173.700531
173.515503
172.960907
172.038284
170.750122
169.099991
167.092407
164.732849
162.027817
158.984711
155.611862
151.918533
147.914825
143.611725
139.021042
134.155334
129.027954
123.652939
118.045044
112.219604
106.192627
99.980621
93.600594
87.070053
80.406891
73.629364
66.756058
59.805809
52.797665
45.750839
38.684647
31.618454
24.571627
17.563482
10.613228
3.739914
-3.037617
-9.700794
-16.231354
-22.611389
-28.823421
-34.850414
-40.675854
-46.283779
-51.658817
-56.786228
-61.651951
-66.242676
-70.545807
-74.549561
-78.242920
-81.615814
-84.658951
-87.364029
-89.723602
-91.731216
-93.381378
-94.669540
-95.592194
-96.146805
-96.331848
-96.146820
-95.592224
-94.669586
-93.381424
-91.731277
-89.723679
-87.364120
-84.659058
-81.615921
-78.243057
-74.549698
-70.545959
-66.242828
-61.652096
-56.786358
-51.658939
-46.283878
-40.675938
-34.850468
-28.823444
-22.611385
-16.231319
-9.700733
-3.037525
3.740040
10.613386
17.563675
24.571854
31.618713
28.744099
38.385384
48.000244
57.562325
67.045418
76.423523
85.670952
94.762344
103.672775
112.377853
120.853683
129.077042
137.025406
144.676971
152.010788
159.006714
165.645615
171.909271
177.780533
183.243286
188.282578
192.884567
197.036667
200.727493
203.946930
206.686127
208.937607
210.695206
211.954071
212.710785
212.963257
212.710800
211.954102
210.695236
208.937653
206.686188
203.946976
200.727554
197.036743
192.884659
188.282669
183.243408
177.780655
171.909424
165.645782
159.006897
152.010986
144.677185
137.025650
129.077301
120.853958
112.378143
103.673096
94.762665
85.671295
76.423882
67.045792
57.562714
48.000645
38.385796
28.744522
19.103245
9.488394
-0.073677
-9.556763
-18.934868
-28.182289
-37.273678
-46.184116
-54.889187
-63.365025
-71.588394
-79.536758
-87.188339
-94.522156
-101.518112
-108.157028
-114.420700
-120.291992
-125.754807
-130.794128
-135.396164
-139.548309
-143.239166
-146.458618
-149.197861
-151.449371
-153.206985
-154.465866
-155.222580
-155.475067
-155.222610
-154.465912
-153.207031
-151.449448
-149.197952
-146.458740
-143.239288
-139.548447
-135.396332
-130.794296
-125.754990
-120.292206
-114.420929
-108.157227
-101.518295
-94.522324
-87.188461
-79.536865
-71.588470
-63.365063
-54.889179
-46.184071
-37.273594
-28.182163
-18.934696
-9.556545
-0.073414
9.488705
19.103601
36.020634
43.802181
51.562397
59.280018
66.933884
74.503021
81.966675
89.304398
96.496071
103.521988
110.362885
117.000031
123.415192
129.590820
135.509995
141.156464
146.514771
151.570206
156.308929
160.717957
164.785202
168.499496
171.850677
174.829575
177.427994
179.638824
181.456009
182.874588
183.890625
184.501373
184.705139
184.501373
183.890640
182.874603
181.456055
179.638870
177.428040
174.829620
171.850739
168.499573
164.785278
160.718048
156.309036
151.570313
146.514893
141.156601
135.510147
129.591003
123.415390
117.000229
110.363113
103.522217
96.496323
89.304657
81.966949
74.503304
66.934181
59.280327
51.562721
43.802513
36.020977
28.239437
20.479227
12.761616
5.107754
-2.461376
-9.925030
-17.262753
-24.454426
-31.480350
-38.321247
-44.958385
-51.373562
-57.549206
-63.468380
-69.114868
-74.473175
-79.528625
-84.267395
-88.676453
-92.743729
-96.458069
-99.809280
-102.788193
-105.386642
-107.597504
-109.414719
-110.833298
-111.849350
-112.460098
-112.663879
-112.460114
-111.849380
-110.833344
-109.414764
-107.597580
-105.386734
-102.788300
-99.809402
-96.458191
-92.743866
-88.676605
-84.267563
-79.528809
-74.473328
-69.115005
-63.468510
-57.549313
-51.373653
-44.958447
-38.321278
-31.480343
-24.454391
-17.262688
-9.924931
-2.461239
5.107929
12.761829
20.479477
28.239723
32.181950
40.457985
48.711334
56.919380
65.059616
73.109741
81.047684
88.851692
96.500366
103.972763
111.248367
118.307266
125.130096
131.698166
137.993484
143.998749
149.697556
155.074249
160.114105
164.803314
169.129013
173.079346
176.643478
179.811676
182.575211
184.926529
186.859192
188.367905
189.448517
190.098068
190.314789
190.098083
189.448532
188.367935
186.859222
184.926575
182.575256
179.811722
176.643555
173.079422
169.129089
164.803406
160.114227
155.074371
149.697708
143.998917
137.993652
131.698364
125.130310
118.307495
111.248611
103.973007
96.500641
88.851974
81.047974
73.110046
65.059937
56.919708
48.711678
40.458336
32.182312
23.906288
15.652946
7.444910
-0.695324
-8.745445
-16.683388
-24.487392
-32.136074
-39.608463
-46.884075
-53.942974
-60.765812
-67.333893
-73.629211
-79.634506
-85.333313
-90.710022
-95.749924
-100.439163
-104.764893
-108.715256
-112.279434
-115.447647
-118.211227
-120.562576
-122.495270
-124.003983
-125.084610
-125.734161
-125.950897
-125.734192
-125.084641
-124.004028
-122.495316
-120.562653
-118.211319
-115.447769
-112.279556
-108.715408
-104.765045
-100.439331
-95.750092
-90.710205
-85.333481
-79.634659
-73.629349
-67.334015
-60.765911
-53.943043
-46.884106
-39.608456
-32.136036
-24.487320
-16.683277
-8.745300
-0.695141
7.445137
15.653212
23.906593
27.867311
36.590450
45.289677
53.941154
62.521156
71.006180
79.372963
87.598572
95.660461
103.536537
111.205208
118.645454
125.836884
132.759796
139.395187
145.724899
151.731583
157.398743
162.710861
167.653397
172.212784
176.376526
180.133224
183.472565
186.385406
188.863754
190.900818
192.491043
193.630035
194.314682
194.543106
194.314682
193.630051
192.491074
190.900864
188.863800
186.385452
183.472626
180.133286
176.376617
172.212875
167.653503
162.710983
157.398865
151.731720
145.725067
139.395370
132.759995
125.837105
118.645683
111.205460
103.536797
95.660744
87.598869
79.373276
71.006508
62.521492
53.941498
45.290039
36.590820
27.867695
19.144566
10.445347
1.793880
-6.786123
-15.271143
-23.637922
-31.863531
-39.925423
-47.801498
-55.470169
-62.910423
-70.101860
-77.024773
-83.660179
-89.989906
-95.996590
-101.663773
-106.975937
-111.918518
-116.477936
-120.641708
-124.398438
-127.737823
-130.650681
-133.129059
-135.166168
-136.756393
-137.895386
-138.580048
-138.808487
-138.580063
-137.895432
-136.756439
-135.166229
-133.129150
-130.650787
-127.737930
-124.398575
-120.641861
-116.478088
-111.918686
-106.976120
-101.663971
-95.996765
-89.990067
-83.660332
-77.024887
-70.101959
-62.910492
-55.470207
-47.801498
-39.925385
-31.863455
-23.637808
-15.270987
-6.785925
1.794119
10.445627
19.144888
30.323771
38.710407
47.074055
55.391792
63.640823
71.798531
79.842560
87.750854
95.501755
103.074005
110.446846
117.600082
124.514091
131.169937
137.549377
143.634918
149.409882
154.858429
159.965637
164.717514
169.101028
173.104141
176.715912
179.926453
182.726913
185.109665
187.068146
188.597031
189.692078
190.350311
190.569931
190.350327
189.692093
188.597061
187.068192
185.109711
182.726974
179.926498
176.715988
173.104218
169.101105
164.717606
159.965759
154.858551
149.410019
143.635071
137.549561
131.170135
124.514305
117.600304
110.447083
103.074249
95.502022
87.751137
79.842850
71.798836
63.641144
55.392128
47.074402
38.710762
30.324139
21.937511
13.573870
5.256142
-2.992880
-11.150583
-19.194609
-27.102911
-34.853806
-42.426064
-49.798904
-56.952141
-63.866165
-70.522018
-76.901466
-82.987022
-88.761986
-94.210556
-99.317802
-104.069710
-108.453255
-112.456413
-116.068214
-119.278770
-122.079277
-124.462059
-126.420570
-127.949455
-129.044510
-129.702759
-129.922379
-129.702774
-129.044540
-127.949501
-126.420631
-124.462135
-122.079369
-119.278893
-116.068352
-112.456551
-108.453407
-104.069878
-99.317986
-94.210747
-88.762161
-82.987175
-76.901611
-70.522133
-63.866257
-56.952209
-49.798943
-42.426056
-34.853767
-27.102839
-19.194502
-11.150438
-2.992693
5.256371
13.574141
21.937820
30.742144
39.470264
48.174461
56.830879
65.415794
73.905663
82.277229
90.507538
98.574028
106.454605
114.127655
121.572159
128.767700
135.694550
142.333740
148.667068
154.677185
160.347580
165.662735
170.608093
175.170090
179.336212
183.095047
186.436310
189.350815
191.830566
193.868805
195.459930
196.599579
197.284607
197.513168
197.284622
196.599594
195.459961
193.868851
191.830627
189.350861
186.436356
183.095123
179.336288
175.170181
170.608200
165.662857
160.347702
154.677322
148.667236
142.333923
135.694748
128.767914
121.572388
114.127907
106.454865
98.574310
90.507828
82.277534
73.905983
65.416130
56.831230
48.174824
39.470638
30.742527
22.014416
13.310225
4.653816
-3.931089
-12.420958
-20.792517
-29.022825
-37.089325
-44.969902
-52.642952
-60.087456
-67.282997
-74.209869
-80.849075
-87.182411
-93.192520
-98.862946
-104.178146
-109.123550
-113.685577
-117.851730
-121.610611
-124.951889
-127.866425
-130.346222
-132.384476
-133.975616
-135.115265
-135.800323
-136.028885
-135.800339
-135.115311
-133.975677
-132.384537
-130.346298
-127.866531
-124.952011
-121.610733
-117.851883
-113.685730
-109.123718
-104.178329
-98.863144
-93.192703
-87.182571
-80.849220
-74.209984
-67.283096
-60.087524
-52.642990
-44.969894
-37.089287
-29.022749
-20.792402
-12.420801
-3.930891
4.654055
13.310505
22.014736
27.891161
37.651009
47.384109
57.063782
66.663490
76.156921
85.518066
94.721260
103.741272
112.553391
121.133453
129.457947
137.504059
145.249710
152.673706
159.755676
166.476227
172.816910
178.760361
184.290298
189.391556
194.050140
198.253296
201.989517
205.248535
208.021423
210.300598
212.079803
213.354156
214.120178
214.375748
214.120178
213.354187
212.079834
210.300644
208.021484
205.248596
201.989578
198.253387
194.050232
189.391663
184.290421
178.760498
172.817047
166.476395
159.755859
152.673904
145.249939
137.504303
129.458206
121.133728
112.553680
103.741585
94.721588
85.518417
76.157288
66.663864
57.064171
47.384514
37.651428
27.891590
18.131750
8.398661
-1.281000
-10.880701
-20.374136
-29.735273
-38.938469
-47.958481
-56.770607
-65.350670
-73.675163
-81.721275
-89.466949
-96.890953
-103.972946
-110.693497
-117.034195
-122.977707
-128.507690
-133.608978
-138.267609
-142.470810
-146.207047
-149.466110
-152.239029
-154.518234
-156.297455
-157.571823
-158.337845
-158.593430
-158.337860
-157.571869
-156.297516
-154.518295
-152.239120
-149.466217
-146.207184
-142.470947
-138.267776
-133.609146
-128.507874
-122.977905
-117.034424
-110.693695
-103.973129
-96.891121
-89.467079
-81.721382
-73.675240
-65.350708
-56.770599
-47.958443
-38.938385
-29.735147
-20.373964
-10.880484
-1.280733
8.398975
18.132111
31.770353
41.666534
51.535595
61.350479
71.084282
80.710327
90.202240
99.533989
108.680008
117.615219
126.315132
134.755905
142.914398
150.768265
158.295959
165.476852
172.291290
178.720535
184.747025
190.354202
195.526718
200.250381
204.512253
208.300659
211.605194
214.416824
216.727829
218.531891
219.824051
220.600769
220.859909
220.600769
219.824066
218.531937
216.727875
214.416885
211.605255
208.300720
204.512329
200.250473
195.526825
190.354324
184.747162
178.720688
172.291458
165.477051
158.296158
150.768494
142.914642
134.756165
126.315414
117.615517
108.680321
99.534325
90.202591
80.710693
71.084663
61.350876
51.536003
41.666958
31.770788
21.874615
12.005566
2.190693
-7.543108
-17.169149
-26.661055
-35.992798
-45.138817
-54.074028
-62.773949
-71.214729
-79.373230
-87.227104
-94.754814
-101.935730
-108.750153
-115.179443
-121.205963
-126.813187
-131.985733
-136.709442
-140.971359
-144.759796
-148.064377
-150.876038
-153.187073
-154.991150
-156.283310
-157.060043
-157.319199
-157.060059
-156.283356
-154.991211
-153.187149
-150.876129
-148.064484
-144.759933
-140.971512
-136.709610
-131.985916
-126.813385
-121.206177
-115.179657
-108.750366
-101.935913
-94.754982
-87.227242
-79.373344
-71.214806
-62.773987
-54.074028
-45.138771
-35.992714
-26.660925
-17.168978
-7.542883
2.190964
12.005884
21.874981
38.019665
48.350891
58.653801
68.900154
79.061867
89.111084
99.020264
108.762238
118.310333
127.638336
136.720703
145.532547
154.049698
162.248825
170.107452
177.604019
184.718018
191.429901
197.721313
203.574997
208.974899
213.906219
218.355438
222.310379
225.760193
228.695419
231.108032
232.991394
234.340363
235.151215
235.421753
235.151230
234.340378
232.991440
231.108078
228.695480
225.760254
222.310455
218.355530
213.906311
208.975006
203.575119
197.721451
191.430054
184.718185
177.604218
170.107666
162.249054
154.049957
145.532822
136.721008
127.638641
118.310654
108.762589
99.020630
89.111465
79.062263
68.900566
58.654228
48.351334
38.020119
27.688902
17.386002
7.139658
-3.022045
-13.071259
-22.980434
-32.722416
-42.270496
-51.598507
-60.680882
-69.492722
-78.009888
-86.209015
-94.067657
-101.564240
-108.678238
-115.390152
-121.681610
-127.535339
-132.935272
-137.866638
-142.315918
-146.270889
-149.720749
-152.656006
-155.068634
-156.952026
-158.300995
-159.111862
-159.382416
-159.111893
-158.301041
-156.952087
-155.068710
-152.656097
-149.720856
-146.271042
-142.316071
-137.866821
-132.935471
-127.535538
-121.681839
-115.390396
-108.678452
-101.564438
-94.067825
-86.209167
-78.010010
-69.492813
-60.680927
-51.598507
-42.270451
-32.722324
-22.980301
-13.071079
-3.021816
7.139940
17.386333
27.689283
43.437252
52.950436
62.437546
71.872574
81.229660
90.483170
99.607727
108.578308
117.370361
125.959763
134.322983
142.437088
150.279831
157.829727
165.066101
171.969086
178.519775
184.700211
190.493454
195.883636
200.855957
205.396805
209.493744
213.135529
216.312180
219.014984
221.236557
222.970795
224.212936
224.959595
225.208710
224.959610
224.212967
222.970825
221.236588
219.015045
216.312225
213.135590
209.493820
205.396896
200.856064
195.883743
190.493576
184.700348
178.519943
171.969269
165.066299
157.829956
150.280075
142.437332
134.323257
125.960052
117.370667
108.578629
99.608063
90.483521
81.230026
71.872955
62.437935
52.950840
43.437668
33.924496
24.437397
15.002377
5.645294
-3.608208
-12.732758
-21.703350
-30.495396
-39.084805
-47.448017
-55.562122
-63.404881
-70.954788
-78.191177
-85.094162
-91.644867
-97.825317
-103.618607
-109.008835
-113.981186
-118.522079
-122.619049
-126.260864
-129.437561
-132.140396
-134.362000
-136.096252
-137.338409
-138.085068
-138.334198
-138.085098
-137.338455
-136.096298
-134.362061
-132.140488
-129.437668
-126.261002
-122.619186
-118.522247
-113.981369
-109.009018
-103.618805
-97.825531
-91.645065
-85.094345
-78.191330
-70.954926
-63.404987
-55.562199
-47.448055
-39.084797
-30.495358
-21.703266
-12.732632
-3.608040
5.645508
15.002636
24.437704
33.924847
37.846024
46.953629
56.036270
65.069054
74.027222
82.886215
91.621765
100.209915
108.627121
116.850334
124.856995
132.625168
140.133545
147.361572
154.289429
160.898117
167.169540
173.086472
178.632736
183.793106
188.553452
192.900711
196.822968
200.309494
203.350723
205.938293
208.065155
209.725464
210.914642
211.629471
211.867966
211.629486
210.914673
209.725494
208.065201
205.938354
203.350769
200.309555
196.823044
192.900787
188.553543
183.793213
178.632858
173.086609
167.169693
160.898285
154.289612
147.361786
140.133789
132.625397
124.857254
116.850609
108.627411
100.210220
91.622086
82.886551
74.027573
65.069420
56.036648
46.954018
37.846424
28.738827
19.656195
10.623421
1.665260
-7.193733
-15.929276
-24.517422
-32.934639
-41.157845
-49.164513
-56.932686
-64.441078
-71.669113
-78.596985
-85.205688
-91.477112
-97.394073
-102.940369
-108.100784
-112.861160
-117.208450
-121.130768
-124.617310
-127.658569
-130.246185
-132.373062
-134.033386
-135.222580
-135.937408
-136.175919
-135.937439
-135.222626
-134.033432
-132.373123
-130.246262
-127.658676
-124.617447
-121.130890
-117.208618
-112.861328
-108.100967
-102.940567
-97.394272
-91.477295
-85.205849
-78.597137
-71.669243
-64.441185
-56.932762
-49.164551
-41.157845
-32.934593
-24.517345
-15.929153
-7.193573
1.665462
10.623669
19.656488
28.739162
45.963783
54.928890
63.869423
72.760880
81.578888
90.299271
98.898148
107.351913
115.637436
123.731987
131.613373
139.260010
146.650909
153.765839
160.585312
167.090591
173.263885
179.088257
184.547729
189.627380
194.313232
198.592468
202.453369
205.885345
208.878967
211.426086
213.519653
215.153992
216.324554
217.028198
217.262970
217.028198
216.324585
215.154022
213.519684
211.426117
208.879028
205.885406
202.453430
198.592560
194.313324
189.627472
184.547852
179.088379
173.264038
167.090759
160.585495
153.766052
146.651138
139.260239
131.613617
123.732254
115.637726
107.352219
98.898460
90.299606
81.579231
72.761238
63.869797
54.929272
45.964176
36.999081
28.058554
19.167107
10.349106
1.628723
-6.970142
-15.423920
-23.709435
-31.803986
-39.685379
-47.332008
-54.722931
-61.837875
-68.657349
-75.162651
-81.335945
-87.160332
-92.619850
-97.699532
-102.385414
-106.664696
-110.525642
-113.957634
-116.951302
-119.498436
-121.592033
-123.226387
-124.396980
-125.100624
-125.335396
-125.100639
-124.397011
-123.226433
-121.592110
-119.498512
-116.951408
-113.957756
-110.525764
-106.664848
-102.385582
-97.699699
-92.620049
-87.160530
-81.336128
-75.162811
-68.657501
-61.837997
-54.723030
-47.332085
-39.685410
-31.803978
-23.709396
-15.423843
-6.970024
1.628880
10.349308
19.167353
28.058842
36.999413
24.967127
33.400253
41.810257
50.174103
58.468857
66.671783
74.760399
82.712540
90.506393
98.120621
105.534332
112.727219
119.679558
126.372299
132.787094
138.906357
144.713348
150.192093
155.327606
160.105835
164.513641
168.538956
172.170746
175.399063
178.215057
180.611008
182.580353
184.117706
185.218826
185.880707
186.101547
185.880722
185.218842
184.117737
182.580399
180.611069
178.215103
175.399124
172.170807
168.539032
164.513718
160.105927
155.327728
150.192215
144.713486
138.906525
132.787277
126.372490
119.679764
112.727440
105.534569
98.120872
90.506668
82.712822
74.760696
66.672096
58.469185
50.174438
41.810608
33.400612
24.967497
16.534382
8.124380
-0.239454
-8.534201
-16.737123
-24.825739
-32.777878
-40.571739
-48.185966
-55.599678
-62.792564
-69.744911
-76.437660
-82.852470
-88.971756
-94.778732
-100.257500
-105.393059
-110.171318
-114.579155
-118.604500
-122.236336
-125.464684
-128.280701
-130.676682
-132.646057
-134.183411
-135.284546
-135.946442
-136.167282
-135.946457
-135.284576
-134.183456
-132.646118
-130.676758
-128.280792
-125.464790
-122.236458
-118.604637
-114.579308
-110.171471
-105.393242
-100.257690
-94.778908
-88.971909
-82.852615
-76.437775
-69.745010
-62.792633
-55.599716
-48.185959
-40.571701
-32.777802
-24.825628
-16.736975
-8.534014
-0.239223
8.124651
16.534693
31.242899
39.272820
47.280731
55.244682
63.142845
70.953575
78.655457
86.227386
93.648613
100.898781
107.958031
114.807014
121.426941
127.799690
133.907791
139.734482
145.263824
150.480621
155.370590
159.920364
164.117416
167.950272
171.408417
174.482391
177.163757
179.445145
181.320343
182.784180
183.832657
184.462891
184.673172
184.462906
183.832672
182.784210
181.320374
179.445190
177.163803
174.482452
171.408493
167.950348
164.117508
159.920456
155.370712
150.480728
145.263947
139.734634
133.907959
127.799873
121.427147
114.807220
107.958260
100.899025
93.648865
86.227661
78.655746
70.953873
63.143158
55.245003
47.281059
39.273163
31.243252
23.213341
15.205437
7.241493
-0.656668
-8.467394
-16.169275
-23.741201
-31.162424
-38.412598
-45.471855
-52.320831
-58.940773
-65.313530
-71.421638
-77.248344
-82.777679
-87.994499
-92.884514
-97.434319
-101.631401
-105.464287
-108.922478
-111.996468
-114.677864
-116.959282
-118.834496
-120.298363
-121.346840
-121.977089
-122.187370
-121.977104
-121.346870
-120.298409
-118.834557
-116.959358
-114.677956
-111.996590
-108.922600
-105.464424
-101.631538
-97.434471
-92.884689
-87.994682
-82.777847
-77.248489
-71.421776
-65.313644
-58.940865
-52.320900
-45.471886
-38.412598
-31.162386
-23.741133
-16.169168
-8.467249
-0.656487
7.241713
15.205694
23.213636
36.695709
45.578362
54.436665
63.246346
71.983246
80.623428
89.143211
97.519241
105.728546
113.748650
121.557549
129.133850
136.456787
143.506287
150.263031
156.708466
162.824982
168.595779
174.005051
179.037964
183.680740
187.920609
191.746002
195.146408
198.112518
200.636185
202.710495
204.329803
205.489624
206.186783
206.419388
206.186798
205.489639
204.329834
202.710541
200.636230
198.112564
195.146469
191.746078
187.920700
183.680832
179.038071
174.005173
168.595917
162.825134
156.708649
150.263199
143.506485
136.457001
129.134094
121.557800
113.748917
105.728828
97.519531
89.143524
80.623756
71.983589
63.246696
54.437035
45.578739
36.696098
27.813457
18.955160
10.145493
1.408592
-7.231586
-15.751362
-24.127388
-32.336700
-40.356804
-48.165703
-55.742012
-63.064949
-70.114456
-76.871208
-83.316681
-89.433197
-95.204010
-100.613312
-105.646286
-110.289078
-114.528992
-118.354416
-121.754852
-124.720993
-127.244690
-129.319046
-130.938354
-132.098175
-132.795349
-133.027969
-132.795380
-132.098221
-130.938400
-129.319107
-127.244766
-124.721100
-121.754974
-118.354553
-114.529144
-110.289230
-105.646454
-100.613510
-95.204208
-89.433380
-83.316841
-76.871361
-70.114578
-63.065048
-55.742081
-48.165741
-40.356796
-32.336662
-24.127312
-15.751247
-7.231430
1.408794
10.145735
18.955446
27.813786
28.487047
37.253414
45.995750
54.690102
63.312630
71.839699
80.247948
88.514320
96.616158
104.531265
112.237938
119.715057
126.942123
133.899338
140.567627
146.928696
152.965149
158.660385
163.998840
168.965866
173.547852
177.732224
181.507538
184.863434
187.790710
190.281326
192.328506
193.926605
195.071228
195.759277
195.988831
195.759277
195.071259
193.926636
192.328537
190.281387
187.790756
184.863495
181.507599
177.732315
173.547943
168.965973
163.998962
158.660507
152.965286
146.928864
140.567810
133.899536
126.942345
119.715286
112.238190
104.531525
96.616440
88.514610
80.248253
71.840027
63.312965
54.690453
45.996117
37.253788
28.487432
19.721075
10.978745
2.284405
-6.338118
-14.865187
-23.273428
-31.539801
-39.641647
-47.556755
-55.263428
-62.740547
-69.967621
-76.924843
-83.593140
-89.954231
-95.990677
-101.685944
-107.024445
-111.991516
-116.573517
-120.757935
-124.533279
-127.889206
-130.816513
-133.307175
-135.354370
-136.952484
-138.097122
-138.785172
-139.014740
-138.785187
-138.097168
-136.952530
-135.354431
-133.307251
-130.816620
-127.889328
-124.533417
-120.758087
-116.573685
-111.991684
-107.024628
-101.686142
-95.990860
-89.954391
-83.593292
-76.924965
-69.967720
-62.740616
-55.263466
-47.556747
-39.641602
-31.539724
-23.273314
-14.865030
-6.337919
2.284645
10.979027
19.721397
14.787921
22.489370
30.169710
37.807892
45.382973
52.874199
60.261032
67.523224
74.640869
81.594467
88.364952
94.933769
101.282906
107.394974
113.253212
118.841553
124.144707
129.148117
133.838058
138.201721
142.227097
145.903152
149.219849
152.168076
154.739746
156.927826
158.726303
160.130264
161.135849
161.740311
161.941986
161.740326
161.135880
160.130295
158.726334
156.927872
154.739792
152.168121
149.219910
145.903229
142.227173
138.201797
133.838165
129.148224
124.144844
118.841705
113.253372
107.395149
101.283104
94.933975
88.365173
81.594696
74.641113
67.523483
60.261303
52.874481
45.383270
37.808197
30.170029
22.489698
14.788259
7.086818
-0.593514
-8.231687
-15.806766
-23.297985
-30.684814
-37.947006
-45.064655
-52.018253
-58.788746
-65.357567
-71.706711
-77.818787
-83.677032
-89.265396
-94.568550
-99.571968
-104.261955
-108.625641
-112.651039
-116.327148
-119.643875
-122.592117
-125.163818
-127.351929
-129.150436
-130.554413
-131.559998
-132.164474
-132.366150
-132.164490
-131.560043
-130.554459
-129.150482
-127.351990
-125.163910
-122.592224
-119.643982
-116.327271
-112.651176
-108.625786
-104.262123
-99.572144
-94.568703
-89.265533
-83.677162
-77.818893
-71.706802
-65.357628
-58.788776
-52.018253
-45.064621
-37.946941
-30.684715
-23.297848
-15.806592
-8.231477
-0.593267
7.087102
27.825867
35.618649
43.390072
51.118835
58.783756
66.363815
73.838257
81.186569
88.388634
95.424698
102.275475
108.922195
115.346626
121.531181
127.458893
133.113510
138.479553
143.542297
148.287872
152.703262
156.776382
160.496033
163.852066
166.835251
169.437424
171.651459
173.471268
174.891876
175.909393
176.521011
176.725082
176.521027
175.909409
174.891907
173.471298
171.651505
169.437469
166.835312
163.852127
160.496109
156.776459
152.703354
148.287964
143.542419
138.479691
133.113663
127.459053
121.531357
115.346825
108.922401
102.275696
95.424927
88.388885
81.186836
73.838531
66.364105
58.784058
51.119148
43.390396
35.618980
27.826208
20.033434
12.262017
4.533262
-3.131651
-10.711712
-18.186146
-25.534462
-32.736523
-39.772591
-46.623367
-53.270088
-59.694534
-65.879089
-71.806808
-77.461449
-82.827492
-87.890251
-92.635857
-97.051292
-101.124435
-104.844131
-108.200195
-111.183411
-113.785614
-115.999664
-117.819489
-119.240128
-120.257645
-120.869278
-121.073349
-120.869293
-120.257675
-119.240158
-117.819550
-115.999725
-113.785690
-111.183517
-108.200302
-104.844269
-101.124573
-97.051437
-92.636024
-87.890427
-82.827652
-77.461594
-71.806946
-65.879196
-59.694618
-53.270149
-46.623398
-39.772583
-32.736488
-25.534397
-18.186043
-10.711575
-3.131477
4.533476
12.262268
20.033722
23.065220
31.319799
39.551750
47.738518
55.857655
63.886909
71.804276
79.588051
87.216904
94.669922
101.926666
108.967270
115.772415
122.323456
128.602448
134.592148
140.276184
145.638931
150.665726
155.342773
159.657257
163.597351
167.152252
170.312225
173.068604
175.413834
177.341476
178.846283
179.924088
180.571960
180.788116
180.571976
179.924103
178.846313
177.341522
175.413879
173.068649
170.312286
167.152313
163.597427
159.657349
155.342865
150.665848
145.639053
140.276321
134.592316
128.602615
122.323639
115.772614
108.967484
101.926910
94.670166
87.217163
79.588333
71.804565
63.887215
55.857975
47.738846
39.552094
31.320152
23.065582
14.811012
6.579065
-1.607691
-9.726826
-17.756077
-25.673439
-33.457214
-41.086063
-48.539082
-55.795834
-62.836437
-69.641586
-76.192642
-82.471634
-88.461365
-94.145401
-99.508163
-104.535004
-109.212097
-113.526611
-117.466736
-121.021667
-124.181671
-126.938080
-129.283325
-131.211014
-132.715820
-133.793640
-134.441513
-134.657684
-134.441544
-133.793671
-132.715866
-131.211060
-129.283401
-126.938171
-124.181778
-121.021790
-117.466873
-113.526749
-109.212250
-104.535172
-99.508362
-94.145569
-88.461517
-82.471771
-76.192749
-69.641678
-62.836498
-55.795872
-48.539074
-41.086025
-33.457142
-25.673332
-17.755928
-9.726639
-1.607466
6.579330
14.811316
24.902561
29.497490
34.079826
38.637005
43.156540
47.626041
52.033260
56.366112
60.612732
64.761467
68.800949
72.720123
76.508217
80.154861
83.650078
86.984261
90.148285
93.133484
95.931656
98.535141
100.936813
103.130066
105.108917
106.867920
108.402267
109.707733
110.780762
111.618423
112.218384
112.579025
112.699341
112.579025
112.218399
111.618439
110.780792
109.707764
108.402283
106.867950
105.108948
103.130112
100.936859
98.535202
95.931717
93.133545
90.148376
86.984344
83.650177
80.154968
76.508331
72.720238
68.801086
64.761604
60.612877
56.366268
52.033424
47.626213
43.156715
38.637188
34.080013
29.497686
24.902763
20.307838
15.725509
11.168333
6.648802
2.179302
-2.227915
-6.560770
-10.807384
-14.956123
-18.995609
-22.914776
-26.702877
-30.349533
-33.844749
-37.178944
-40.342976
-43.328175
-46.126369
-48.729877
-51.131565
-53.324841
-55.303707
-57.062725
-58.597088
-59.902576
-60.975620
-61.813282
-62.413250
-62.773891
-62.894222
-62.773907
-62.413273
-61.813305
-60.975651
-59.902615
-58.597141
-57.062786
-55.303776
-53.324917
-51.131649
-48.729969
-46.126469
-43.328281
-40.343067
-37.179028
-33.844830
-30.349598
-26.702930
-22.914814
-18.995628
-14.956120
-10.807365
-6.560730
-2.227856
2.179382
6.648905
11.168459
15.725657
20.308008
27.862162
33.186550
38.496346
43.776993
49.014015
54.193062
59.299942
64.320648
69.241432
74.048798
78.729561
83.270905
87.660370
91.885941
95.936028
99.799522
103.465851
106.924950
110.167336
113.184143
115.967079
118.508530
120.801514
122.839767
124.617699
126.130417
127.373795
128.344437
129.039642
129.457535
129.596954
129.457535
129.039658
128.344452
127.373817
126.130447
124.617729
122.839806
120.801559
118.508575
115.967133
113.184204
110.167412
106.925026
103.465942
99.799622
95.936134
91.886063
87.660507
83.271042
78.729713
74.048950
69.241600
64.320831
59.300133
54.193260
49.014221
43.777203
38.496563
33.186775
27.862396
22.538013
17.228224
11.947582
6.710560
1.531513
-3.575361
-8.596071
-13.516848
-18.324213
-23.004980
-27.546324
-31.935801
-36.161377
-40.211472
-44.074974
-47.741310
-51.200417
-54.442833
-57.459656
-60.242615
-62.784088
-65.077103
-67.115372
-68.893318
-70.406059
-71.649452
-72.620087
-73.315308
-73.733200
-73.872635
-73.733215
-73.315331
-72.620117
-71.649490
-70.406105
-68.893379
-67.115448
-65.077179
-62.784180
-60.242714
-57.459763
-54.442947
-51.200539
-47.741417
-44.075073
-40.211563
-36.161453
-31.935862
-27.546370
-23.005003
-18.324209
-13.516825
-8.596025
-3.575293
1.531609
6.710680
11.947728
17.228395
22.538210
27.225843
33.079025
38.916168
44.721268
50.478409
56.171822
61.785889
67.305237
72.714722
77.999535
83.145172
88.137543
92.962959
97.608192
102.060516
106.307716
110.338173
114.140808
117.705223
121.021645
124.080971
126.874825
129.395538
131.636230
133.590729
135.253677
136.620544
137.687576
138.451828
138.911224
139.064499
138.911240
138.451843
137.687592
136.620575
135.253723
133.590759
131.636261
129.395584
126.874878
124.081032
121.021713
117.705307
114.140900
110.338272
106.307831
102.060638
97.608330
92.963104
88.137695
83.145340
77.999710
72.714912
67.305435
61.786095
56.172035
50.478634
44.721497
38.916409
33.079277
27.226101
21.372923
15.535789
9.730696
3.973555
-1.719852
-7.333921
-12.853266
-18.262754
-23.547564
-28.693209
-33.685577
-38.510994
-43.156235
-47.608566
-51.855782
-55.886238
-59.688889
-63.253326
-66.569771
-69.629120
-72.422997
-74.943748
-77.184448
-79.138969
-80.801949
-82.168839
-83.235870
-84.000137
-84.459534
-84.612816
-84.459549
-84.000160
-83.235909
-82.168877
-80.802002
-79.139038
-77.184532
-74.943832
-72.423096
-69.629227
-66.569885
-63.253456
-59.689018
-55.886353
-51.855888
-47.608665
-43.156319
-38.511063
-33.685623
-28.693232
-23.547564
-18.262728
-12.853216
-7.333845
-1.719749
3.973688
9.730856
15.535976
21.373138
33.121758
35.674225
38.219696
40.751190
43.261780
45.744568
48.192764
50.599648
52.958630
55.263237
57.507156
59.684242
61.788513
63.814217
65.755798
67.607925
69.365524
71.023788
72.578171
74.024399
75.358513
76.576859
77.676102
78.653221
79.505539
80.230728
80.826797
81.292107
81.625381
81.825714
81.892563
81.825722
81.625397
81.292114
80.826813
80.230743
79.505554
78.653244
77.676117
76.576889
75.358536
74.024429
72.578201
71.023827
69.365570
67.607971
65.755844
63.814278
61.788578
59.684307
57.507233
55.263313
52.958710
50.599735
48.192856
45.744663
43.261875
40.751293
38.219799
35.674332
33.121868
30.569405
28.023937
25.492443
22.981857
20.499067
18.050873
15.643990
13.285009
10.980400
8.736479
6.559397
4.455120
2.429415
0.487835
-1.364300
-3.121906
-4.780174
-6.334560
-7.780804
-9.114929
-10.333286
-11.432537
-12.409668
-13.262001
-13.987194
-14.583267
-15.048584
-15.381866
-15.582203
-15.649044
-15.582207
-15.381878
-15.048599
-14.583286
-13.987217
-13.262028
-12.409702
-11.432575
-10.333332
-9.114975
-7.780853
-6.334614
-4.780231
-3.121960
-1.364346
0.487789
2.429379
4.455090
6.559376
8.736469
10.980400
13.285021
15.644011
18.050907
20.499111
22.981916
25.492512
28.024019
30.569500
-1.944809
5.631043
13.186131
20.699747
28.151295
35.520348
42.786716
49.930477
56.932053
63.772255
70.432320
76.894012
83.139610
89.151993
94.914696
100.411903
105.628578
110.550377
115.163849
119.456329
123.416061
127.032181
130.294785
133.194931
135.724670
137.877060
139.646210
141.027283
142.016464
142.611069
142.809448
142.611069
142.016479
141.027298
139.646240
137.877106
135.724716
133.194977
130.294846
127.032242
123.416138
119.456421
115.163948
110.550491
105.628708
100.412056
94.914856
89.152168
83.139801
76.894211
70.432533
63.772476
56.932293
49.930733
42.786983
35.520630
28.151587
20.700050
13.186445
5.631367
-1.944477
-9.520321
-17.075403
-24.589010
-32.040554
-39.409603
-46.675968
-53.819729
-60.821304
-67.661499
-74.321579
-80.783264
-87.028870
-93.041267
-98.803978
-104.301208
-109.517876
-114.439697
-119.053200
-123.345718
-127.305473
-130.921631
-134.184265
-137.084427
-139.614197
-141.766617
-143.535797
-144.916870
-145.906067
-146.500671
-146.699066
-146.500687
-145.906097
-144.916916
-143.535843
-141.766678
-139.614288
-137.084534
-134.184372
-130.921753
-127.305611
-123.345863
-119.053360
-114.439865
-109.518028
-104.301346
-98.804108
-93.041374
-87.028961
-80.783325
-74.321602
-67.661499
-60.821270
-53.819664
-46.675869
-39.409470
-32.040382
-24.588802
-17.075159
-9.520041
16.253170
19.620684
22.978966
26.318815
29.631073
32.906662
36.136612
39.312057
42.424301
45.464809
48.425251
51.297512
54.073719
56.746262
59.307819
61.751362
64.070206
66.257980
68.308693
70.216728
71.976852
73.584244
75.034485
76.323624
77.448105
78.404854
79.191254
79.805145
80.244843
80.509155
80.597336
80.509155
80.244858
79.805161
79.191269
78.404877
77.448120
76.323639
75.034515
73.584274
71.976883
70.216766
68.308739
66.258026
64.070267
61.751427
59.307888
56.746338
54.073803
51.297600
48.425346
45.464909
42.424408
39.312168
36.136726
32.906792
29.631203
26.318951
22.979107
19.620827
16.253317
12.885808
9.527528
6.187683
2.875426
-0.400164
-3.630108
-6.805552
-9.917795
-12.958307
-15.918751
-18.791012
-21.567223
-24.239769
-26.801331
-29.244881
-31.563721
-33.751503
-35.802231
-37.710285
-39.470421
-41.077824
-42.528084
-43.817230
-44.941723
-45.898487
-46.684895
-47.298794
-47.738499
-48.002804
-48.090992
-48.002811
-47.738514
-47.298813
-46.684917
-45.898518
-44.941761
-43.817276
-42.528133
-41.077881
-39.470482
-37.710350
-35.802303
-33.751579
-31.563789
-29.244942
-26.801388
-24.239815
-21.567261
-18.791039
-15.918762
-12.958305
-9.917780
-6.805523
-3.630062
-0.400105
2.875502
6.187775
9.527636
12.885932
43.063824
48.112686
53.147713
58.155098
63.121120
68.032166
72.874771
77.635674
82.301819
86.860413
91.298950
95.605293
99.767624
103.774521
107.615036
111.278595
114.755203
118.035294
121.109909
123.970596
126.609528
129.019455
131.193787
133.126572
134.812485
136.246933
137.425964
138.346375
139.005600
139.401871
139.534088
139.401886
139.005615
138.346390
137.425995
136.246964
134.812515
133.126602
131.193832
129.019501
126.609573
123.970657
121.109970
118.035370
114.755295
111.278702
107.615128
103.774643
99.767746
95.605423
91.299103
86.860558
82.301971
77.635841
72.874954
68.032349
63.121315
58.155300
53.147919
48.112904
43.064045
38.015186
32.980167
27.972786
23.006767
18.095724
13.253117
8.492218
3.826077
-0.732517
-5.171066
-9.477406
-13.639736
-17.646648
-21.487156
-25.150738
-28.627346
-31.907452
-34.982082
-37.842793
-40.481739
-42.891697
-45.066051
-46.998844
-48.684788
-50.119244
-51.298298
-52.218708
-52.877949
-53.274220
-53.406437
-53.274235
-52.877972
-52.218739
-51.298336
-50.119289
-48.684841
-46.998913
-45.066128
-42.891781
-40.481831
-37.842892
-34.982189
-31.907566
-28.627445
-25.150829
-21.487247
-17.646717
-13.639793
-9.477448
-5.171085
-0.732513
3.826099
8.492260
13.253183
18.095814
23.006882
27.972923
32.980331
38.015373
