63.857704
67.694427
71.520630
75.325836
79.099609
82.831596
86.511581
90.129478
93.675362
97.139519
100.512451
103.784912
106.947945
109.992859
112.911331
115.695343
118.337280
120.829880
123.166336
125.340225
127.345596
129.176941
130.829254
132.298004
133.579163
134.669235
135.565201
136.264633
136.765594
137.066727
137.167206
137.066742
136.765610
136.264648
135.565216
134.669250
133.579193
132.298035
130.829285
129.176971
127.345627
125.340271
123.166382
120.829941
118.337341
115.695419
112.911407
109.992950
106.948044
103.785019
100.512558
97.139633
93.675484
90.129608
86.511719
82.831741
79.099754
75.325989
71.520790
67.694588
63.857872
60.021152
56.194950
52.389751
48.615986
44.883995
41.204010
37.586117
34.040230
30.576077
27.203140
23.930676
20.767643
17.722721
14.804249
12.020226
9.378292
6.885677
4.549213
2.375305
0.369923
-1.461449
-3.113777
-4.582542
-5.863724
-6.953796
-7.849777
-8.549210
-9.050179
-9.351318
-9.451790
-9.351326
-9.050201
-8.549232
-7.849800
-6.953827
-5.863762
-4.582596
-3.113838
-1.461510
0.369850
2.375229
4.549129
6.885590
9.378212
12.020157
14.804180
17.722668
20.767601
23.930645
27.203125
30.576077
34.040253
37.586151
41.204060
44.884064
48.616074
52.389858
56.195076
60.021294
68.397987
72.359993
76.311134
80.240593
84.137589
87.991440
91.791595
95.527626
99.189293
102.766571
106.249634
109.628960
112.895271
116.039612
119.053383
121.928299
124.656509
127.230499
129.643250
131.888123
133.958969
135.850128
137.556396
139.073105
140.396103
141.521759
142.446991
143.169250
143.686584
143.997528
144.101288
143.997543
143.686584
143.169266
142.446991
141.521774
140.396118
139.073135
137.556427
135.850159
133.959015
131.888168
129.643295
127.230560
124.656570
121.928375
119.053467
116.039703
112.895370
109.629066
106.249756
102.766685
99.189423
95.527756
91.791733
87.991592
84.137741
80.240753
76.311302
72.360161
68.398163
64.436157
60.485020
56.555569
52.658573
48.804722
45.004570
41.268543
37.606873
34.029598
30.546528
27.167202
23.900890
20.756538
17.742767
14.867840
12.139633
9.565628
7.152870
4.907974
2.837112
0.945946
-0.760345
-2.277069
-3.600082
-4.725746
-5.650986
-6.373260
-6.890587
-7.201561
-7.305313
-7.201569
-6.890610
-6.373283
-5.651016
-4.725784
-3.600128
-2.277122
-0.760406
0.945877
2.837036
4.907898
7.152782
9.565540
12.139553
14.867767
17.742699
20.756485
23.900845
27.167171
30.546513
34.029602
37.606892
41.268578
45.004623
48.804790
52.658661
56.555676
60.485146
64.436310
72.243256
77.848801
83.438972
88.998466
94.512032
99.964561
105.341110
110.626938
115.807556
120.868774
125.796707
130.577850
135.199112
139.647812
143.911758
147.979263
151.839203
155.480957
158.894562
162.070663
165.000549
167.676208
170.090271
172.236145
174.107971
175.700562
177.009598
178.031494
178.763397
179.203369
179.350159
179.203369
178.763428
178.031494
177.009613
175.700592
174.108002
172.236191
170.090317
167.676239
165.000610
162.070724
158.894623
155.481033
151.839294
147.979370
143.911865
139.647934
135.199249
130.578003
125.796860
120.868942
115.807732
110.627121
105.341309
99.964767
94.512245
88.998688
83.439209
77.849037
72.243500
66.637962
61.047794
55.488308
49.974747
44.522217
39.145676
33.859848
28.679230
23.618011
18.690075
13.908924
9.287666
4.838959
0.575005
-3.492516
-7.352448
-10.994217
-14.407845
-17.583977
-20.513885
-23.189560
-25.603661
-27.749557
-29.621391
-31.214012
-32.523064
-33.544952
-34.276878
-34.716843
-34.863640
-34.716858
-34.276909
-33.544983
-32.523102
-31.214058
-29.621452
-27.749634
-25.603737
-23.189659
-20.513992
-17.584084
-14.407967
-10.994339
-7.352562
-3.492622
0.574905
4.838882
9.287601
13.908882
18.690052
23.618015
28.679253
33.859898
39.145748
44.522316
49.974869
55.488461
61.047974
66.638176
69.259430
75.354134
81.432129
87.476761
93.471458
99.399796
105.245514
110.992599
116.625305
122.128181
127.486145
132.684509
137.709030
142.545944
147.181976
151.604431
155.801193
159.760742
163.472229
166.925491
170.111053
173.020187
175.644928
177.978058
180.013214
181.744781
183.168060
184.279114
185.074905
185.553253
185.712860
185.553253
185.074921
184.279144
183.168091
181.744827
180.013245
177.978104
175.644974
173.020248
170.111115
166.925568
163.472321
159.760834
155.801300
151.604553
147.182098
142.546082
137.709183
132.684662
127.486313
122.128357
116.625504
110.992813
105.245728
99.400017
93.471695
87.477005
81.432381
75.354393
69.259697
63.165001
57.087013
51.042389
45.047691
39.119358
33.273636
27.526550
21.893852
16.390976
11.033009
5.834641
0.810112
-4.026802
-8.662849
-13.085320
-17.282074
-21.241638
-24.953156
-28.406448
-31.592033
-34.501190
-37.125954
-39.459114
-41.494286
-43.225883
-44.649170
-45.760231
-46.556030
-47.034386
-47.193993
-47.034401
-46.556061
-45.760269
-44.649208
-43.225937
-41.494354
-39.459198
-37.126038
-34.501297
-31.592140
-28.406563
-24.953285
-21.241776
-17.282204
-13.085426
-8.662956
-4.026886
0.810043
5.834591
11.032986
16.390980
21.893879
27.526604
33.273716
39.119465
45.047829
51.042553
57.087208
63.165226
64.417839
71.775024
79.112038
86.408783
93.645248
100.801605
107.858238
114.795799
121.595284
128.238052
134.705872
140.981064
147.046387
152.885223
158.481598
163.820129
168.886230
173.665985
178.146271
182.314865
186.160309
189.672043
192.840485
195.656921
198.113617
200.203888
201.921967
203.263184
204.223816
204.801270
204.993927
204.801270
204.223846
203.263214
201.922028
200.203949
198.113678
195.656952
192.840546
189.672119
186.160370
182.314941
178.146378
173.666077
168.886353
163.820282
158.481750
152.885406
147.046570
140.981262
134.706085
128.238266
121.595520
114.796051
107.858498
100.801880
93.645538
86.409081
79.112343
71.775337
64.418159
57.060986
49.723976
42.427238
35.190777
28.034424
20.977795
14.040234
7.240753
0.597988
-5.869850
-12.145035
-18.210365
-24.049217
-29.645592
-34.984146
-40.050247
-44.830002
-49.310341
-53.478966
-57.324425
-60.836197
-64.004662
-66.821129
-69.277870
-71.368156
-73.086266
-74.427483
-75.388130
-75.965569
-76.158241
-75.965599
-75.388161
-74.427528
-73.086327
-71.368233
-69.277946
-66.821220
-64.004768
-60.836327
-57.324554
-53.479103
-49.310501
-44.830170
-40.050392
-34.984283
-29.645721
-24.049316
-18.210449
-12.145088
-5.869881
0.597992
7.240788
14.040295
20.977894
28.034554
35.190941
42.427441
49.724213
57.061256
63.610008
71.422821
79.214226
86.962860
94.647484
102.247032
109.740685
117.107895
124.328468
131.382629
138.251007
144.914810
151.355774
157.556213
163.499161
169.168320
174.548157
179.623917
184.381683
188.808441
192.892029
196.621246
199.985901
202.976746
205.585632
207.805328
209.629822
211.054077
212.074219
212.687408
212.891998
212.687439
212.074249
211.054108
209.629852
207.805389
205.585663
202.976807
199.985962
196.621307
192.892090
188.808533
184.381790
179.624023
174.548294
169.168472
163.499329
157.556396
151.355957
144.915009
138.251221
131.382843
124.328720
117.108154
109.740959
102.247322
94.647781
86.963173
79.214554
71.423157
63.610352
55.797543
48.006149
40.257523
32.572906
24.973358
17.479710
10.112503
2.891930
-4.162224
-11.030617
-17.694420
-24.135384
-30.335838
-36.278801
-41.947975
-47.327812
-52.403587
-57.161392
-61.588173
-65.671791
-69.401054
-72.765739
-75.756630
-78.365517
-80.585258
-82.409767
-83.834053
-84.854179
-85.467384
-85.671989
-85.467415
-84.854225
-83.834099
-82.409828
-80.585320
-78.365608
-75.756737
-72.765846
-69.401176
-65.671928
-61.588326
-57.161560
-52.403763
-47.327972
-41.948112
-36.278931
-30.335945
-24.135475
-17.694489
-11.030647
-4.162224
2.891964
10.112568
17.479813
24.973495
32.573082
40.257736
48.006401
55.797832
67.459572
75.285843
83.090668
90.852654
98.550514
106.163147
113.669708
121.049606
128.282623
135.348938
142.229156
148.904434
155.356476
161.567612
167.520798
173.199722
178.588837
183.673325
188.439301
192.873657
196.964294
200.699921
204.070374
207.066406
209.679749
211.903290
213.730927
215.157654
216.179535
216.793793
216.998718
216.793793
216.179535
215.157684
213.730957
211.903351
209.679810
207.066437
204.070435
200.700012
196.964355
192.873749
188.439392
183.673431
178.588959
173.199875
167.520966
161.567780
155.356674
148.904633
142.229370
135.349152
128.282867
121.049873
113.669991
106.163437
98.550812
90.852966
83.090996
75.286179
67.459915
59.633648
51.828835
44.066860
36.369003
28.756367
21.249809
13.869911
6.636898
-0.429405
-7.309631
-13.984917
-20.436974
-26.648109
-32.601311
-38.280243
-43.669357
-48.753868
-53.519867
-57.954285
-62.044930
-65.780617
-69.151100
-72.147133
-74.760521
-76.984093
-78.811745
-80.238472
-81.260368
-81.874626
-82.079582
-81.874657
-81.260399
-80.238518
-78.811790
-76.984154
-74.760612
-72.147240
-69.151207
-65.780739
-62.045067
-57.954430
-53.520042
-48.754044
-43.669518
-38.280388
-32.601440
-26.648216
-20.437057
-13.984978
-7.309662
-0.429405
6.636932
13.869976
21.249912
28.756504
36.369179
44.067074
51.829086
59.633938
57.785007
63.932739
70.063622
76.160843
82.207703
88.187622
94.084213
99.881302
105.563011
111.113770
116.518349
121.761948
126.830185
131.709183
136.385559
140.846497
145.079773
149.073761
152.817551
156.300858
159.514145
162.448593
165.096161
167.449600
169.502457
171.249100
172.684753
173.805481
174.608185
175.090698
175.251694
175.090714
174.608200
173.805496
172.684784
171.249130
169.502487
167.449646
165.096207
162.448639
159.514206
156.300934
152.817642
149.073853
145.079880
140.846619
136.385681
131.709320
126.830338
121.762115
116.518524
111.113953
105.563202
99.881508
94.084427
88.187851
82.207939
76.161087
70.063873
63.933002
57.785278
51.637554
45.506676
39.409458
33.362602
27.382687
21.486103
15.689011
10.007301
4.456547
-0.948040
-6.191643
-11.259892
-16.138889
-20.815273
-25.276218
-29.509495
-33.503506
-37.247318
-40.730656
-43.943958
-46.878437
-49.526028
-51.879490
-53.932369
-55.679035
-57.114704
-58.235439
-59.038158
-59.520679
-59.681675
-59.520695
-59.038189
-58.235477
-57.114750
-55.679096
-53.932446
-51.879581
-49.526119
-46.878536
-43.944073
-40.730778
-37.247456
-33.503651
-29.509624
-25.276333
-20.815380
-16.138973
-11.259960
-6.191689
-0.948063
4.456547
10.007328
15.689064
21.486183
27.382795
33.362740
39.409626
45.506874
51.637779
59.641781
66.180641
72.701576
79.186722
85.618294
91.978661
98.250397
104.416313
110.459503
116.363403
122.111832
127.689041
133.079727
138.269135
143.243027
147.987778
152.490387
156.738480
160.720459
164.425385
167.843094
170.964233
173.780243
176.283417
178.466888
180.324646
181.851639
183.043671
183.897446
184.410660
184.581894
184.410675
183.897461
183.043686
181.851669
180.324692
178.466919
176.283463
173.780304
170.964294
167.843155
164.425446
160.720535
156.738586
152.490494
147.987900
143.243164
138.269287
133.079895
127.689209
122.112022
116.363602
110.459709
104.416534
98.250626
91.978897
85.618546
79.186981
72.701851
66.180923
59.642067
53.103214
46.582283
40.097145
33.665581
27.305214
21.033478
14.867565
8.824375
2.920471
-2.827961
-8.405170
-13.795864
-18.985279
-23.959179
-28.703938
-33.206547
-37.454662
-41.436665
-45.141613
-48.559353
-51.680523
-54.496563
-56.999760
-59.183247
-61.041035
-62.568043
-63.760082
-64.613876
-65.127090
-65.298325
-65.127106
-64.613907
-63.760120
-62.568089
-61.041096
-59.183323
-56.999851
-54.496662
-51.680637
-48.559475
-45.141743
-41.436802
-37.454815
-33.206676
-28.704060
-23.959293
-18.985371
-13.795940
-8.405224
-2.827988
2.920475
8.824406
14.867622
21.033566
27.305328
33.665726
40.097328
46.582493
53.103455
68.943001
75.975655
82.989029
89.963905
96.881165
103.721840
110.467194
117.098740
123.598282
129.948029
136.130554
142.128937
147.926712
153.507996
158.857513
163.960556
168.803192
173.372086
177.654755
181.639465
185.315277
188.672119
191.700775
194.392975
196.741333
198.739380
200.381683
201.663727
202.582001
203.133972
203.318115
203.133972
202.582001
201.663757
200.381714
198.739441
196.741364
194.393036
191.700836
188.672180
185.315338
181.639557
177.654846
173.372192
168.803314
163.960693
158.857651
153.508163
147.926880
142.129120
136.130768
129.948242
123.598511
117.098969
110.467445
103.722107
96.881432
89.964188
82.989319
75.975952
68.943306
61.910667
54.897297
47.922432
41.005173
34.164497
27.419144
20.787605
14.288055
7.938309
1.755775
-4.242599
-10.040382
-15.621681
-20.971199
-26.074265
-30.916885
-35.485802
-39.768509
-43.753250
-47.429085
-50.785950
-53.814651
-56.506874
-58.855247
-60.853340
-62.495659
-63.777718
-64.695976
-65.247948
-65.432121
-65.247963
-64.696007
-63.777748
-62.495705
-60.853401
-58.855331
-56.506973
-53.814751
-50.786072
-47.429207
-43.753387
-39.768661
-35.485962
-30.917030
-26.074387
-20.971313
-15.621780
-10.040466
-4.242661
1.755745
7.938313
14.288086
20.787663
27.419235
34.164619
41.005333
47.922623
54.897522
61.910927
75.179878
82.547905
89.895737
97.203232
104.450363
111.617264
118.684296
125.632088
132.441589
139.094147
145.571503
151.855942
157.930206
163.777649
169.382263
174.728668
179.802246
184.589020
189.075928
193.250671
197.101776
200.618683
203.791779
206.612366
209.072723
211.166046
212.886688
214.229858
215.191925
215.770203
215.963135
215.770203
215.191925
214.229889
212.886719
211.166107
209.072754
206.612427
203.791840
200.618744
197.101837
193.250748
189.076035
184.589142
179.802368
174.728821
169.382416
163.777832
157.930389
151.856140
145.571716
139.094360
132.441833
125.632339
118.684555
111.617538
104.450653
97.203529
89.896042
82.548218
75.180199
67.812180
60.464355
53.156868
45.909740
38.742840
31.675812
24.728024
17.918522
11.265968
4.788597
-1.495834
-7.570107
-13.417564
-19.022186
-24.368607
-29.442169
-34.228973
-38.715919
-42.890678
-46.741806
-50.258759
-53.431892
-56.252510
-58.712868
-60.806236
-62.526894
-63.870079
-64.832146
-65.410439
-65.603386
-65.410454
-64.832176
-63.870125
-62.526939
-60.806313
-58.712959
-56.252602
-53.431999
-50.258888
-46.741943
-42.890823
-38.716072
-34.229141
-29.442322
-24.368744
-19.022316
-13.417664
-7.570190
-1.495888
4.788567
11.265972
17.918556
24.728088
31.675911
38.742970
45.909904
53.157070
60.464596
67.812454
75.141136
82.855400
90.548523
98.199417
105.787109
113.290802
120.689926
127.964203
135.093704
142.058868
148.840622
155.420380
161.780075
167.902313
173.770294
179.367950
184.679932
189.691650
194.389404
198.760315
202.792389
206.474579
209.796783
212.749939
215.325897
217.517609
219.319061
220.725372
221.732635
222.338104
222.540100
222.338104
221.732666
220.725403
219.319122
217.517639
215.325928
212.749969
209.796844
206.474640
202.792480
198.760406
194.389526
189.691772
184.680054
179.368103
173.770462
167.902496
161.780273
155.420578
148.840851
142.059097
135.093948
127.964462
120.690201
113.291084
105.787399
98.199722
90.548843
82.855728
75.141472
67.427216
59.734100
52.083218
44.495533
36.991844
29.592720
22.318443
15.188946
8.223770
1.442017
-5.137733
-11.497444
-17.619690
-23.487686
-29.085350
-34.397331
-39.409073
-44.106865
-48.477814
-52.509911
-56.192131
-59.514381
-62.467537
-65.043526
-67.235268
-69.036766
-70.443077
-71.450340
-72.055824
-72.257835
-72.055840
-71.450386
-70.443123
-69.036812
-67.235329
-65.043617
-62.467644
-59.514488
-56.192268
-52.510056
-48.477959
-44.107033
-39.409248
-34.397484
-29.085487
-23.487816
-17.619797
-11.497536
-5.137794
1.441986
8.223778
15.188980
22.318508
29.592823
36.991982
44.495705
52.083427
59.734352
67.427498
81.668953
89.042664
96.396156
103.709290
110.962006
118.134430
125.206909
132.160049
138.974808
145.632492
152.114838
158.404114
164.483063
170.335022
175.943970
181.294495
186.371964
191.162445
195.652802
199.830750
203.684814
207.204453
210.380005
213.202759
215.665009
217.759949
219.481903
220.826111
221.788910
222.367645
222.560730
222.367645
221.788940
220.826141
219.481934
217.760010
215.665039
213.202820
210.380066
207.204529
203.684906
199.830841
195.652893
191.162537
186.372086
181.294632
175.944122
170.335190
164.483246
158.404312
152.115051
145.632706
138.975037
132.160309
125.207169
118.134705
110.962288
103.709579
96.396461
89.042976
81.669273
74.295578
66.942093
59.628967
52.376251
45.203827
38.131351
31.178211
24.363457
17.705776
11.223412
4.934135
-1.144814
-6.996780
-12.605728
-17.956268
-23.033745
-27.824234
-32.314636
-36.492622
-40.346718
-43.866379
-47.041954
-49.864754
-52.327003
-54.421989
-56.143959
-57.488182
-58.450996
-59.029732
-59.222832
-59.029747
-58.451027
-57.488228
-56.144005
-54.422066
-52.327095
-49.864845
-47.042061
-43.866508
-40.346848
-36.492760
-32.314796
-27.824402
-23.033897
-17.956406
-12.605850
-6.996887
-1.144897
4.934082
11.223381
17.705780
24.363491
31.178272
38.131451
45.203960
52.376419
59.629166
66.942329
74.295853
83.713074
91.096741
98.460167
105.783180
113.045692
120.227814
127.309845
134.272385
141.096344
147.763016
154.254120
160.551895
166.639053
172.498917
178.115433
183.473190
188.557526
193.354462
197.850891
202.034485
205.893768
209.418152
212.597992
215.424561
217.890121
219.987915
221.712189
223.058228
224.022308
224.601837
224.795181
224.601837
224.022324
223.058243
221.712219
219.987961
217.890167
215.424622
212.598053
209.418213
205.893845
202.034576
197.850998
193.354584
188.557648
183.473328
178.115585
172.499084
166.639236
160.552094
154.254333
147.763229
141.096573
134.272629
127.310104
120.228088
113.045975
105.783478
98.460480
91.097054
83.713394
76.329742
68.966316
61.643314
54.380806
47.198692
40.116661
33.154125
26.330170
19.663490
13.172371
6.874603
0.787437
-5.072433
-10.688957
-16.046730
-21.131058
-25.928024
-30.424492
-34.608116
-38.467422
-41.991837
-45.171707
-47.998306
-50.463898
-52.561707
-54.286011
-55.632050
-56.596146
-57.175674
-57.369034
-57.175690
-56.596176
-55.632095
-54.286057
-52.561783
-50.463974
-47.998413
-45.171814
-41.991966
-38.467552
-34.608261
-30.424652
-25.928192
-21.131210
-16.046860
-10.689079
-5.072540
0.787354
6.874542
13.172340
19.663498
26.330200
33.154190
40.116756
47.198822
54.380970
61.643517
68.966553
76.330009
81.042770
88.358925
95.655022
102.911072
110.107185
117.223633
124.240906
131.139771
137.901337
144.507050
150.938812
157.179016
163.210510
169.016785
174.581940
179.890717
184.928558
189.681641
194.136963
198.282288
202.106293
205.598450
208.749207
211.549927
213.992950
216.071564
217.780060
219.113785
220.069061
220.643280
220.834869
220.643295
220.069092
219.113815
217.780090
216.071594
213.992996
211.549988
208.749268
205.598511
202.106354
198.282379
194.137054
189.681747
184.928680
179.890854
174.582092
169.016953
163.210693
157.179199
150.939026
144.507278
137.901581
131.140015
124.241165
117.223900
110.107468
102.911362
95.655327
88.359238
81.043091
73.726944
66.430855
59.174812
51.978706
44.862263
37.844990
30.946117
24.184555
17.578838
11.147072
4.906883
-1.124619
-6.930916
-12.496078
-17.804863
-22.842705
-27.595802
-32.051155
-36.196533
-40.020546
-43.512733
-46.663528
-49.464279
-51.907333
-53.985962
-55.694489
-57.028229
-57.983505
-58.557739
-58.749329
-58.557755
-57.983551
-57.028275
-55.694534
-53.986023
-51.907410
-49.464386
-46.663635
-43.512863
-40.020676
-36.196671
-32.051315
-27.595970
-22.842850
-17.804993
-12.496201
-6.931015
-1.124702
4.906822
11.147041
17.578842
24.184589
30.946178
37.845085
44.862392
51.978870
59.175011
66.431091
73.727219
69.203300
76.194405
83.166351
90.100021
96.976425
103.776688
110.482201
117.074570
123.535721
129.847961
135.993958
141.956909
147.720428
153.268753
158.586670
163.659561
168.473572
173.015503
177.272858
181.234039
184.888123
188.225128
191.235916
193.912201
196.246689
198.232941
199.865540
201.140015
202.052856
202.601563
202.784637
202.601563
202.052856
201.140045
199.865570
198.232971
196.246735
193.912262
191.235962
188.225204
184.888214
181.234116
177.272964
173.015594
168.473694
163.659698
158.586792
153.268921
147.720612
141.957092
135.994171
129.848160
123.535950
117.074799
110.482452
103.776947
96.976692
90.100304
83.166641
76.194702
69.203606
62.212509
55.240570
48.306904
41.430511
34.630241
27.924736
21.332371
14.871216
8.558983
2.412971
-3.549973
-9.313507
-14.861832
-20.179749
-25.252670
-30.066681
-34.608612
-38.866020
-42.827217
-46.481339
-49.818375
-52.829185
-55.505508
-57.840012
-59.826286
-61.458916
-62.733391
-63.646233
-64.194954
-64.378029
-64.194969
-63.646263
-62.733437
-61.458961
-59.826347
-57.840088
-55.505600
-52.829292
-49.818497
-46.481468
-42.827354
-38.866173
-34.608772
-30.066826
-25.252792
-20.179863
-14.861931
-9.313583
-3.550026
2.412941
8.558987
14.871250
21.332432
27.924828
34.630367
41.430672
48.307095
55.240795
62.212765
71.796158
78.415825
85.017349
91.582634
98.093681
104.532654
110.881897
117.124008
123.241875
129.218735
135.038208
140.684341
146.141647
151.395172
156.430542
161.233917
165.792175
170.092773
174.123947
177.874664
181.334610
184.494324
187.345123
189.879242
192.089691
193.970398
195.516266
196.723022
197.587357
198.106903
198.280258
198.106918
197.587372
196.723053
195.516296
193.970444
192.089722
189.879272
187.345184
184.494385
181.334686
177.874725
174.124039
170.092865
165.792282
161.234039
156.430679
151.395325
146.141815
140.684509
135.038391
129.218933
123.242088
117.124229
110.882126
104.532898
98.093933
91.582893
85.017624
78.416107
71.796448
65.176788
58.575272
52.009995
45.498947
39.059982
32.710739
26.468632
20.350761
14.373898
8.554424
2.908295
-2.549019
-7.802567
-12.837936
-17.641327
-22.199570
-26.500191
-30.531395
-34.282135
-37.742111
-40.901848
-43.752693
-46.286819
-48.497292
-50.378036
-51.923920
-53.130684
-53.995026
-54.514587
-54.687943
-54.514603
-53.995056
-53.130722
-51.923965
-50.378098
-48.497368
-46.286911
-43.752792
-40.901962
-37.742233
-34.282265
-30.531540
-26.500336
-22.199707
-17.641449
-12.838043
-7.802650
-2.549095
2.908241
8.554398
14.373901
20.350792
26.468689
32.710827
39.060097
45.499100
52.010178
58.575485
65.177032
74.879021
80.995316
87.094841
93.160889
99.176826
105.126160
110.992599
116.760040
122.412689
127.935066
133.312012
138.528793
143.571106
148.425171
153.077621
157.515747
161.727371
165.700943
169.425583
172.891083
176.087921
179.007370
181.641388
183.982803
186.025162
187.762878
189.191193
190.306183
191.104797
191.584839
191.744995
191.584839
191.104797
190.306198
189.191208
187.762909
186.025208
183.982849
181.641449
179.007416
176.087982
172.891144
169.425659
165.701035
161.727478
157.515869
153.077759
148.425293
143.571259
138.528961
133.312180
127.935242
122.412888
116.760246
110.992813
105.126389
99.177063
93.161133
87.095093
80.995575
74.879288
68.763000
62.663479
56.597443
50.581509
44.632172
38.765743
32.998299
27.345642
21.823273
16.446327
11.229538
6.187210
1.333160
-3.319313
-7.757446
-11.969070
-15.942657
-19.667320
-23.132851
-26.329720
-29.249184
-31.883247
-34.224670
-36.267052
-38.004784
-39.433113
-40.548111
-41.346733
-41.826782
-41.986954
-41.826797
-41.346756
-40.548149
-39.433151
-38.004837
-36.267120
-34.224754
-31.883339
-29.249290
-26.329834
-23.132965
-19.667458
-15.942795
-11.969193
-7.757553
-3.319412
1.333076
6.187141
11.229492
16.446301
21.823277
27.345669
32.998348
38.765823
44.632282
50.581646
56.597610
62.663677
68.763229
73.395332
79.886238
86.359352
92.796936
99.181335
105.495056
111.720802
117.841492
123.840363
129.700974
135.407242
140.943542
146.294708
151.446045
156.383484
161.093414
165.563004
169.779953
173.732727
177.410461
180.803131
183.901367
186.696732
189.181549
191.348999
193.193146
194.708923
195.892212
196.739746
197.249176
197.419159
197.249191
196.739746
195.892242
194.708954
193.193176
191.349030
189.181580
186.696777
183.901428
180.803192
177.410553
173.732803
169.780045
165.563110
161.093536
156.383606
151.446198
146.294861
140.943726
135.407425
129.701172
123.840576
117.841721
111.721031
105.495300
99.181587
92.797195
86.359619
79.886513
73.395615
66.904716
60.431610
53.994034
47.609634
41.295914
35.070175
28.949482
22.950611
17.090004
11.383728
5.847427
0.496262
-4.655090
-9.592522
-14.302483
-18.772064
-22.989029
-26.941826
-30.619606
-34.012283
-37.110558
-39.905952
-42.390785
-44.558258
-46.402428
-47.918236
-49.101532
-49.949059
-50.458511
-50.628494
-50.458527
-49.949089
-49.101563
-47.918282
-46.402481
-44.558334
-42.390877
-39.906044
-37.110672
-34.012398
-30.619736
-26.941963
-22.989174
-18.772194
-14.302597
-9.592628
-4.655182
0.496185
5.847374
11.383705
17.090008
22.950642
28.949539
35.070259
41.296028
47.609783
53.994213
60.431820
66.904961
61.847549
67.938026
74.011803
80.052246
86.042786
91.967010
97.808685
103.551788
109.180573
114.679642
120.033882
125.228653
130.249695
135.083237
139.716064
144.135452
148.329300
152.286102
155.995026
159.445892
162.629242
165.536346
168.159271
170.490784
172.524536
174.254913
175.677185
176.787476
177.582703
178.060730
178.220215
178.060730
177.582733
176.787491
175.677216
174.254944
172.524567
170.490829
168.159317
165.536407
162.629303
159.445953
155.995087
152.286194
148.329407
144.135559
139.716187
135.083374
130.249847
125.228806
120.034058
114.679817
109.180771
103.551987
97.808899
91.967239
86.043022
80.052490
74.012054
67.938286
61.847816
55.757347
49.683571
43.643139
37.652603
31.728378
25.886711
20.143612
14.514816
9.015759
3.661507
-1.533257
-6.554298
-11.387863
-16.020691
-20.440094
-24.633942
-28.590759
-32.299698
-35.750595
-38.933975
-41.841118
-44.464058
-46.795601
-48.829361
-50.559753
-51.982056
-53.092354
-53.887596
-54.365623
-54.525116
-54.365639
-53.887627
-53.092384
-51.982094
-50.559814
-48.829430
-46.795685
-44.464149
-41.841217
-38.934082
-35.750717
-32.299835
-28.590897
-24.634071
-20.440201
-16.020798
-11.387947
-6.554375
-1.533306
3.661484
9.015762
14.514843
20.143661
25.886791
31.728487
37.652737
43.643303
49.683769
55.757572
65.379684
71.383705
77.371262
83.325958
89.231461
95.071587
100.830338
106.491913
112.040802
117.461792
122.740036
127.861061
132.810822
137.575760
142.142822
146.499481
150.633789
154.534424
158.190674
161.592560
164.730743
167.596588
170.182251
172.480682
174.485550
176.191376
177.593445
178.687988
179.471924
179.943161
180.100388
179.943176
179.471954
178.688004
177.593475
176.191406
174.485596
172.480728
170.182312
167.596634
164.730804
161.592636
158.190765
154.534515
150.633881
146.499588
142.142944
137.575897
132.810974
127.861221
122.740204
117.461975
112.040985
106.492111
100.830544
95.071808
89.231689
83.326195
77.371513
71.383957
65.379951
59.375938
53.388382
47.433693
41.528194
35.688068
29.929329
24.267754
18.718861
13.297863
8.019619
2.898598
-2.051170
-6.816116
-11.383186
-15.739845
-19.874161
-23.774811
-27.431107
-30.833015
-33.971199
-36.837074
-39.422783
-41.721230
-43.726112
-45.431946
-46.834061
-47.928589
-48.712547
-49.183792
-49.341019
-49.183800
-48.712578
-47.928627
-46.834099
-45.432007
-43.726181
-41.721306
-39.422867
-36.837173
-33.971306
-30.833130
-27.431236
-23.774948
-19.874290
-15.739960
-11.383286
-6.816200
-2.051239
2.898548
8.019596
13.297867
18.718887
24.267803
29.929405
35.688175
41.528328
47.433857
53.388573
59.376160
70.829552
76.751892
82.658005
88.531700
94.356865
100.117554
105.797958
111.382515
116.855927
122.203178
127.409622
132.460983
137.343414
142.043533
146.548462
150.845856
154.923920
158.771484
162.378021
165.733627
168.829102
171.655975
174.206482
176.473633
178.451233
180.133850
181.516846
182.596497
183.369781
183.834595
183.989685
183.834610
183.369781
182.596512
181.516876
180.133881
178.451263
176.473663
174.206512
171.656021
168.829163
165.733704
162.378113
158.771576
154.924026
150.845963
146.548584
142.043671
137.343567
132.461136
127.409790
122.203354
116.856110
111.382721
105.798164
100.117767
94.357094
88.531937
82.658249
76.752151
70.829811
64.907471
59.001369
53.127686
47.302517
41.541840
35.861435
30.276875
24.803467
19.456211
14.249767
9.198406
4.315971
-0.384155
-4.889099
-9.186493
-13.264572
-17.112152
-20.718712
-24.074341
-27.169838
-29.996735
-32.547264
-34.814445
-36.792061
-38.474686
-39.857727
-40.937370
-41.710663
-42.175491
-42.330582
-42.175507
-41.710686
-40.937401
-39.857765
-38.474739
-36.792130
-34.814522
-32.547348
-29.996834
-27.169952
-24.074463
-20.718842
-17.112289
-13.264694
-9.186600
-4.889198
-0.384239
4.315903
9.198360
14.249744
19.456215
24.803493
30.276924
35.861511
41.541943
47.302650
53.127846
59.001556
64.907692
63.099117
68.331421
73.549393
78.738716
83.885170
88.974648
93.993210
98.927094
103.762772
108.486992
113.086807
117.549614
121.863174
126.015663
129.995712
133.792389
137.395309
140.794586
143.980896
146.945526
149.680344
152.177841
154.431168
156.434174
158.181351
159.667908
160.889786
161.843628
162.526825
162.937485
163.074493
162.937485
162.526825
161.843643
160.889816
159.667938
158.181381
156.434204
154.431213
152.177887
149.680389
146.945587
143.980972
140.794662
137.395401
133.792480
129.995819
126.015778
121.863297
117.549751
113.086960
108.487152
103.762939
98.927261
93.993393
88.974846
83.885368
78.738922
73.549606
68.331650
63.099346
57.867046
52.649086
47.459766
42.313316
37.223835
32.205276
27.271400
22.435719
17.711494
13.111679
8.648872
4.335308
0.182812
-3.797237
-7.593929
-11.196850
-14.596142
-17.782482
-20.747135
-23.481960
-25.979481
-28.232838
-30.235859
-31.983059
-33.469639
-34.691525
-35.645382
-36.328571
-36.739239
-36.876263
-36.739254
-36.328594
-35.645405
-34.691563
-33.469685
-31.983112
-30.235935
-28.232914
-25.979572
-23.482059
-20.747234
-17.782597
-14.596256
-11.196957
-7.594028
-3.797329
0.182739
4.335247
8.648830
13.111656
17.711498
22.435745
27.271442
32.205345
37.223930
42.313431
47.459908
52.649254
57.867237
69.272881
73.653053
78.021217
82.365402
86.673706
90.934311
95.135551
99.265900
103.314034
107.268867
111.119553
114.855545
118.466599
121.942810
125.274666
128.453018
131.469162
134.314835
136.982224
139.464035
141.753448
143.844208
145.730560
147.407349
148.869995
150.114441
151.137329
151.935822
152.507751
152.851532
152.966232
152.851532
152.507751
151.935837
151.137344
150.114471
148.870010
147.407379
145.730591
143.844238
141.753494
139.464081
136.982285
134.314896
131.469238
128.453094
125.274750
121.942917
118.466705
114.855667
111.119682
107.268997
103.314178
99.266045
95.135704
90.934479
86.673874
82.365578
78.021400
73.653236
69.273071
64.892906
60.524742
56.180561
51.872261
47.611656
43.410423
39.280075
35.231941
31.277103
27.426414
23.690422
20.079369
16.603149
13.271290
10.092930
7.076778
4.231102
1.563690
-0.918137
-3.207573
-5.298340
-7.184715
-8.861526
-10.324173
-11.568649
-12.591545
-13.390053
-13.961975
-14.305763
-14.420471
-14.305779
-13.961998
-13.390076
-12.591576
-11.568687
-10.324226
-8.861588
-7.184784
-5.298416
-3.207649
-0.918221
1.563599
4.231003
7.076691
10.092850
13.271217
16.603088
20.079319
23.690388
27.426395
31.277107
35.231960
39.280113
43.410480
47.611732
51.872360
56.180679
60.524887
64.893066
102.995842
106.322449
109.639946
112.939224
116.211250
119.447052
122.637772
125.774643
128.849075
131.852661
134.777145
137.614517
140.356995
142.997086
145.527527
147.941391
150.232056
152.393265
154.419067
156.303925
158.042679
159.630539
161.063171
162.336639
163.447464
164.392593
165.169449
165.775879
166.210236
166.471329
166.558441
166.471344
166.210251
165.775894
165.169464
164.392609
163.447479
162.336670
161.063202
159.630569
158.042709
156.303970
154.419113
152.393311
150.232117
147.941452
145.527588
142.997162
140.357086
137.614609
134.777237
131.852753
128.849182
125.774750
122.637886
119.447174
116.211380
112.939354
109.640083
106.322594
102.995987
99.669380
96.351891
93.052612
89.780594
86.544785
83.354080
80.217201
77.142761
74.139183
71.214699
68.377327
65.634842
62.994751
60.464306
58.050434
55.759758
53.598553
51.572731
49.687859
47.949100
46.361225
44.928577
43.655090
42.544254
41.599113
40.822254
40.215813
39.781452
39.520355
39.433239
39.520348
39.781437
40.215794
40.822231
41.599083
42.544216
43.655045
44.928528
46.361168
47.949039
49.687794
51.572662
53.598476
55.759693
58.050373
60.464249
62.994705
65.634796
68.377304
71.214684
74.139183
77.142776
80.217232
83.354126
86.544846
89.780670
93.052704
96.351997
99.669502
67.087425
71.802666
76.504982
81.181488
85.819359
90.405884
94.928505
99.374809
103.732620
107.989983
112.135239
116.157013
120.044296
123.786438
127.373161
130.794647
134.041519
137.104874
139.976318
142.647980
145.112518
147.363220
149.393860
151.198929
152.773438
154.113098
155.214233
156.073822
156.689484
157.059570
157.183044
157.059570
156.689499
156.073822
155.214249
154.113129
152.773468
151.198959
149.393906
147.363251
145.112579
142.648026
139.976379
137.104950
134.041595
130.794739
127.373260
123.786545
120.044418
116.157143
112.135368
107.990120
103.732765
99.374969
94.928665
90.406059
85.819542
81.181671
76.505180
71.802864
67.087631
62.372398
57.670086
52.993584
48.355717
43.769188
39.246574
34.800270
30.442463
26.185097
22.039841
18.018059
14.130772
10.388630
6.801895
3.380402
0.133530
-2.929832
-5.801292
-8.472977
-10.937546
-13.188255
-15.218933
-17.024010
-18.598541
-19.938217
-21.039360
-21.898949
-22.514626
-22.884712
-23.008194
-22.884727
-22.514648
-21.898972
-21.039391
-19.938255
-18.598595
-17.024071
-15.219002
-13.188332
-10.937630
-8.473068
-5.801399
-2.929939
0.133430
3.380318
6.801815
10.388565
14.130714
18.018021
22.039822
26.185101
30.442486
34.800312
39.246635
43.769272
48.355820
52.993713
57.670235
62.372570
67.992859
70.593857
73.187729
75.767357
78.325684
80.855682
83.350426
85.803078
88.206909
90.555336
92.841919
95.060402
97.204681
99.268906
101.247398
103.134743
104.925766
106.615555
108.199493
109.673218
111.032700
112.274216
113.394356
114.390060
115.258591
115.997559
116.604958
117.079117
117.418732
117.622879
117.690987
117.622879
117.418739
117.079132
116.604965
115.997574
115.258598
114.390076
113.394379
112.274239
111.032730
109.673248
108.199524
106.615601
104.925812
103.134796
101.247452
99.268967
97.204750
95.060471
92.841995
90.555412
88.206993
85.803162
83.350517
80.855774
78.325783
75.767464
73.187836
70.593971
67.992973
65.391975
62.798111
60.218479
57.660160
55.130161
52.635418
50.182770
47.778934
45.430504
43.143921
40.925442
38.781155
36.716934
34.738434
32.851086
31.060059
29.370262
27.786320
26.312580
24.953087
23.711563
22.591408
21.595699
20.727161
19.988178
19.380772
18.906609
18.566990
18.362846
18.294731
18.362839
18.566978
18.906593
19.380753
19.988155
20.727131
21.595665
22.591370
23.711517
24.953041
26.312531
27.786263
29.370205
31.060005
32.851040
34.738392
36.716896
38.781124
40.925423
43.143909
45.430508
47.778946
50.182793
52.635452
55.130207
57.660217
60.218552
62.798195
65.392075
97.888435
100.330994
102.766861
105.189354
107.591835
109.967720
112.310493
114.613739
116.871147
119.076523
121.223816
123.307159
125.320824
127.259300
129.117279
130.889648
132.571579
134.158432
135.645874
137.029831
138.306503
139.472397
140.524292
141.459351
142.274963
142.968933
143.539337
143.984604
144.303528
144.495239
144.559204
144.495239
144.303528
143.984619
143.539337
142.968948
142.274979
141.459366
140.524323
139.472412
138.306534
137.029861
135.645905
134.158478
132.571625
130.889694
129.117325
127.259354
125.320885
123.307220
121.223885
119.076591
116.871223
114.613823
112.310577
109.967812
107.591927
105.189453
102.766960
100.331100
97.888542
95.445984
93.010124
90.587631
88.185150
85.809273
83.466492
81.163246
78.905846
76.700470
74.553169
72.469833
70.456161
68.517685
66.659706
64.887329
63.205399
61.618534
60.131081
58.747112
57.470432
56.304535
55.252617
54.317562
53.501930
52.807961
52.237553
51.792274
51.473347
51.281635
51.217670
51.281628
51.473335
51.792263
52.237537
52.807938
53.501904
54.317528
55.252579
56.304493
57.470387
58.747063
60.131027
61.618481
63.205349
64.887283
66.659668
68.517647
70.456131
72.469810
74.553162
76.700470
78.905853
81.163269
83.466522
85.809311
88.185211
90.587700
93.010201
95.446075
