26.477766
31.081720
35.673058
40.239189
44.767601
49.245880
53.661758
58.003120
62.258080
66.414963
70.462387
74.389252
78.184784
81.838600
85.340675
88.681412
91.851654
94.842705
97.646378
100.254982
102.661369
104.858932
106.841667
108.604126
110.141479
111.449524
112.524658
113.363953
113.965096
114.326447
114.447006
114.326454
113.965111
113.363968
112.524681
111.449547
110.141510
108.604156
106.841698
104.858978
102.661415
100.255035
97.646439
94.842773
91.851738
88.681496
85.340775
81.838707
78.184898
74.389366
70.462517
66.415100
62.258224
58.003277
53.661919
49.246048
44.767776
40.239372
35.673248
31.081917
26.477968
21.874020
17.282688
12.716560
8.188150
3.709871
-0.706001
-5.047367
-9.302324
-13.459211
-17.506632
-21.433496
-25.229040
-28.882860
-32.384941
-35.725685
-38.895927
-41.886986
-44.690681
-47.299309
-49.705704
-51.903290
-53.886047
-55.648521
-57.185890
-58.493950
-59.569099
-60.408401
-61.009552
-61.370903
-61.491470
-61.370918
-61.009575
-60.408432
-59.569130
-58.493988
-57.185944
-55.648582
-53.886108
-51.903374
-49.705788
-47.299393
-44.690781
-41.887093
-38.896019
-35.725769
-32.385017
-28.882921
-25.229090
-21.433535
-17.506651
-13.459208
-9.302301
-5.047327
-0.705940
3.709953
8.188255
12.716686
17.282837
21.874187
29.021452
35.127251
41.216309
47.271946
53.277557
59.216682
65.073051
70.830597
76.473557
81.986450
87.354164
92.561996
97.595665
102.441383
107.085861
111.516365
115.720764
119.687515
123.405762
126.865311
130.056671
132.971100
135.600616
137.938004
139.976852
141.711578
143.137436
144.250519
145.047760
145.526978
145.686874
145.526993
145.047775
144.250549
143.137466
141.711624
139.976883
137.938034
135.600662
132.971161
130.056732
126.865379
123.405846
119.687607
115.720863
111.516479
107.085983
102.441521
97.595818
92.562157
87.354340
81.986626
76.473747
70.830803
65.073265
59.216911
53.277794
47.272190
41.216560
35.127510
29.021719
22.915930
16.826874
10.771244
4.765636
-1.173489
-7.029852
-12.787401
-18.430353
-23.943247
-29.310965
-34.518799
-39.552475
-44.398193
-49.042679
-53.473198
-57.677597
-61.644363
-65.362640
-68.822220
-72.013603
-74.928055
-77.557594
-79.895004
-81.933884
-83.668633
-85.094505
-86.207596
-87.004845
-87.484070
-87.643967
-87.484085
-87.004868
-86.207634
-85.094551
-83.668686
-81.933952
-79.895088
-77.557686
-74.928162
-72.013710
-68.822334
-65.362770
-61.644508
-57.677719
-53.473312
-49.042786
-44.398277
-39.552544
-34.518852
-29.310991
-23.943243
-18.430326
-12.787348
-7.029772
-1.173380
4.765774
10.771412
16.827072
22.916155
24.660583
31.321869
37.964897
44.571457
51.123444
57.602898
63.992062
70.273422
76.429749
82.444199
88.300247
93.981880
99.473495
104.760063
109.827087
114.660660
119.247566
123.575211
127.631729
131.406021
134.887726
138.067291
140.936035
143.486084
145.710419
147.602966
149.158539
150.372894
151.242661
151.765472
151.939911
151.765488
151.242676
150.372925
149.158569
147.603012
145.710449
143.486115
140.936096
138.067352
134.887787
131.406097
127.631821
123.575302
119.247681
114.660789
109.827217
104.760216
99.473663
93.982056
88.300446
82.444397
76.429962
70.273643
63.992298
57.603146
51.123703
44.571724
37.965172
31.322153
24.660875
17.999598
11.356575
4.750021
-1.801962
-8.281414
-14.670574
-20.951927
-27.108265
-33.122704
-38.978764
-44.660393
-50.152023
-55.438591
-60.505623
-65.339218
-69.926117
-74.253777
-78.310326
-82.084648
-85.566376
-88.745987
-91.614754
-94.164810
-96.389175
-98.281754
-99.837349
-101.051704
-101.921478
-102.444305
-102.618752
-102.444321
-101.921509
-101.051743
-99.837395
-98.281815
-96.389252
-94.164902
-91.614845
-88.746094
-85.566498
-82.084778
-78.310471
-74.253929
-69.926254
-65.339340
-60.505737
-55.438683
-50.152100
-44.660446
-38.978790
-33.122704
-27.108234
-20.951870
-14.670486
-8.281296
-1.801813
4.750202
11.356790
17.999844
24.569277
32.710045
40.828499
48.902393
56.909584
64.828140
72.636345
80.312798
87.836464
95.186729
102.343422
109.286949
115.998268
122.458984
128.651413
134.558533
140.164200
145.453003
150.410492
155.023056
159.278061
163.163818
166.669708
169.786118
172.504486
174.817383
176.718445
178.202499
179.265457
179.904388
180.117569
179.904404
179.265472
178.202530
176.718491
174.817429
172.504532
169.786163
166.669769
163.163895
159.278137
155.023148
150.410599
145.453125
140.164337
134.558685
128.651566
122.459175
115.998474
109.287163
102.343651
95.186966
87.836731
80.313072
72.636635
64.828438
56.909897
48.902718
40.828838
32.710392
24.569633
16.428875
8.310425
0.236544
-7.770647
-15.689196
-23.497396
-31.173853
-38.697517
-46.047783
-53.204483
-60.148010
-66.859337
-73.320068
-79.512489
-85.419632
-91.025299
-96.314133
-101.271652
-105.884262
-110.139282
-114.025085
-117.531006
-120.647446
-123.365845
-125.678757
-127.579865
-129.063934
-130.126892
-130.765839
-130.979019
-130.765854
-130.126923
-129.063980
-127.579926
-125.678833
-123.365936
-120.647552
-117.531128
-114.025223
-110.139435
-105.884415
-101.271828
-96.314316
-91.025467
-85.419785
-79.512627
-73.320175
-66.859428
-60.148079
-53.204514
-46.047775
-38.697479
-31.173784
-23.497290
-15.689051
-7.770464
0.236765
8.310688
16.429174
21.149132
29.585503
37.998749
46.365818
54.663765
62.869850
70.961578
78.916779
86.713646
94.330803
101.747368
108.943024
115.898041
122.593361
129.010620
135.132248
140.941467
146.422333
151.559814
156.339874
160.749390
164.776245
168.409424
171.639008
174.456085
176.852966
178.823059
180.360992
181.462555
182.124695
182.345612
182.124695
181.462555
180.361023
178.823090
176.852997
174.456116
171.639069
168.409485
164.776306
160.749451
156.339966
151.559937
146.422455
140.941605
135.132416
129.010803
122.593552
115.898254
108.943245
101.747604
94.331055
86.713913
78.917068
70.961884
62.870159
54.664089
46.366154
37.999100
29.585863
21.149502
12.713140
4.299898
-4.067158
-12.365101
-20.571182
-28.662910
-36.618111
-44.414970
-52.032127
-59.448700
-66.644356
-73.599380
-80.294708
-86.711990
-92.833626
-98.642845
-104.123726
-109.261253
-114.041359
-118.450890
-122.477791
-126.111015
-129.340607
-132.157715
-134.554626
-136.524750
-138.062714
-139.164276
-139.826416
-140.047333
-139.826447
-139.164307
-138.062744
-136.524811
-134.554688
-132.157806
-129.340729
-126.111137
-122.477928
-118.451042
-114.041512
-109.261436
-104.123917
-98.643021
-92.833786
-86.712135
-80.294823
-73.599480
-66.644424
-59.448738
-52.032127
-44.414932
-36.618038
-28.662800
-20.571033
-12.364910
-4.066927
4.300171
12.713450
23.965773
32.226063
40.463715
48.656143
56.780899
64.815704
72.738556
80.527718
88.161842
95.620018
102.881790
109.927261
116.737114
123.292686
129.576019
135.569870
141.257828
146.624298
151.654572
156.334854
160.652328
164.595139
168.152512
171.314667
174.072952
176.419800
178.348785
179.854630
180.933182
181.581497
181.797806
181.581512
180.933197
179.854660
178.348816
176.419846
174.072998
171.314728
168.152573
164.595215
160.652420
156.334961
151.654678
146.624420
141.257980
135.570023
129.576187
123.292877
116.737320
109.927475
102.882027
95.620262
88.162109
80.527992
72.738846
64.816017
56.781219
48.656471
40.464054
32.226418
23.966135
15.705853
7.468212
-0.724211
-8.848959
-16.883768
-24.806608
-32.595772
-40.229897
-47.688072
-54.949844
-61.995316
-68.805176
-75.360764
-81.644104
-87.637978
-93.325943
-98.692429
-103.722733
-108.403061
-112.720551
-116.663406
-120.220810
-123.382996
-126.141312
-128.488190
-130.417191
-131.923050
-133.001617
-133.649933
-133.866257
-133.649963
-133.001648
-131.923096
-130.417252
-128.488266
-126.141403
-123.383102
-120.220932
-116.663544
-112.720703
-108.403214
-103.722908
-98.692612
-93.326111
-87.638123
-81.644241
-75.360878
-68.805275
-61.995384
-54.949883
-47.688065
-40.229858
-32.595695
-24.806501
-16.883623
-8.848776
-0.723984
7.468477
15.706158
15.235662
23.226433
31.195301
39.120426
46.980080
54.752731
62.417061
69.952080
77.337112
84.551949
91.576775
98.392365
104.980019
111.321701
117.400017
123.198296
128.700668
133.892029
138.758179
143.285751
147.462341
151.276505
154.717804
157.776779
160.445068
162.715347
164.581390
166.038101
167.081467
167.708633
167.917877
167.708633
167.081482
166.038132
164.581421
162.715393
160.445114
157.776840
154.717865
151.276581
147.462433
143.285843
138.758286
133.892151
128.700806
123.198448
117.400177
111.321877
104.980217
98.392570
91.577003
84.552185
77.337372
69.952347
62.417343
54.753021
46.980392
39.120743
31.195633
23.226774
15.236013
7.245252
-0.723609
-8.648726
-16.508377
-24.281023
-31.945353
-39.480362
-46.865402
-54.080231
-61.105064
-67.920654
-74.508316
-80.850006
-86.928329
-92.726631
-98.229012
-103.420395
-108.286568
-112.814186
-116.990807
-120.805016
-124.246330
-127.305351
-129.973663
-132.243973
-134.110046
-135.566757
-136.610138
-137.237305
-137.446564
-137.237320
-136.610168
-135.566803
-134.110092
-132.244034
-129.973755
-127.305458
-124.246452
-120.805153
-116.990944
-112.814339
-108.286736
-103.420570
-98.229172
-92.726776
-86.928467
-80.850113
-74.508408
-67.920715
-61.105095
-54.080223
-46.865372
-39.480293
-31.945250
-24.280882
-16.508198
-8.648506
-0.723352
7.245546
13.496993
21.053566
28.589424
36.083920
43.516499
50.866802
58.114677
65.240250
72.224007
79.046799
85.689919
92.135162
98.364868
104.361954
110.109985
115.593208
120.796600
125.705879
130.307602
134.589157
138.538803
142.145721
145.400024
148.292786
150.816086
152.962997
154.727646
156.105209
157.091873
157.684967
157.882843
157.684967
157.091888
156.105240
154.727692
152.963043
150.816132
148.292847
145.400085
142.145798
138.538895
134.589249
130.307693
125.705986
120.796722
115.593353
110.110146
104.362122
98.365051
92.135361
85.690132
79.047028
72.224251
65.240509
58.114944
50.867081
43.516792
36.084217
28.589737
21.053886
13.497325
5.940761
-1.595092
-9.089576
-16.522156
-23.872452
-31.120323
-38.245899
-45.229656
-52.052444
-58.695572
-65.140816
-71.370522
-77.367622
-83.115662
-88.598900
-93.802292
-98.711586
-103.313347
-107.594940
-111.544617
-115.151566
-118.405899
-121.298691
-123.822021
-125.968948
-127.733627
-129.111191
-130.097870
-130.690964
-130.888855
-130.690979
-130.097900
-129.111237
-127.733688
-125.969025
-123.822098
-121.298798
-118.406006
-115.151703
-111.544754
-107.595085
-103.313507
-98.711761
-93.802444
-88.599037
-83.115791
-77.367722
-71.370613
-65.140877
-58.695602
-52.052444
-45.229622
-38.245838
-31.120224
-23.872318
-16.521984
-9.089370
-1.594849
5.941040
12.036265
19.112123
26.168587
33.186317
40.146072
47.028782
53.815582
60.487865
67.027344
73.416100
79.636612
85.671844
91.505241
97.120819
102.503189
107.637589
112.509972
117.106941
121.415924
125.425117
129.123505
132.500977
135.548248
138.256989
140.619766
142.630112
144.282501
145.572418
146.496323
147.051682
147.236969
147.051682
146.496338
145.572449
144.282532
142.630142
140.619812
138.257034
135.548309
132.501038
129.123581
125.425194
121.416023
117.107048
112.510086
107.637726
102.503334
97.120979
91.505417
85.672028
79.636810
73.416313
67.027565
60.488102
53.815830
47.029045
40.146343
33.186600
26.168880
19.112425
12.036576
4.960725
-2.095732
-9.113452
-16.073204
-22.955910
-29.742706
-36.414989
-42.954468
-49.343227
-55.563747
-61.598972
-67.432381
-73.047974
-78.430351
-83.564766
-88.437141
-93.034134
-97.343155
-101.352371
-105.050789
-108.428284
-111.475586
-114.184357
-116.547157
-118.557518
-120.209938
-121.499855
-122.423775
-122.979134
-123.164436
-122.979149
-122.423805
-121.499901
-120.209984
-118.557579
-116.547234
-114.184448
-111.475693
-108.428406
-105.050919
-101.352509
-97.343307
-93.034294
-88.437286
-83.564896
-78.430473
-73.048065
-67.432465
-61.599033
-55.563770
-49.343224
-42.954437
-36.414928
-29.742615
-22.955788
-16.073048
-9.113259
-2.095504
4.960986
19.085180
26.813404
34.520443
42.185181
49.786598
57.303864
64.716377
72.003815
79.146210
86.123985
92.918007
99.509659
105.880875
112.014183
117.892792
123.500565
128.822144
133.842941
138.549194
142.928024
146.967392
150.656235
153.984451
156.942932
159.523544
161.719223
163.523956
164.932816
165.941895
166.548447
166.750824
166.548462
165.941910
164.932831
163.524002
161.719269
159.523590
156.942978
153.984512
150.656296
146.967468
142.928101
138.549301
133.843063
128.822281
123.500710
117.892952
112.014359
105.881065
99.509865
92.918228
86.124214
79.146454
72.004074
64.716652
57.304146
49.786896
42.185486
34.520763
26.813732
19.085520
11.357305
3.650271
-4.014456
-11.615868
-19.133131
-26.545641
-33.833084
-40.975479
-47.953247
-54.747276
-61.338928
-67.710144
-73.843468
-79.722084
-85.329872
-90.651459
-95.672279
-100.378563
-104.757423
-108.796814
-112.485695
-115.813957
-118.772453
-121.353096
-123.548805
-125.353569
-126.762428
-127.771523
-128.378098
-128.580475
-128.378113
-127.771553
-126.762474
-125.353615
-123.548882
-121.353188
-118.772560
-115.814064
-112.485832
-108.796959
-104.757568
-100.378731
-95.672455
-90.651619
-85.330009
-79.722214
-73.843575
-67.710236
-61.338989
-54.747307
-47.953247
-40.975441
-33.833015
-26.545542
-19.132998
-11.615694
-4.014244
3.650519
11.357590
26.188492
35.831009
45.447094
55.010395
64.494698
73.874001
83.122604
92.215157
101.126732
109.832916
118.309822
126.534241
134.483612
142.136154
149.470901
156.467728
163.107483
169.371933
175.243942
180.707397
185.747330
190.349899
194.502533
198.193832
201.413666
204.153229
206.404984
208.162811
209.421844
210.178650
210.431152
210.178665
209.421860
208.162842
206.405029
204.153275
201.413727
198.193893
194.502609
190.349991
185.747421
180.707504
175.244064
169.372070
163.107651
156.467911
149.471100
142.136383
134.483856
126.534492
118.310097
109.833199
101.127037
92.215477
83.122948
73.874359
64.495071
55.010780
45.447495
35.831421
26.188915
16.546410
6.930332
-2.632959
-12.117256
-21.496555
-30.745155
-39.837708
-48.749283
-57.455460
-65.932381
-74.156792
-82.106178
-89.758728
-97.093483
-104.090332
-110.730087
-116.994568
-122.866608
-128.330124
-133.370071
-137.972702
-142.125366
-145.816696
-149.036575
-151.776169
-154.027969
-155.785797
-157.044846
-157.801651
-158.054169
-157.801682
-157.044876
-155.785858
-154.028030
-151.776245
-149.036682
-145.816833
-142.125519
-137.972870
-133.370255
-128.330307
-122.866821
-116.994781
-110.730286
-104.090515
-97.093651
-89.758865
-82.106285
-74.156868
-65.932419
-57.455460
-48.749237
-39.837624
-30.745029
-21.496387
-12.117039
-2.632696
6.930641
16.546764
38.678642
48.646992
58.588017
68.474472
78.279259
87.975502
97.536629
106.936432
116.149139
125.149513
133.912872
142.415192
150.633179
158.544312
166.126923
173.360168
180.224304
186.700439
192.770844
198.418915
203.629150
208.387268
212.680206
216.496246
219.824890
222.657013
224.984863
226.802094
228.103668
228.886047
229.147095
228.886078
228.103699
226.802124
224.984924
222.657074
219.824951
216.496307
212.680298
208.387360
203.629272
198.419037
192.770996
186.700562
180.224457
173.360352
166.127106
158.544540
150.633423
142.415466
133.913147
125.149803
116.149452
106.936760
97.536987
87.975876
78.279648
68.474869
58.588428
48.647415
38.679081
28.710743
18.769726
8.883280
-0.921501
-10.617741
-20.178864
-29.578659
-38.791374
-47.791740
-56.555107
-65.057434
-73.275436
-81.186577
-88.769188
-96.002464
-102.866585
-109.342751
-115.413216
-121.061333
-126.271599
-131.029755
-135.322754
-139.138824
-142.467499
-145.299652
-147.627533
-149.444794
-150.746368
-151.528748
-151.789795
-151.528778
-150.746399
-149.444824
-147.627625
-145.299744
-142.467621
-139.138947
-135.322906
-131.029938
-126.271782
-121.061531
-115.413429
-109.342979
-102.866783
-96.002647
-88.769356
-81.186714
-73.275551
-65.057510
-56.555145
-47.791740
-38.791328
-29.578575
-20.178734
-10.617565
-0.921276
8.883553
18.770046
28.711109
46.037140
55.312565
64.562569
73.761795
82.885025
91.907257
100.803772
109.550171
118.122482
126.497223
134.651413
142.562729
150.209473
157.570679
164.626190
171.356644
177.743622
183.769592
189.418045
194.673508
199.521576
203.948929
207.943466
211.494232
214.591492
217.226761
219.392807
221.083694
222.294800
223.022797
223.265686
223.022812
222.294830
221.083740
219.392838
217.226807
214.591553
211.494293
207.943542
203.949020
199.521667
194.673615
189.418167
183.769730
177.743790
171.356827
164.626373
157.570892
150.209686
142.562973
134.651672
126.497498
118.122780
109.550484
100.804100
91.907608
82.885384
73.762161
64.562950
55.312962
46.037548
36.762131
27.512136
18.312922
9.189693
0.167461
-8.729046
-17.475441
-26.047752
-34.422493
-42.576691
-50.488007
-58.134750
-65.495972
-72.551498
-79.281975
-85.668961
-91.694946
-97.343445
-102.598953
-107.447037
-111.874435
-115.869019
-119.419815
-122.517105
-125.152405
-127.318481
-129.009384
-130.220505
-130.948502
-131.191406
-130.948532
-130.220551
-129.009445
-127.318542
-125.152481
-122.517212
-119.419952
-115.869156
-111.874603
-107.447205
-102.599121
-97.343643
-91.695160
-85.669144
-79.282143
-72.551651
-65.496101
-58.134857
-50.488075
-42.576729
-34.422485
-26.047714
-17.475361
-8.728924
0.167625
9.189899
18.313175
27.512436
36.762474
48.214806
57.871067
67.500854
77.077789
86.575607
95.968285
105.230072
114.335587
123.259865
131.978455
140.467438
148.703583
156.664276
164.327728
171.672943
178.679749
185.328949
191.602356
197.482727
202.953949
208.001068
212.610229
216.768768
220.465332
223.689758
226.433197
228.688171
230.448517
231.709351
232.467224
232.720093
232.467224
231.709351
230.448547
228.688232
226.433258
223.689789
220.465393
216.768829
212.610291
208.001160
202.954071
197.482849
191.602478
185.329132
178.679932
171.673126
164.327957
156.664520
148.703842
140.467712
131.978729
123.260170
114.335907
105.230415
95.968643
86.575989
77.078178
67.501259
57.871479
48.215229
38.558979
28.929195
19.352272
9.854458
0.461788
-8.799995
-17.905502
-26.829788
-35.548378
-44.037369
-52.273514
-60.234222
-67.897690
-75.242897
-82.249718
-88.898933
-95.172340
-101.052757
-106.524055
-111.571205
-116.180382
-120.338966
-124.035561
-127.260033
-130.003510
-132.258514
-134.018860
-135.279694
-136.037598
-136.290466
-136.037628
-135.279755
-134.018921
-132.258606
-130.003601
-127.260139
-124.035698
-120.339119
-116.180550
-111.571373
-106.524239
-101.052971
-95.172569
-88.899132
-82.249901
-75.243065
-67.897820
-60.234337
-52.273590
-44.037415
-35.548370
-26.829742
-17.905426
-8.799870
0.461960
9.854675
19.352537
28.929506
38.559334
31.543089
39.629494
47.693729
55.713703
63.667419
71.533089
79.289154
86.914345
94.387764
101.688942
108.797844
115.695000
122.361496
128.779068
134.930130
140.797806
146.366028
151.619522
156.543900
161.125671
165.352249
169.212067
172.694550
175.790131
178.490356
180.787796
182.676178
184.150330
185.206177
185.840851
186.052597
185.840851
185.206192
184.150345
182.676208
180.787842
178.490402
175.790192
172.694611
169.212143
165.352341
161.125763
156.544022
151.619644
146.366165
140.797958
134.930298
128.779251
122.361702
115.695213
108.798073
101.689178
94.388023
86.914612
79.289436
71.533394
63.667732
55.714027
47.694065
39.629837
31.543444
23.457050
15.392818
7.372854
-0.580862
-8.446527
-16.202585
-23.827776
-31.301199
-38.602371
-45.711273
-52.608437
-59.274940
-65.692520
-71.843590
-77.711288
-83.279518
-88.533028
-93.457443
-98.039246
-102.265854
-106.125702
-109.608215
-112.703842
-115.404083
-117.701553
-119.589966
-121.064117
-122.119965
-122.754654
-122.966415
-122.754669
-122.120010
-121.064163
-119.590012
-117.701630
-115.404175
-112.703949
-109.608337
-106.125839
-102.266006
-98.039398
-93.457619
-88.533211
-83.279678
-77.711433
-71.843727
-65.692635
-59.275032
-52.608498
-45.711311
-38.602364
-31.301161
-23.827707
-16.202478
-8.446383
-0.580679
7.373075
15.393078
23.457348
33.183102
40.048630
46.895340
53.704464
60.457340
67.135460
73.720520
80.194473
86.539566
92.738411
98.774017
104.629852
110.289856
115.738510
120.960892
125.942673
130.670212
135.130539
139.311447
143.201462
146.789917
150.066971
153.023666
155.651901
157.944443
159.895020
161.498291
162.749878
163.646317
164.185165
164.364944
164.185165
163.646332
162.749893
161.498322
159.895050
157.944473
155.651947
153.023727
150.067032
146.789978
143.201538
139.311539
135.130646
130.670334
125.942795
120.961029
115.738663
110.290024
104.630035
98.774216
92.738617
86.539780
80.194702
73.720764
67.135712
60.457603
53.704735
46.895622
40.048920
33.183403
26.317883
19.471180
12.662062
5.909189
-0.768929
-7.353985
-13.827934
-20.173027
-26.371876
-32.407490
-38.263325
-43.923328
-49.371990
-54.594379
-59.576176
-64.303726
-68.764069
-72.944992
-76.835037
-80.423523
-83.700623
-86.657349
-89.285583
-91.578156
-93.528763
-95.132050
-96.383636
-97.280090
-97.818939
-97.998734
-97.818954
-97.280121
-96.383682
-95.132095
-93.528824
-91.578232
-89.285690
-86.657440
-83.700729
-80.423645
-76.835175
-72.945145
-68.764221
-64.303864
-59.576298
-54.594494
-49.372082
-43.923405
-38.263378
-32.407520
-26.371872
-20.172997
-13.827873
-7.353893
-0.768806
5.909344
12.662249
19.471401
26.318136
28.942104
36.421333
43.880062
51.297852
58.654358
65.929428
73.103119
80.155769
87.068047
93.820999
100.396133
106.775406
112.941345
118.877060
124.566254
129.993347
135.143494
140.002518
144.557144
148.794891
152.704117
156.274109
159.495102
162.358261
164.855728
166.980667
168.727264
170.090714
171.067291
171.654312
171.850159
171.654312
171.067307
170.090744
168.727295
166.980713
164.855774
162.358307
159.495163
156.274185
152.704193
148.794968
144.557251
140.002640
135.143616
129.993500
124.566406
118.877228
112.941528
106.775604
100.396347
93.821228
87.068283
80.156021
73.103386
65.929703
58.654648
51.298149
43.880371
36.421654
28.942432
21.463211
14.004488
6.586710
-0.769796
-8.044865
-15.218552
-22.271198
-29.183475
-35.936436
-42.511562
-48.890842
-55.056789
-60.992504
-66.681717
-72.108826
-77.258972
-82.118011
-86.672668
-90.910446
-94.819702
-98.389725
-101.610748
-104.473938
-106.971436
-109.096405
-110.843018
-112.206482
-113.183060
-113.770081
-113.965942
-113.770096
-113.183090
-112.206512
-110.843063
-109.096466
-106.971512
-104.474045
-101.610855
-98.389862
-94.819839
-90.910599
-86.672836
-82.118179
-77.259125
-72.108963
-66.681839
-60.992603
-55.056873
-48.890903
-42.511593
-35.936428
-29.183441
-22.271133
-15.218452
-8.044731
-0.769627
6.586914
14.004728
21.463486
29.799288
36.869591
43.920509
50.932732
57.887020
64.764328
71.545792
78.212837
84.747185
91.130920
97.346550
103.377045
109.205856
114.817024
120.195175
125.325539
130.194092
134.787460
139.093063
143.099106
146.794586
150.169403
153.214279
155.920898
158.281815
160.290573
161.941666
163.230576
164.153748
164.708664
164.893814
164.708679
164.153763
163.230591
161.941696
160.290604
158.281845
155.920944
153.214340
150.169464
146.794662
143.099182
139.093155
134.787567
130.194214
125.325676
120.195320
114.817184
109.206032
103.377228
97.346748
91.131134
84.747406
78.213074
71.546043
64.764587
57.887291
50.933014
43.920803
36.869892
29.799599
22.729305
15.678389
8.666178
1.711891
-5.165411
-11.946875
-18.613920
-25.148264
-31.532003
-37.747643
-43.778130
-49.606956
-55.218132
-60.596283
-65.726669
-70.595222
-75.188599
-79.494232
-83.500305
-87.195824
-90.570663
-93.615578
-96.322212
-98.683167
-100.691940
-102.343063
-103.631973
-104.555161
-105.110092
-105.295242
-105.110107
-104.555191
-103.632019
-102.343109
-100.692001
-98.683243
-96.322311
-93.615677
-90.570778
-87.195946
-83.500443
-79.494385
-75.188766
-70.595367
-65.726799
-60.596405
-55.218231
-49.607033
-43.778191
-37.747665
-31.532000
-25.148233
-18.613859
-11.946783
-5.165285
1.712049
8.666372
15.678616
22.729565
34.146191
40.548828
46.933914
53.283955
59.581535
65.809402
71.950485
77.987946
83.905235
89.686142
95.314819
100.775833
106.054230
111.135513
116.005798
120.651688
125.060501
129.220093
133.119110
136.746857
140.093369
143.149490
145.906830
148.357849
150.495834
152.314896
153.810074
154.977264
155.813263
156.315781
156.483444
156.315796
155.813278
154.977295
153.810104
152.314941
150.495865
148.357895
145.906891
143.149551
140.093430
136.746933
133.119202
129.220200
125.060608
120.651825
116.005920
111.135666
106.054382
100.776001
95.315002
89.686340
83.905441
77.988159
71.950714
65.809639
59.581783
53.284210
46.934181
40.549103
34.146473
27.743841
21.358759
15.008726
8.711147
2.483284
-3.657791
-9.695251
-15.612545
-21.393456
-27.022133
-32.483150
-37.761547
-42.842846
-47.713131
-52.359043
-56.767841
-60.927464
-64.826508
-68.454269
-71.800812
-74.856964
-77.614334
-80.065384
-82.203384
-84.022461
-85.517670
-86.684860
-87.520874
-88.023392
-88.191071
-88.023407
-87.520905
-86.684906
-85.517700
-84.022522
-82.203445
-80.065460
-77.614426
-74.857071
-71.800934
-68.454391
-64.826645
-60.927608
-56.767979
-52.359158
-47.713238
-42.842937
-37.761616
-32.483204
-27.022156
-21.393452
-15.612514
-9.695198
-3.657707
2.483398
8.711292
15.008902
21.358965
27.744078
27.416973
33.994774
40.554543
47.078308
53.548180
59.946423
66.255508
72.458145
78.537323
84.476379
90.259048
95.869461
101.292252
106.512573
111.516083
116.289078
120.818497
125.091904
129.097580
132.824570
136.262634
139.402359
142.235153
144.753220
146.949692
148.818527
150.354599
151.553726
152.412598
152.928864
153.101120
152.928879
152.412613
151.553757
150.354630
148.818558
146.949722
144.753265
142.235199
139.402420
136.262711
132.824646
129.097672
125.091995
120.818619
116.289215
111.516220
106.512711
101.292419
95.869644
90.259232
84.476578
78.537529
72.458359
66.255737
59.946667
53.548431
47.078568
40.554817
33.995052
27.417261
20.839470
14.279704
7.755949
1.286081
-5.112164
-11.421246
-17.623878
-23.703056
-29.642117
-35.424786
-41.035206
-46.458004
-51.678318
-56.681843
-61.454861
-65.984283
-70.257690
-74.263397
-77.990417
-81.428513
-84.568268
-87.401077
-89.919189
-92.115677
-93.984528
-95.520630
-96.719757
-97.578644
-98.094910
-98.267166
-98.094925
-97.578674
-96.719803
-95.520676
-93.984589
-92.115753
-89.919266
-87.401184
-84.568375
-81.428635
-77.990555
-74.263550
-70.257843
-65.984406
-61.454975
-56.681957
-51.678410
-46.458080
-41.035259
-35.424809
-29.642113
-23.703026
-17.623821
-11.421158
-5.112045
1.286230
7.756128
14.279916
20.839710
30.334959
37.516575
44.678505
51.801125
58.864899
65.850479
72.738716
79.510727
86.147942
92.632187
98.945679
105.071114
110.991699
116.691208
122.154022
127.365166
132.310364
136.976044
141.349426
145.418549
149.172211
152.600159
155.692978
158.442200
160.840302
162.880676
164.557770
165.866974
166.804672
167.368332
167.556396
167.368347
166.804688
165.866989
164.557800
162.880722
160.840332
158.442245
155.693024
152.600220
149.172287
145.418625
141.349533
136.976151
132.310486
127.365303
122.154175
116.691368
110.991875
105.071304
98.945885
92.632401
86.148170
79.510963
72.738968
65.850746
58.865177
51.801407
44.678802
37.516880
30.335274
23.153667
15.991742
8.869133
1.805359
-5.180220
-12.068449
-18.840456
-25.477678
-31.961924
-38.275414
-44.400848
-50.321442
-56.020958
-61.483788
-66.694939
-71.640144
-76.305840
-80.679260
-84.748405
-88.502098
-91.930069
-95.022926
-97.772171
-100.170288
-102.210693
-103.887817
-105.197021
-106.134735
-106.698410
-106.886475
-106.698425
-106.134766
-105.197067
-103.887863
-102.210770
-100.170380
-97.772278
-95.023033
-91.930191
-88.502228
-84.748543
-80.679413
-76.306007
-71.640289
-66.695076
-61.483910
-56.021057
-50.321518
-44.400902
-38.275444
-31.961920
-25.477648
-18.840395
-12.068357
-5.180090
1.805521
8.869329
15.991973
23.153931
30.381363
37.205338
44.010609
50.778522
57.490528
64.128227
70.673431
77.108200
83.414886
89.576225
95.575302
101.395691
107.021431
112.437111
117.627884
122.579514
127.278442
131.711777
135.867371
139.733841
143.300583
146.557816
149.496613
152.108932
154.387604
156.326370
157.919952
159.163940
160.054962
160.590546
160.769241
160.590561
160.054977
159.163971
157.919983
156.326416
154.387634
152.108978
149.496674
146.557877
143.300659
139.733917
135.867462
131.711884
127.278564
122.579643
117.628029
112.437271
107.021606
101.395874
95.575493
89.576431
83.415108
77.108429
70.673676
64.128479
57.490791
50.778793
44.010891
37.205627
30.381662
23.557695
16.752430
9.984524
3.272522
-3.365177
-9.910378
-16.345142
-22.651836
-28.813168
-34.812248
-40.632645
-46.258392
-51.674072
-56.864853
-61.816498
-66.515434
-70.948784
-75.104408
-78.970909
-82.537674
-85.794930
-88.733765
-91.346100
-93.624794
-95.563591
-97.157181
-98.401199
-99.292221
-99.827820
-100.006516
-99.827835
-99.292252
-98.401230
-97.157234
-95.563652
-93.624870
-91.346199
-88.733864
-85.795052
-82.537796
-78.971039
-75.104553
-70.948936
-66.515572
-61.816628
-56.864975
-51.674171
-46.258469
-40.632698
-34.812279
-28.813164
-22.651802
-16.345085
-9.910290
-3.365055
3.272675
9.984711
16.752651
23.557947
33.320263
37.241604
41.152195
45.041321
48.898319
52.712616
56.473766
60.171448
63.795540
67.336098
70.783417
74.128052
77.360840
80.472916
83.455750
86.301163
89.001366
91.548943
93.936920
96.158752
98.208359
100.080093
101.768845
103.269989
104.579407
105.693512
106.609238
107.324097
107.836121
108.143890
108.246567
108.143890
107.836121
107.324112
106.609268
105.693542
104.579437
103.270020
101.768875
100.080124
98.208389
96.158798
93.936974
91.548996
89.001434
86.301239
83.455826
80.473007
77.360939
74.128159
70.783524
67.336212
63.795662
60.171581
56.473904
52.712761
48.898468
45.041477
41.152359
37.241772
33.320435
29.399099
25.488510
21.599388
17.742393
13.928095
10.166950
6.469265
2.845179
-0.695381
-4.142704
-7.487343
-10.720131
-13.832211
-16.815048
-19.660473
-22.360672
-24.908260
-27.296257
-29.518108
-31.567722
-33.439480
-35.128254
-36.629414
-37.938847
-39.052959
-39.968700
-40.683559
-41.195576
-41.503353
-41.606045
-41.503361
-41.195599
-40.683582
-39.968723
-39.052990
-37.938885
-36.629467
-35.128307
-33.439541
-31.567791
-29.518185
-27.296341
-24.908348
-22.360752
-19.660542
-16.815117
-13.832264
-10.720177
-7.487373
-4.142719
-0.695377
2.845196
6.469299
10.167002
13.928164
17.742481
21.599497
25.488636
29.399244
43.997910
48.942497
53.873535
58.777504
63.640961
68.450577
73.193169
77.855743
82.425507
86.889954
91.236832
95.454231
99.530594
103.454742
107.215927
110.803833
114.208633
117.420990
120.432091
123.233704
125.818130
128.178284
130.307709
132.200577
133.851685
135.256500
136.411179
137.312561
137.958191
138.346283
138.475754
138.346283
137.958191
137.312592
136.411194
135.256531
133.851715
132.200607
130.307755
128.178329
125.818176
123.233757
120.432159
117.421059
114.208717
110.803932
107.216034
103.454857
99.530716
95.454361
91.236969
86.890106
82.425667
77.855911
73.193344
68.450760
63.641151
58.777699
53.873737
48.942711
43.998127
39.053543
34.122513
29.218550
24.355095
19.545481
14.802889
10.140316
5.570549
1.106102
-3.240776
-7.458176
-11.534542
-15.458698
-19.219891
-22.807808
-26.212608
-29.424973
-32.436096
-35.237732
-37.822174
-40.182350
-42.311806
-44.204681
-45.855797
-47.260635
-48.415337
-49.316734
-49.962357
-50.350449
-50.479935
-50.350456
-49.962379
-49.316765
-48.415367
-47.260681
-45.855858
-44.204750
-42.311874
-40.182442
-37.822266
-35.237823
-32.436203
-29.425079
-26.212708
-22.807892
-19.219975
-15.458767
-11.534599
-7.458218
-3.240795
1.106106
5.570572
10.140358
14.802954
19.545568
24.355207
29.218685
34.122673
39.053726
24.470154
29.319855
34.156261
38.966118
43.736244
48.453564
53.105148
57.678242
62.160316
66.539085
70.802544
74.939011
78.937149
82.785988
86.474991
89.994049
93.333511
96.484215
99.437538
102.185379
104.720215
107.035080
109.123642
110.980179
112.599594
113.977448
115.109978
115.994072
116.627304
117.007935
117.134933
117.007942
116.627312
115.994087
115.110001
113.977478
112.599617
110.980209
109.123680
107.035118
104.720261
102.185440
99.437599
96.484283
93.333595
89.994141
86.475098
82.786102
78.937271
74.939140
70.802681
66.539230
62.160469
57.678402
53.105316
48.453743
43.736435
38.966312
34.156464
29.320061
24.470367
19.620672
14.784269
9.974416
5.204292
0.486977
-4.164604
-8.737698
-13.219772
-17.598541
-21.862003
-25.998470
-29.996609
-33.845459
-37.534473
-41.053535
-44.392998
-47.543716
-50.497055
-53.244926
-55.779770
-58.094658
-60.183243
-62.039795
-63.659233
-65.037102
-66.169647
-67.053749
-67.686981
-68.067627
-68.194626
-68.067635
-67.687004
-67.053780
-66.169678
-65.037148
-63.659286
-62.039864
-60.183319
-58.094742
-55.779861
-53.245018
-50.497162
-47.543823
-44.393097
-41.053619
-37.534554
-33.845528
-29.996666
-25.998512
-21.862022
-17.598541
-13.219749
-8.737656
-4.164541
0.487062
5.204401
9.974548
14.784425
19.620850
33.716652
36.597538
39.470524
42.327744
45.161358
47.963600
50.726799
53.443367
56.105873
58.707008
61.239647
63.696846
66.071869
68.358215
70.549606
72.640045
74.623795
76.495422
78.249786
79.882103
81.387878
82.762985
84.003662
85.106506
86.068497
86.886986
87.559746
88.084930
88.461090
88.687195
88.762634
88.687202
88.461090
88.084938
87.559761
86.887009
86.068512
85.106522
84.003685
82.763016
81.387909
79.882141
78.249832
76.495461
74.623840
72.640099
70.549667
68.358276
66.071945
63.696922
61.239727
58.707092
56.105965
53.443466
50.726898
47.963707
45.161469
42.327858
39.470642
36.597660
33.716778
30.835897
27.962912
25.105698
22.272083
19.469841
16.706646
13.990074
11.327572
8.726435
6.193796
3.736595
1.361568
-0.924778
-3.116177
-5.206615
-7.190369
-9.062000
-10.816383
-12.448711
-13.954494
-15.329617
-16.570305
-17.673161
-18.635159
-19.453659
-20.126431
-20.651615
-21.027779
-21.253891
-21.329334
-21.253899
-21.027790
-20.651630
-20.126450
-19.453686
-18.635189
-17.673199
-16.570347
-15.329666
-13.954548
-12.448765
-10.816448
-9.062065
-7.190430
-5.206669
-3.116226
-0.924816
1.361534
3.736572
6.193785
8.726437
11.327585
13.990099
16.706684
19.469891
22.272148
25.105776
27.963005
30.836002
35.391552
38.561909
41.723576
44.867886
47.986221
51.070038
54.110878
57.100414
60.030445
62.892944
65.680061
68.384163
70.997833
73.513901
75.925491
78.225967
80.409058
82.468735
84.399391
86.195717
87.852791
89.366074
90.731415
91.945068
93.003723
93.904449
94.644814
95.222763
95.636719
95.885551
95.968567
95.885559
95.636734
95.222778
94.644821
93.904472
93.003738
91.945091
90.731438
89.366104
87.852829
86.195755
84.399429
82.468781
80.409103
78.226028
75.925552
73.513977
70.997910
68.384247
65.680153
62.893036
60.030548
57.100521
54.110992
51.070156
47.986343
44.868011
41.723705
38.562042
35.391689
32.221336
29.059675
25.915367
22.797031
19.713219
16.672377
13.682844
10.752811
7.890314
5.103195
2.399094
-0.214577
-2.730656
-5.142246
-7.442734
-9.625816
-11.685509
-13.616173
-15.412518
-17.069603
-18.582893
-19.948250
-21.161919
-22.220577
-23.121326
-23.861694
-24.439651
-24.853611
-25.102444
-25.185467
-25.102451
-24.853626
-24.439667
-23.861713
-23.121353
-22.220615
-21.161961
-19.948296
-18.582951
-17.069660
-15.412579
-13.616241
-11.685581
-9.625881
-7.442791
-5.142300
-2.730701
-0.214615
2.399067
5.103182
7.890314
10.752827
13.682871
16.672419
19.713274
22.797104
25.915453
29.059776
32.221455
21.741951
24.759867
27.769512
30.762634
33.731033
36.666569
39.561199
42.406990
45.196136
47.920998
50.574100
53.148178
55.636173
58.031269
60.326900
62.516766
64.594879
66.555527
68.393349
70.103302
71.680702
73.121216
74.420906
75.576210
76.583954
77.441383
78.146141
78.696304
79.090355
79.327225
79.406250
79.327225
79.090363
78.696320
78.146156
77.441399
76.583969
75.576233
74.420929
73.121246
71.680733
70.103340
68.393387
66.555573
64.594925
62.516827
60.326962
58.031338
55.636250
53.148258
50.574188
47.921085
45.196228
42.407089
39.561306
36.666679
33.731148
30.762756
27.769636
24.759996
21.742083
18.724171
15.714529
12.721408
9.753012
6.817476
3.922848
1.077061
-1.712086
-4.436949
-7.090054
-9.664133
-12.152134
-14.547230
-16.842865
-19.032738
-21.110851
-23.071507
-24.909340
-26.619308
-28.196716
-29.637249
-30.936951
-32.092262
-33.100021
-33.957455
-34.662224
-35.212391
-35.606449
-35.843315
-35.922348
-35.843323
-35.606461
-35.212410
-34.662247
-33.957485
-33.100056
-32.092304
-30.936996
-29.637299
-28.196774
-26.619366
-24.909405
-23.071575
-21.110912
-19.032791
-16.842915
-14.547272
-12.152168
-9.664158
-7.090067
-4.436947
-1.712072
1.077085
3.922888
6.817530
9.753080
12.721491
15.714626
18.724281
