-383 15.573077 976.549744
-383 20.601997 976.418091
-383 25.617134 976.023376
-383 30.604740 975.366760
-383 35.551144 974.450012
-383 40.442791 973.275635
-383 45.266273 971.846802
-383 50.008366 970.167542
-383 54.656075 968.242432
-383 59.196663 966.076660
-383 63.617676 963.676270
-383 67.907005 961.047729
-383 72.052887 958.198364
-383 76.043968 955.135864
-383 79.869301 951.868774
-383 83.518394 948.405884
-383 86.981270 944.756775
-383 90.248405 940.931458
-383 93.310867 936.940369
-383 96.160255 932.794495
-383 98.788765 928.505188
-383 101.189178 924.084167
-383 103.354919 919.543579
-383 105.280060 914.895874
-383 106.959328 910.153809
-383 108.388100 905.330322
-383 109.562485 900.438660
-383 110.479248 895.492249
-383 111.135880 890.504639
-383 111.530579 885.489563
-383 111.662270 880.460632
-383 111.530586 875.431702
-383 111.135887 870.416565
-383 110.479263 865.428955
-383 109.562508 860.482605
-383 108.388130 855.590942
-383 106.959358 850.767456
-383 105.280098 846.025391
-383 103.354958 841.377686
-383 101.189224 836.837097
-383 98.788811 832.416077
-383 96.160316 828.126709
-383 93.310936 823.980835
-383 90.248482 819.989807
-383 86.981354 816.164429
-383 83.518494 812.515381
-383 79.869400 809.052490
-383 76.044083 805.785339
-383 72.053017 802.722900
-383 67.907135 799.873474
-383 63.617821 797.244995
-383 59.196812 794.844543
-383 54.656235 792.678772
-383 50.008533 790.753662
-383 45.266449 789.074341
-383 40.442978 787.645569
-383 35.551338 786.471191
-383 30.604940 785.554443
-383 25.617342 784.897766
-383 20.602211 784.503052
-383 15.573298 784.371399
-383 10.544383 784.503052
-383 5.529252 784.897705
-383 0.541651 785.554382
-383 -4.404752 786.471130
-383 -9.296395 787.645508
-383 -14.119874 789.074219
-383 -18.861965 790.753479
-383 -23.509674 792.678589
-383 -28.050262 794.844360
-383 -32.471279 797.244751
-383 -36.760609 799.873230
-383 -40.906498 802.722595
-383 -44.897583 805.785034
-383 -48.722919 809.052185
-383 -52.372028 812.515015
-383 -55.834904 816.164124
-383 -59.102055 819.989441
-383 -62.164539 823.980530
-383 -65.013954 828.126404
-383 -67.642479 832.415771
-383 -70.042908 836.836792
-383 -72.208679 841.377380
-383 -74.133842 846.025085
-383 -75.813118 850.767212
-383 -77.241913 855.590698
-383 -78.416313 860.482361
-383 -79.333084 865.428772
-383 -79.989716 870.416382
-383 -80.384422 875.431519
-383 -80.516121 880.460510
-383 -80.384438 885.489441
-383 -79.989738 890.504578
-383 -79.333115 895.492188
-383 -78.416344 900.438599
-383 -77.241959 905.330261
-383 -75.813179 910.153809
-383 -74.133911 914.895874
-383 -72.208755 919.543579
-383 -70.042999 924.084229
-383 -67.642570 928.505249
-383 -65.014053 932.794556
-383 -62.164646 936.940491
-383 -59.102169 940.931580
-383 -55.835003 944.756897
-383 -52.372120 948.406006
-383 -48.723011 951.868896
-383 -44.897652 955.136047
-383 -40.906555 958.198486
-383 -36.760651 961.047852
-383 -32.471298 963.676392
-383 -28.050259 966.076782
-383 -23.509651 968.242554
-383 -18.861923 970.167664
-383 -14.119809 971.846924
-383 -9.296308 973.275696
-383 -4.404639 974.450073
-383 0.541788 975.366821
-383 5.529413 976.023438
-383 10.544569 976.418091
-353 4.116940 989.391479
-353 10.184814 989.232605
-353 16.236057 988.756348
-353 22.254082 987.964111
-353 28.222393 986.857910
-353 34.124634 985.440918
-353 39.944622 983.716980
-353 45.666412 981.690735
-353 51.274319 979.367920
-353 56.752972 976.754700
-353 62.087349 973.858398
-353 67.262840 970.686829
-353 72.265244 967.248779
-353 77.080864 963.553589
-353 81.696495 959.611511
-353 86.099480 955.433228
-353 90.277771 951.030212
-353 94.219887 946.414612
-353 97.915039 941.598999
-353 101.353104 936.596558
-353 104.524643 931.421082
-353 107.420967 926.086731
-353 110.034149 920.608093
-353 112.357018 915.000183
-353 114.383209 909.278381
-353 116.107162 903.458435
-353 117.524170 897.556152
-353 118.630333 891.587891
-353 119.422623 885.569824
-353 119.898865 879.518616
-353 120.057762 873.450745
-353 119.898872 867.382874
-353 119.422638 861.331665
-353 118.630356 855.313599
-353 117.524193 849.345337
-353 116.107201 843.443115
-353 114.383247 837.623108
-353 112.357063 831.901306
-353 110.034195 826.293396
-353 107.421028 820.814758
-353 104.524704 815.480408
-353 101.353172 810.304932
-353 97.915123 805.302490
-353 94.219978 800.486877
-353 90.277870 795.871216
-353 86.099602 791.468262
-353 81.696617 787.289978
-353 77.081001 783.347839
-353 72.265396 779.652710
-353 67.263000 776.214661
-353 62.087521 773.043091
-353 56.753151 770.146729
-353 51.274513 767.533569
-353 45.666618 765.210693
-353 39.944839 763.184448
-353 34.124855 761.460510
-353 28.222626 760.043518
-353 22.254322 758.937317
-353 16.236307 758.145020
-353 10.185074 757.668762
-353 4.117207 757.509888
-353 -1.950660 757.668762
-353 -8.001897 758.144958
-353 -14.019916 758.937256
-353 -19.988224 760.043396
-353 -25.890461 761.460388
-353 -31.710449 763.184326
-353 -37.432240 765.210510
-353 -43.040146 767.533325
-353 -48.518799 770.146484
-353 -53.853180 773.042847
-353 -59.028667 776.214355
-353 -64.031075 779.652405
-353 -68.846703 783.347534
-353 -73.462341 787.289612
-353 -77.865341 791.467896
-353 -82.043625 795.870850
-353 -85.985756 800.486450
-353 -89.680939 805.302124
-353 -93.119026 810.304504
-353 -96.290588 815.479980
-353 -99.186943 820.814392
-353 -101.800148 826.293030
-353 -104.123039 831.901001
-353 -106.149254 837.622803
-353 -107.873230 843.442810
-353 -109.290253 849.345032
-353 -110.396423 855.313354
-353 -111.188721 861.331421
-353 -111.664970 867.382690
-353 -111.823875 873.450562
-353 -111.664986 879.518494
-353 -111.188751 885.569702
-353 -110.396461 891.587769
-353 -109.290291 897.556091
-353 -107.873283 903.458374
-353 -106.149323 909.278381
-353 -104.123123 915.000183
-353 -101.800240 920.608093
-353 -99.187050 926.086792
-353 -96.290703 931.421204
-353 -93.119148 936.596680
-353 -89.681068 941.599121
-353 -85.985893 946.414734
-353 -82.043747 951.030396
-353 -77.865448 955.433350
-353 -73.462440 959.611633
-353 -68.846786 963.553772
-353 -64.031143 967.248962
-353 -59.028717 970.687012
-353 -53.853203 973.858521
-353 -48.518795 976.754883
-353 -43.040119 979.368042
-353 -37.432190 981.690918
-353 -31.710373 983.717041
-353 -25.890354 985.441040
-353 -19.988087 986.858032
-353 -14.019750 987.964172
-353 -8.001702 988.756409
-353 -1.950437 989.232666
-323 8.982422 971.418091
-323 15.180376 971.255737
-323 21.361343 970.769287
-323 27.508379 969.960022
-323 33.604637 968.830200
-323 39.633408 967.382813
-323 45.578163 965.621887
-323 51.422615 963.552246
-323 57.150742 961.179565
-323 62.746841 958.510376
-323 68.195572 955.551941
-323 73.482010 952.312439
-323 78.591660 948.800659
-323 83.510513 945.026306
-323 88.225090 940.999634
-323 92.722466 936.731812
-323 96.990326 932.234436
-323 101.016953 927.519836
-323 104.791321 922.601013
-323 108.303085 917.491333
-323 111.542618 912.204895
-323 114.501038 906.756165
-323 117.170235 901.160095
-323 119.542900 895.431946
-323 121.612526 889.587524
-323 123.373444 883.642761
-323 124.820816 877.614014
-323 125.950699 871.517761
-323 126.759972 865.370728
-323 127.246429 859.189758
-323 127.408730 852.991821
-323 127.246437 846.793884
-323 126.759987 840.612915
-323 125.950722 834.465881
-323 124.820847 828.369629
-323 123.373474 822.340881
-323 121.612564 816.396118
-323 119.542946 810.551697
-323 117.170280 804.823547
-323 114.501091 799.227478
-323 111.542679 793.778748
-323 108.303154 788.492310
-323 104.791405 783.382629
-323 101.017044 778.463806
-323 96.990433 773.749207
-323 92.722588 769.251831
-323 88.225220 764.984009
-323 83.510651 760.957336
-323 78.591812 757.182983
-323 73.482178 753.671204
-323 68.195755 750.431641
-323 62.747025 747.473267
-323 57.150940 744.804016
-323 51.422825 742.431335
-323 45.578384 740.361694
-323 39.633636 738.600769
-323 33.604874 737.153381
-323 27.508627 736.023499
-323 21.361599 735.214233
-323 15.180641 734.727783
-323 8.982694 734.565430
-323 2.784746 734.727722
-323 -3.396214 735.214172
-323 -9.543245 736.023438
-323 -15.639498 737.153320
-323 -21.668266 738.600647
-323 -27.613022 740.361572
-323 -33.457470 742.431152
-323 -39.185596 744.803833
-323 -44.781700 747.473022
-323 -50.230434 750.431396
-323 -55.516876 753.670898
-323 -60.626526 757.182678
-323 -65.545387 760.957031
-323 -70.259972 764.983643
-323 -74.757362 769.251465
-323 -79.025223 773.748779
-323 -83.051857 778.463379
-323 -86.826256 783.382202
-323 -90.338051 788.491882
-323 -93.577606 793.778320
-323 -96.536049 799.227051
-323 -99.205276 804.823181
-323 -101.577965 810.551331
-323 -103.647614 816.395813
-323 -105.408546 822.340576
-323 -106.855949 828.369324
-323 -107.985832 834.465637
-323 -108.795113 840.612671
-323 -109.281578 846.793701
-323 -109.443886 852.991638
-323 -109.281593 859.189636
-323 -108.795143 865.370605
-323 -107.985870 871.517700
-323 -106.855988 877.613953
-323 -105.408607 883.642761
-323 -103.647682 889.587524
-323 -101.578049 895.432007
-323 -99.205368 901.160156
-323 -96.536156 906.756226
-323 -93.577721 912.205017
-323 -90.338173 917.491455
-323 -86.826393 922.601135
-323 -83.052002 927.519958
-323 -79.025345 932.234558
-323 -74.757477 936.731934
-323 -70.260078 940.999817
-323 -65.545471 945.026428
-323 -60.626595 948.800842
-323 -55.516922 952.312561
-323 -50.230461 955.552124
-323 -44.781696 958.510498
-323 -39.185570 961.179688
-323 -33.457417 963.552368
-323 -27.612938 965.622009
-323 -21.668156 967.382935
-323 -15.639359 968.830261
-323 -9.543076 969.960083
-323 -3.396014 970.769348
-323 2.784975 971.255798
-293 11.013029 1043.983032
-293 19.098763 1043.771362
-293 27.162336 1043.136719
-293 35.181644 1042.080933
-293 43.134705 1040.606934
-293 50.999725 1038.718750
-293 58.755150 1036.421509
-293 66.379707 1033.721436
-293 73.852509 1030.626099
-293 81.153084 1027.143921
-293 88.261398 1023.284424
-293 95.157990 1019.058228
-293 101.823929 1014.476807
-293 108.240974 1009.552856
-293 114.391525 1004.299805
-293 120.258720 998.731995
-293 125.826485 992.864807
-293 131.079544 986.714294
-293 136.003510 980.297241
-293 140.584900 973.631287
-293 144.811142 966.734680
-293 148.670624 959.626404
-293 152.152817 952.325806
-293 155.248154 944.853027
-293 157.948151 937.228455
-293 160.245407 929.473083
-293 162.133621 921.608032
-293 163.607651 913.655029
-293 164.663406 905.635681
-293 165.298035 897.572144
-293 165.509766 889.486389
-293 165.298035 881.400696
-293 164.663422 873.337097
-293 163.607681 865.317810
-293 162.133667 857.364746
-293 160.245453 849.499756
-293 157.948196 841.744324
-293 155.248215 834.119812
-293 152.152878 826.646973
-293 148.670700 819.346436
-293 144.811218 812.238098
-293 140.584991 805.341553
-293 136.003616 798.675598
-293 131.079666 792.258545
-293 125.826622 786.107971
-293 120.258873 780.240784
-293 114.391693 774.673035
-293 108.241158 769.419983
-293 101.824135 764.495972
-293 95.158195 759.914612
-293 88.261627 755.688354
-293 81.153320 751.828857
-293 73.852768 748.346680
-293 66.379982 745.251343
-293 58.755432 742.551270
-293 51.000023 740.254028
-293 43.135017 738.365784
-293 35.181969 736.891724
-293 27.162670 735.835999
-293 19.099110 735.201355
-293 11.013384 734.989624
-293 2.927658 735.201294
-293 -5.135906 735.835938
-293 -13.155207 736.891663
-293 -21.108267 738.365662
-293 -28.973280 740.253845
-293 -36.728699 742.551086
-293 -44.353256 745.251038
-293 -51.826065 748.346375
-293 -59.126633 751.828552
-293 -66.234947 755.687988
-293 -73.131538 759.914185
-293 -79.797493 764.495605
-293 -86.214546 769.419495
-293 -92.365105 774.672546
-293 -98.232315 780.240295
-293 -103.800087 786.107483
-293 -109.053162 792.257996
-293 -113.977165 798.675049
-293 -118.558594 805.341003
-293 -122.784851 812.237610
-293 -126.644379 819.345947
-293 -130.126602 826.646484
-293 -133.221970 834.119324
-293 -135.921997 841.743896
-293 -138.219284 849.499329
-293 -140.107529 857.364380
-293 -141.581558 865.317505
-293 -142.637329 873.336792
-293 -143.271957 881.400391
-293 -143.483704 889.486206
-293 -143.271973 897.571960
-293 -142.637360 905.635559
-293 -141.581604 913.654907
-293 -140.107590 921.607971
-293 -138.219360 929.473022
-293 -135.922089 937.228455
-293 -133.222076 944.853027
-293 -130.126724 952.325867
-293 -126.644516 959.626465
-293 -122.785004 966.734802
-293 -118.558746 973.631409
-293 -113.977341 980.297363
-293 -109.053345 986.714417
-293 -103.800247 992.864990
-293 -98.232460 998.732178
-293 -92.365242 1004.299988
-293 -86.214653 1009.553040
-293 -79.797585 1014.477051
-293 -73.131599 1019.058411
-293 -66.234985 1023.284668
-293 -59.126625 1027.144165
-293 -51.826027 1030.626343
-293 -44.353188 1033.721680
-293 -36.728592 1036.421631
-293 -28.973139 1038.718872
-293 -21.108084 1040.607056
-293 -13.154985 1042.081055
-293 -5.135647 1043.136719
-293 2.927957 1043.771362
-263 6.223487 1011.664795
-263 13.661779 1011.469971
-263 21.079683 1010.886230
-263 28.456869 1009.914978
-263 35.773113 1008.558960
-263 43.008362 1006.821960
-263 50.142788 1004.708618
-263 57.156834 1002.224854
-263 64.031273 999.377319
-263 70.747269 996.174011
-263 77.286407 992.623535
-263 83.630768 988.735718
-263 89.762962 984.521179
-263 95.666176 979.991455
-263 101.324242 975.158997
-263 106.721634 970.037109
-263 111.843575 964.639709
-263 116.676010 958.981628
-263 121.205711 953.078430
-263 125.420250 946.946228
-263 129.308075 940.601868
-263 132.858536 934.062744
-263 136.061890 927.346741
-263 138.909378 920.472290
-263 141.393173 913.458252
-263 143.506485 906.323853
-263 145.243515 899.088623
-263 146.599503 891.772400
-263 147.570740 884.395203
-263 148.154541 876.977295
-263 148.349319 869.539001
-263 148.154541 862.100708
-263 147.570755 854.682861
-263 146.599533 847.305664
-263 145.243546 839.989441
-263 143.506531 832.754150
-263 141.393219 825.619751
-263 138.909424 818.605713
-263 136.061951 811.731262
-263 132.858597 805.015320
-263 129.308151 798.476135
-263 125.420334 792.131836
-263 121.205811 785.999634
-263 116.676125 780.096375
-263 111.843704 774.438354
-263 106.721771 769.040955
-263 101.324394 763.919006
-263 95.666344 759.086548
-263 89.763145 754.556885
-263 83.630966 750.342285
-263 77.286621 746.454468
-263 70.747490 742.903992
-263 64.031509 739.700623
-263 57.157082 736.853149
-263 50.143051 734.369324
-263 43.008636 732.255981
-263 35.773399 730.518921
-263 28.457165 729.162964
-263 21.079990 728.191711
-263 13.662096 727.607910
-263 6.223814 727.413086
-263 -1.214470 727.607849
-263 -8.632368 728.191650
-263 -16.009544 729.162842
-263 -23.325783 730.518799
-263 -30.561031 732.255859
-263 -37.695454 734.369141
-263 -44.709499 736.852905
-263 -51.583939 739.700378
-263 -58.299934 742.903687
-263 -64.839073 746.454163
-263 -71.183441 750.341980
-263 -77.315636 754.556458
-263 -83.218864 759.086121
-263 -88.876930 763.918579
-263 -94.274345 769.040466
-263 -99.396286 774.437866
-263 -104.228737 780.095886
-263 -108.758469 785.999146
-263 -112.973045 792.131287
-263 -116.860901 798.475708
-263 -120.411392 805.014832
-263 -123.614784 811.730835
-263 -126.462303 818.605286
-263 -128.946136 825.619385
-263 -131.059464 832.753784
-263 -132.796524 839.989075
-263 -134.152527 847.305359
-263 -135.123749 854.682556
-263 -135.707565 862.100464
-263 -135.902359 869.538818
-263 -135.707581 876.977112
-263 -135.123795 884.395081
-263 -134.152573 891.772278
-263 -132.796570 899.088562
-263 -131.059540 906.323792
-263 -128.946213 913.458252
-263 -126.462395 920.472351
-263 -123.614891 927.346802
-263 -120.411522 934.062805
-263 -116.861038 940.601990
-263 -112.973190 946.946350
-263 -108.758629 953.078552
-263 -104.228912 958.981812
-263 -99.396439 964.639832
-263 -94.274475 970.037231
-263 -88.877060 975.159180
-263 -83.218964 979.991638
-263 -77.315720 984.521362
-263 -71.183495 988.735901
-263 -64.839104 992.623718
-263 -58.299934 996.174194
-263 -51.583904 999.377563
-263 -44.709435 1002.224976
-263 -37.695354 1004.708801
-263 -30.560898 1006.822083
-263 -23.325617 1008.559082
-263 -16.009340 1009.915039
-263 -8.632128 1010.886230
-263 -1.214196 1011.470032
-233 6.339623 1049.412109
-233 14.788578 1049.190918
-233 23.214373 1048.527832
-233 31.593918 1047.424561
-233 39.904240 1045.884399
-233 48.122562 1043.911377
-233 56.226368 1041.510864
-233 64.193428 1038.689575
-233 72.001923 1035.455200
-233 79.630440 1031.816650
-233 87.058067 1027.783691
-233 94.264458 1023.367676
-233 101.229843 1018.580444
-233 107.935150 1013.435303
-233 114.361992 1007.946289
-233 120.492737 1002.128418
-233 126.310616 995.997620
-233 131.799652 989.570801
-233 136.944824 982.865479
-233 141.732010 975.900085
-233 146.148087 968.693726
-233 150.180954 961.266113
-233 153.819565 953.637573
-233 157.053940 945.829102
-233 159.875229 937.862061
-233 162.275681 929.758240
-233 164.248718 921.539917
-233 165.788956 913.229614
-233 166.892151 904.850098
-233 167.555267 896.424316
-233 167.776520 887.975342
-233 167.555283 879.526428
-233 166.892166 871.100647
-233 165.788986 862.721130
-233 164.248764 854.410767
-233 162.275726 846.192444
-233 159.875275 838.088684
-233 157.054001 830.121643
-233 153.819626 822.313110
-233 150.181030 814.684631
-233 146.148178 807.257019
-233 141.732101 800.050598
-233 136.944931 793.085205
-233 131.799774 786.379944
-233 126.310760 779.953064
-233 120.492905 773.822327
-233 114.362160 768.004456
-233 107.935341 762.515381
-233 101.230057 757.370239
-233 94.264679 752.583069
-233 87.058311 748.166992
-233 79.630692 744.134094
-233 72.002190 740.495483
-233 64.193718 737.261108
-233 56.226665 734.439758
-233 48.122875 732.039307
-233 39.904564 730.066284
-233 31.594255 728.526001
-233 23.214724 727.422791
-233 14.788939 726.759644
-233 6.339994 726.538391
-233 -2.108951 726.759644
-233 -10.534740 727.422729
-233 -18.914276 728.525879
-233 -27.224594 730.066101
-233 -35.442913 732.039124
-233 -43.546711 734.439575
-233 -51.513775 737.260803
-233 -59.322266 740.495178
-233 -66.950783 744.133789
-233 -74.378418 748.166626
-233 -81.584808 752.582642
-233 -88.550201 757.369812
-233 -95.255516 762.514954
-233 -101.682365 768.003967
-233 -107.813141 773.821777
-233 -113.631020 779.952515
-233 -119.120071 786.379333
-233 -124.265266 793.084656
-233 -129.052490 800.050049
-233 -133.468597 807.256470
-233 -137.501495 814.684082
-233 -141.140152 822.312622
-233 -144.374557 830.121155
-233 -147.195877 838.088257
-233 -149.596359 846.192078
-233 -151.569427 854.410400
-233 -153.109665 862.720764
-233 -154.212860 871.100342
-233 -154.876007 879.526123
-233 -155.097260 887.975159
-233 -154.876022 896.424133
-233 -154.212906 904.849915
-233 -153.109711 913.229492
-233 -151.569473 921.539856
-233 -149.596436 929.758240
-233 -147.195969 937.862061
-233 -144.374680 945.829163
-233 -141.140274 953.637634
-233 -137.501648 961.266174
-233 -133.468750 968.693848
-233 -129.052643 975.900269
-233 -124.265450 982.865662
-233 -119.120262 989.570984
-233 -113.631187 995.997803
-233 -107.813293 1002.128601
-233 -101.682510 1007.946472
-233 -95.255630 1013.435547
-233 -88.550301 1018.580688
-233 -81.584877 1023.367859
-233 -74.378448 1027.783936
-233 -66.950783 1031.816772
-233 -59.322227 1035.455444
-233 -51.513702 1038.689819
-233 -43.546600 1041.510986
-233 -35.442764 1043.911499
-233 -27.224403 1045.884521
-233 -18.914045 1047.424683
-233 -10.534468 1048.527832
-233 -2.108640 1049.190918
-203 4.104540 1007.866577
-203 11.533850 1007.671997
-203 18.942797 1007.088928
-203 26.311071 1006.118896
-203 33.618481 1004.764526
-203 40.844994 1003.029602
-203 47.970806 1000.918823
-203 54.976379 998.437988
-203 61.842522 995.593994
-203 68.550400 992.394470
-203 75.081642 988.848328
-203 81.418343 984.965149
-203 87.543129 980.755737
-203 93.439217 976.231506
-203 99.090446 971.404907
-203 104.481323 966.289124
-203 109.597076 960.898254
-203 114.423683 955.247009
-203 118.947906 949.350952
-203 123.157364 943.226135
-203 127.040497 936.889465
-203 130.586670 930.358215
-203 133.786163 923.650330
-203 136.630203 916.784241
-203 139.111008 909.778625
-203 141.221756 902.652832
-203 142.956696 895.426331
-203 144.311050 888.118958
-203 145.281097 880.750671
-203 145.864197 873.341736
-203 146.058746 865.912415
-203 145.864212 858.483154
-203 145.281113 851.074219
-203 144.311081 843.705933
-203 142.956726 836.398499
-203 141.221802 829.171997
-203 139.111053 822.046204
-203 136.630249 815.040649
-203 133.786209 808.174500
-203 130.586731 801.466614
-203 127.040573 794.935364
-203 123.157448 788.598694
-203 118.948006 782.473877
-203 114.423790 776.577820
-203 109.597206 770.926575
-203 104.481461 765.535706
-203 99.090599 760.419922
-203 93.439384 755.593384
-203 87.543312 751.069092
-203 81.418541 746.859680
-203 75.081856 742.976501
-203 68.550621 739.430359
-203 61.842758 736.230835
-203 54.976631 733.386780
-203 47.971069 730.905945
-203 40.845268 728.795166
-203 33.618767 727.060242
-203 26.311369 725.705872
-203 18.943104 724.735840
-203 11.534166 724.152710
-203 4.104867 723.958130
-203 -3.324435 724.152710
-203 -10.733374 724.735718
-203 -18.101643 725.705811
-203 -25.409048 727.060120
-203 -32.635555 728.795044
-203 -39.761364 730.905762
-203 -46.766937 733.386536
-203 -53.633076 736.230591
-203 -60.340961 739.430054
-203 -66.872208 742.976196
-203 -73.208916 746.859314
-203 -79.333702 751.068726
-203 -85.229797 755.592957
-203 -90.881042 760.419556
-203 -96.271927 765.535278
-203 -101.387688 770.926086
-203 -106.214310 776.577332
-203 -110.738571 782.473389
-203 -114.948059 788.598206
-203 -118.831215 794.934937
-203 -122.377419 801.466187
-203 -125.576950 808.174072
-203 -128.421021 815.040222
-203 -130.901840 822.045837
-203 -133.012634 829.171631
-203 -134.747589 836.398193
-203 -136.101944 843.705627
-203 -137.072006 851.073914
-203 -137.655121 858.482910
-203 -137.849670 865.912231
-203 -137.655136 873.341553
-203 -137.072037 880.750549
-203 -136.101990 888.118835
-203 -134.747635 895.426270
-203 -133.012695 902.652832
-203 -130.901932 909.778625
-203 -128.421127 916.784241
-203 -125.577057 923.650391
-203 -122.377548 930.358276
-203 -118.831352 936.889587
-203 -114.948196 943.226257
-203 -110.738731 949.351074
-203 -106.214478 955.247192
-203 -101.387840 960.898438
-203 -96.272064 966.289307
-203 -90.881165 971.405090
-203 -85.229904 976.231689
-203 -79.333786 980.755920
-203 -73.208969 984.965332
-203 -66.872238 988.848511
-203 -60.340961 992.394653
-203 -53.633041 995.594116
-203 -46.766872 998.438171
-203 -39.761265 1000.918945
-203 -32.635426 1003.029724
-203 -25.408880 1004.764648
-203 -18.101440 1006.118958
-203 -10.733135 1007.088989
-203 -3.324161 1007.672058
-173 -0.003211 992.857117
-173 6.603275 992.684143
-173 13.191652 992.165588
-173 19.743866 991.302979
-173 26.241951 990.098633
-173 32.668098 988.555847
-173 39.004700 986.678894
-173 45.234379 984.472839
-173 51.340069 981.943787
-173 57.305031 979.098633
-173 63.112911 975.945190
-173 68.747795 972.492126
-173 74.194237 968.748901
-173 79.437317 964.725769
-173 84.462646 960.433716
-173 89.256462 955.884521
-173 93.805634 951.090698
-173 98.097672 946.065430
-173 102.120819 940.822327
-173 105.864067 935.375854
-173 109.317123 929.740967
-173 112.470543 923.933105
-173 115.315681 917.968140
-173 117.844742 911.862488
-173 120.050781 905.632813
-173 121.927765 899.296204
-173 123.470543 892.870056
-173 124.674904 886.372009
-173 125.537514 879.819824
-173 126.056038 873.231445
-173 126.229034 866.624939
-173 126.056046 860.018494
-173 125.537529 853.430115
-173 124.674927 846.877869
-173 123.470573 840.379822
-173 121.927803 833.953674
-173 120.050819 827.617065
-173 117.844788 821.387390
-173 115.315735 815.281738
-173 112.470604 809.316772
-173 109.317192 803.508911
-173 105.864136 797.874023
-173 102.120911 792.427551
-173 98.097771 787.184448
-173 93.805748 782.159119
-173 89.256592 777.365356
-173 84.462784 772.816162
-173 79.437462 768.524109
-173 74.194405 764.500977
-173 68.747971 760.757690
-173 63.113098 757.304626
-173 57.305225 754.151245
-173 51.340279 751.306091
-173 45.234600 748.776978
-173 39.004932 746.570923
-173 32.668343 744.693970
-173 26.242205 743.151184
-173 19.744129 741.946777
-173 13.191926 741.084167
-173 6.603557 740.565674
-173 -0.002921 740.392639
-173 -6.609399 740.565613
-173 -13.197771 741.084106
-173 -19.749975 741.946716
-173 -26.248056 743.151062
-173 -32.674206 744.693787
-173 -39.010803 746.570801
-173 -45.240482 748.776794
-173 -51.346172 751.305847
-173 -57.311134 754.150940
-173 -63.119019 757.304382
-173 -68.753906 760.757385
-173 -74.200356 764.500610
-173 -79.443436 768.523743
-173 -84.468781 772.815796
-173 -89.262611 777.364929
-173 -93.811783 782.158691
-173 -98.103828 787.184021
-173 -102.127014 792.427124
-173 -105.870285 797.873535
-173 -109.323372 803.508423
-173 -112.476814 809.316345
-173 -115.321983 815.281311
-173 -117.851067 821.387024
-173 -120.057129 827.616699
-173 -121.934135 833.953369
-173 -123.476936 840.379517
-173 -124.681305 846.877625
-173 -125.543922 853.429871
-173 -126.062454 860.018250
-173 -126.235458 866.624756
-173 -126.062469 873.231262
-173 -125.543953 879.819641
-173 -124.681343 886.371887
-173 -123.476982 892.869995
-173 -121.934196 899.296204
-173 -120.057205 905.632813
-173 -117.851158 911.862488
-173 -115.322083 917.968201
-173 -112.476929 923.933228
-173 -109.323486 929.741089
-173 -105.870415 935.375977
-173 -102.127151 940.822449
-173 -98.103981 946.065552
-173 -93.811913 951.090881
-173 -89.262733 955.884705
-173 -84.468895 960.433899
-173 -79.443527 964.725952
-173 -74.200432 968.749084
-173 -68.753960 972.492310
-173 -63.119045 975.945374
-173 -57.311131 979.098816
-173 -51.346142 981.943909
-173 -45.240429 984.472961
-173 -39.010715 986.679016
-173 -32.674088 988.555969
-173 -26.247908 990.098755
-173 -19.749794 991.303101
-173 -13.197558 992.165649
-173 -6.609156 992.684143
-143 -8.230923 1028.256836
-143 -0.727074 1028.060303
-143 6.756207 1027.471313
-143 14.198410 1026.491577
-143 21.579134 1025.123657
-143 28.878151 1023.371338
-143 36.075455 1021.239380
-143 43.151318 1018.733643
-143 50.086346 1015.861084
-143 56.861530 1012.629517
-143 63.458302 1009.047729
-143 69.858582 1005.125610
-143 76.044815 1000.873962
-143 82.000061 996.304321
-143 87.707993 991.429321
-143 93.152954 986.262207
-143 98.320038 980.817261
-143 103.195068 975.109314
-143 107.764679 969.154114
-143 112.016373 962.967834
-143 115.938461 956.567566
-143 119.520218 949.970825
-143 122.751801 943.195618
-143 125.624390 936.260620
-143 128.130081 929.184753
-143 130.262009 921.987488
-143 132.014343 914.688477
-143 133.382294 907.307739
-143 134.362076 899.865540
-143 134.951019 892.382263
-143 135.147522 884.878418
-143 134.951035 877.374573
-143 134.362091 869.891296
-143 133.382309 862.449158
-143 132.014374 855.068420
-143 130.262054 847.769409
-143 128.130112 840.572083
-143 125.624435 833.496216
-143 122.751862 826.561218
-143 119.520279 819.786011
-143 115.938538 813.189270
-143 112.016449 806.789001
-143 107.764786 800.602783
-143 103.195175 794.647522
-143 98.320160 788.939575
-143 93.153091 783.494629
-143 87.708145 778.327515
-143 82.000229 773.452515
-143 76.044998 768.882874
-143 69.858780 764.631226
-143 63.458515 760.709106
-143 56.861759 757.127319
-143 50.086586 753.895752
-143 43.151569 751.023132
-143 36.075722 748.517456
-143 28.878429 746.385498
-143 21.579422 744.633118
-143 14.198709 743.265198
-143 6.756517 742.285400
-143 -0.726754 741.696411
-143 -8.230594 741.499878
-143 -15.734434 741.696411
-143 -23.217709 742.285278
-143 -30.659903 743.265076
-143 -38.040623 744.632996
-143 -45.339638 746.385315
-143 -52.536938 748.517212
-143 -59.612801 751.022888
-143 -66.547829 753.895447
-143 -73.323013 757.127075
-143 -79.919785 760.708801
-143 -86.320068 764.630859
-143 -92.506302 768.882507
-143 -98.461563 773.452087
-143 -104.169495 778.327087
-143 -109.614471 783.494141
-143 -114.781570 788.939087
-143 -119.656616 794.647034
-143 -124.226257 800.602295
-143 -128.477982 806.788513
-143 -132.400101 813.188782
-143 -135.981888 819.785583
-143 -139.213516 826.560791
-143 -142.086121 833.495850
-143 -144.591843 840.571716
-143 -146.723801 847.769043
-143 -148.476166 855.068054
-143 -149.844116 862.448792
-143 -150.823914 869.891052
-143 -151.412872 877.374329
-143 -151.609375 884.878235
-143 -151.412888 892.382080
-143 -150.823944 899.865417
-143 -149.844162 907.307617
-143 -148.476212 914.688354
-143 -146.723877 921.987427
-143 -144.591934 929.184753
-143 -142.086227 936.260620
-143 -139.213623 943.195679
-143 -135.982010 949.970886
-143 -132.400238 956.567688
-143 -128.478134 962.967957
-143 -124.226425 969.154236
-143 -119.656784 975.109497
-143 -114.781723 980.817444
-143 -109.614609 986.262390
-143 -104.169632 991.429504
-143 -98.461670 996.304504
-143 -92.506393 1000.874146
-143 -86.320129 1005.125854
-143 -79.919815 1009.047913
-143 -73.323013 1012.629700
-143 -66.547791 1015.861267
-143 -59.612736 1018.733826
-143 -52.536839 1021.239502
-143 -45.339504 1023.371460
-143 -38.040455 1025.123779
-143 -30.659698 1026.491699
-143 -23.217466 1027.471436
-143 -15.734158 1028.060303
-113 -0.464717 1046.485474
-113 7.502131 1046.276855
-113 15.447142 1045.651489
-113 23.348543 1044.611328
-113 31.184669 1043.158936
-113 38.934044 1041.298462
-113 46.575436 1039.035034
-113 54.087891 1036.374756
-113 61.450821 1033.324951
-113 68.644051 1029.893921
-113 75.647850 1026.091187
-113 82.443039 1021.927063
-113 89.010971 1017.413025
-113 95.333664 1012.561462
-113 101.393784 1007.385620
-113 107.174706 1001.899719
-113 112.660606 996.118774
-113 117.836433 990.058716
-113 122.688004 983.736023
-113 127.202026 977.168030
-113 131.366119 970.372864
-113 135.168869 963.369080
-113 138.599854 956.175842
-113 141.649673 948.812927
-113 144.309967 941.300476
-113 146.573456 933.659119
-113 148.433914 925.909729
-113 149.886261 918.073608
-113 150.926498 910.172241
-113 151.551788 902.227234
-113 151.760406 894.260376
-113 151.551788 886.293579
-113 150.926514 878.348572
-113 149.886292 870.447144
-113 148.433945 862.611023
-113 146.573502 854.861694
-113 144.310013 847.220276
-113 141.649734 839.707825
-113 138.599915 832.344910
-113 135.168930 825.151733
-113 131.366196 818.147888
-113 127.202118 811.352722
-113 122.688110 804.784790
-113 117.836548 798.462097
-113 112.660744 792.401978
-113 107.174858 786.621033
-113 101.393944 781.135132
-113 95.333847 775.959351
-113 89.011169 771.107727
-113 82.443245 766.593750
-113 75.648079 762.429626
-113 68.644287 758.626831
-113 61.451073 755.195862
-113 54.088158 752.145996
-113 46.575718 749.485718
-113 38.934338 747.222229
-113 31.184975 745.361755
-113 23.348860 743.909363
-113 15.447472 742.869141
-113 7.502471 742.243835
-113 -0.464367 742.035156
-113 -8.431207 742.243774
-113 -16.376209 742.869019
-113 -24.277599 743.909302
-113 -32.113724 745.361572
-113 -39.863098 747.222046
-113 -47.504486 749.485474
-113 -55.016941 752.145752
-113 -62.379871 755.195557
-113 -69.573090 758.626526
-113 -76.576897 762.429260
-113 -83.372086 766.593323
-113 -89.940025 771.107361
-113 -96.262726 775.958862
-113 -102.322853 781.134705
-113 -108.103798 786.620544
-113 -113.589699 792.401489
-113 -118.765541 798.461548
-113 -123.617149 804.784241
-113 -128.131210 811.352173
-113 -132.295334 818.147400
-113 -136.098129 825.151184
-113 -139.529144 832.344421
-113 -142.578995 839.707397
-113 -145.239319 847.219849
-113 -147.502823 854.861267
-113 -149.363312 862.610657
-113 -150.815674 870.446838
-113 -151.855927 878.348267
-113 -152.481216 886.293274
-113 -152.689850 894.260193
-113 -152.481232 902.227051
-113 -151.855957 910.172058
-113 -150.815720 918.073486
-113 -149.363373 925.909668
-113 -147.502899 933.659058
-113 -145.239410 941.300476
-113 -142.579102 948.812988
-113 -139.529266 956.175903
-113 -136.098267 963.369141
-113 -132.295486 970.372986
-113 -128.131363 977.168213
-113 -123.617325 983.736145
-113 -118.765724 990.058838
-113 -113.589867 996.118958
-113 -108.103943 1001.899902
-113 -102.322990 1007.385803
-113 -96.262833 1012.561646
-113 -89.940117 1017.413208
-113 -83.372147 1021.927246
-113 -76.576927 1026.091309
-113 -69.573090 1029.894043
-113 -62.379833 1033.325073
-113 -55.016872 1036.374878
-113 -47.504379 1039.035156
-113 -39.862957 1041.298584
-113 -32.113544 1043.159058
-113 -24.277382 1044.611328
-113 -16.375954 1045.651611
-113 -8.430913 1046.276855
-83 4.673505 1077.452026
-83 13.435499 1077.222656
-83 22.173477 1076.534912
-83 30.863491 1075.390869
-83 39.481716 1073.793579
-83 48.004532 1071.747437
-83 56.408588 1069.258057
-83 64.670837 1066.332153
-83 72.768639 1062.978027
-83 80.679802 1059.204590
-83 88.382629 1055.022217
-83 95.856018 1050.442627
-83 103.079483 1045.478027
-83 110.033218 1040.142212
-83 116.698181 1034.449829
-83 123.056084 1028.416382
-83 129.089508 1022.058472
-83 134.781921 1015.393555
-83 140.117706 1008.439819
-83 145.082275 1001.216309
-83 149.661972 993.742920
-83 153.844254 986.040100
-83 157.617676 978.128967
-83 160.971893 970.031189
-83 163.897720 961.768921
-83 166.387100 953.364868
-83 168.433243 944.842102
-83 170.030548 936.223877
-83 171.174606 927.533875
-83 171.862305 918.795898
-83 172.091751 910.033936
-83 171.862320 901.271912
-83 171.174637 892.533936
-83 170.030579 883.843933
-83 168.433289 875.225708
-83 166.387146 866.702942
-83 163.897766 858.298889
-83 160.971954 850.036621
-83 157.617752 841.938843
-83 153.844330 834.027710
-83 149.662064 826.324829
-83 145.082367 818.851440
-83 140.117828 811.627991
-83 134.782059 804.674255
-83 129.089661 798.009277
-83 123.056252 791.651428
-83 116.698364 785.617981
-83 110.033417 779.925537
-83 103.079697 774.589783
-83 95.856247 769.625244
-83 88.382881 765.045532
-83 80.680061 760.863220
-83 72.768921 757.089783
-83 64.671135 753.735535
-83 56.408897 750.809692
-83 48.004856 748.320313
-83 39.482052 746.274170
-83 30.863840 744.676819
-83 22.173841 743.532715
-83 13.435873 742.845032
-83 4.673890 742.615601
-83 -4.088095 742.844971
-83 -12.826065 743.532654
-83 -21.516068 744.676697
-83 -30.134291 746.273987
-83 -38.657108 748.320068
-83 -47.061157 750.809448
-83 -55.323406 753.735229
-83 -63.421207 757.089478
-83 -71.332367 760.862854
-83 -79.035194 765.045105
-83 -86.508583 769.624756
-83 -93.732056 774.589355
-83 -100.685806 779.925049
-83 -107.350777 785.617432
-83 -113.708694 791.650879
-83 -119.742134 798.008728
-83 -125.434555 804.673645
-83 -130.770386 811.627441
-83 -135.734985 818.850891
-83 -140.314713 826.324280
-83 -144.497040 834.027161
-83 -148.270508 841.938293
-83 -151.624756 850.036133
-83 -154.550598 858.298401
-83 -157.040009 866.702515
-83 -159.086197 875.225342
-83 -160.683502 883.843567
-83 -161.827576 892.533630
-83 -162.515274 901.271606
-83 -162.744736 910.033630
-83 -162.515305 918.795654
-83 -161.827621 927.533691
-83 -160.683548 936.223755
-83 -159.086243 944.841980
-83 -157.040100 953.364868
-83 -154.550705 961.768921
-83 -151.624878 970.031189
-83 -148.270630 978.129028
-83 -144.497192 986.040222
-83 -140.314865 993.743042
-83 -135.735153 1001.216492
-83 -130.770584 1008.439941
-83 -125.434753 1015.393677
-83 -119.742310 1022.058655
-83 -113.708855 1028.416626
-83 -107.350929 1034.450073
-83 -100.685928 1040.142456
-83 -93.732155 1045.478271
-83 -86.508659 1050.442749
-83 -79.035233 1055.022461
-83 -71.332359 1059.204834
-83 -63.421169 1062.978149
-83 -55.323330 1066.332397
-83 -47.061043 1069.258179
-83 -38.656952 1071.747559
-83 -30.134092 1073.793701
-83 -21.515829 1075.390991
-83 -12.825783 1076.535034
-83 -4.087772 1077.222656
-53 18.444786 1056.751953
-53 26.728874 1056.535034
-53 34.990257 1055.884888
-53 43.206291 1054.803223
-53 51.354450 1053.293091
-53 59.412411 1051.358521
-53 67.358078 1049.004883
-53 75.169678 1046.238647
-53 82.825806 1043.067383
-53 90.305466 1039.499756
-53 97.588158 1035.545654
-53 104.653931 1031.215698
-53 111.483398 1026.521973
-53 118.057861 1021.477173
-53 124.359291 1016.095215
-53 130.370422 1010.390869
-53 136.074768 1004.379761
-53 141.456696 998.078369
-53 146.501465 991.503906
-53 151.195221 984.674377
-53 155.525146 977.608643
-53 159.479309 970.325928
-53 163.046906 962.846313
-53 166.218201 955.190186
-53 168.984406 947.378601
-53 171.338013 939.432922
-53 173.272583 931.375000
-53 174.782745 923.226807
-53 175.864410 915.010803
-53 176.514587 906.749451
-53 176.731537 898.465332
-53 176.514618 890.181274
-53 175.864441 881.919922
-53 174.782776 873.703857
-53 173.272614 865.555725
-53 171.338074 857.497803
-53 168.984467 849.552124
-53 166.218231 841.740540
-53 163.046997 834.084412
-53 159.479370 826.604736
-53 155.525208 819.322021
-53 151.195313 812.256287
-53 146.501556 805.426819
-53 141.456818 798.852356
-53 136.074905 792.550903
-53 130.370575 786.539795
-53 124.359467 780.835449
-53 118.058052 775.453491
-53 111.483604 770.408752
-53 104.654144 765.714966
-53 97.588394 761.385071
-53 90.305710 757.430908
-53 82.826065 753.863281
-53 75.169960 750.691956
-53 67.358368 747.925720
-53 59.412716 745.572083
-53 51.354771 743.637573
-53 43.206619 742.127319
-53 34.990601 741.045654
-53 26.729229 740.395508
-53 18.445150 740.178528
-53 10.161070 740.395447
-53 1.899696 741.045593
-53 -6.316328 742.127258
-53 -14.464485 743.637390
-53 -22.522442 745.571899
-53 -30.468109 747.925537
-53 -38.279709 750.691711
-53 -45.935829 753.862976
-53 -53.415497 757.430542
-53 -60.698189 761.384705
-53 -67.763962 765.714600
-53 -74.593437 770.408325
-53 -81.167908 775.453064
-53 -87.469353 780.834961
-53 -93.480492 786.539307
-53 -99.184845 792.550415
-53 -104.566788 798.851807
-53 -109.611595 805.426270
-53 -114.305397 812.255737
-53 -118.635338 819.321533
-53 -122.589546 826.604248
-53 -126.157188 834.083923
-53 -129.328491 841.740051
-53 -132.094757 849.551697
-53 -134.448395 857.497375
-53 -136.382965 865.555359
-53 -137.893158 873.703552
-53 -138.974823 881.919617
-53 -139.625031 890.181030
-53 -139.841949 898.465149
-53 -139.625031 906.749268
-53 -138.974854 915.010620
-53 -137.893188 923.226685
-53 -136.383026 931.374878
-53 -134.448456 939.432861
-53 -132.094849 947.378601
-53 -129.328613 955.190186
-53 -126.157310 962.846375
-53 -122.589684 970.326050
-53 -118.635490 977.608765
-53 -114.305565 984.674561
-53 -109.611763 991.504028
-53 -104.566978 998.078491
-53 -99.185013 1004.379944
-53 -93.480644 1010.391113
-53 -87.469498 1016.095459
-53 -81.168022 1021.477417
-53 -74.593536 1026.522217
-53 -67.764023 1031.215942
-53 -60.698219 1035.545776
-53 -53.415489 1039.500000
-53 -45.935791 1043.067627
-53 -38.279636 1046.238892
-53 -30.467999 1049.005127
-53 -22.522293 1051.358643
-53 -14.464298 1053.293213
-53 -6.316103 1054.803345
-53 1.899961 1055.885010
-53 10.161376 1056.535156
-23 24.212200 1081.757080
-23 32.997250 1081.527100
-23 41.758217 1080.837646
-23 50.471100 1079.690552
-23 59.112000 1078.088989
-23 67.657242 1076.037476
-23 76.083412 1073.541504
-23 84.367401 1070.608032
-23 92.486511 1067.244995
-23 100.418488 1063.461670
-23 108.141586 1059.268311
-23 115.634644 1054.676514
-23 122.877106 1049.698975
-23 129.849136 1044.349121
-23 136.531647 1038.641724
-23 142.906265 1032.592407
-23 148.955582 1026.217773
-23 154.662964 1019.535339
-23 160.012802 1012.563293
-23 164.990417 1005.320801
-23 169.582169 997.827759
-23 173.775452 990.104675
-23 177.558807 982.172729
-23 180.921860 974.053589
-23 183.855377 965.769592
-23 186.351303 957.343445
-23 188.402832 948.798218
-23 190.004349 940.157349
-23 191.151413 931.444458
-23 191.840927 922.683533
-23 192.070969 913.898499
-23 191.840927 905.113403
-23 191.151428 896.352478
-23 190.004379 887.639587
-23 188.402878 878.998718
-23 186.351364 870.453491
-23 183.855423 862.027283
-23 180.921921 853.743347
-23 177.558884 845.624207
-23 173.775543 837.692261
-23 169.582260 829.969177
-23 164.990524 822.476074
-23 160.012924 815.233643
-23 154.663101 808.261597
-23 148.955734 801.579102
-23 142.906433 795.204468
-23 136.531815 789.155151
-23 129.849335 783.447754
-23 122.877319 778.097961
-23 115.634872 773.120361
-23 108.141830 768.528564
-23 100.418747 764.335266
-23 92.486786 760.551880
-23 84.367691 757.188843
-23 76.083725 754.255310
-23 67.657570 751.759338
-23 59.112339 749.707825
-23 50.471451 748.106323
-23 41.758583 746.959229
-23 32.997623 746.269653
-23 24.212585 746.039612
-23 15.427546 746.269653
-23 6.666584 746.959106
-23 -2.046286 748.106201
-23 -10.687183 749.707642
-23 -19.232426 751.759155
-23 -27.658588 754.255066
-23 -35.942577 757.188538
-23 -44.061687 760.551575
-23 -51.993664 764.334900
-23 -59.716763 768.528198
-23 -67.209824 773.119873
-23 -74.452301 778.097473
-23 -81.424347 783.447266
-23 -88.106842 789.154663
-23 -94.481491 795.203918
-23 -100.530807 801.578552
-23 -106.238205 808.260986
-23 -111.588074 815.233032
-23 -116.565735 822.475525
-23 -121.157516 829.968628
-23 -125.350845 837.691711
-23 -129.134247 845.623718
-23 -132.497314 853.742798
-23 -135.430862 862.026855
-23 -137.926834 870.453003
-23 -139.978394 878.998291
-23 -141.579910 887.639221
-23 -142.726990 896.352112
-23 -143.416504 905.113159
-23 -143.646561 913.898193
-23 -143.416519 922.683289
-23 -142.727020 931.444275
-23 -141.579956 940.157227
-23 -139.978455 948.798157
-23 -137.926910 957.343445
-23 -135.430969 965.769592
-23 -132.497437 974.053650
-23 -129.134369 982.172729
-23 -125.350998 990.104736
-23 -121.157684 997.827881
-23 -116.565903 1005.320923
-23 -111.588272 1012.563477
-23 -106.238403 1019.535522
-23 -100.530991 1026.218018
-23 -94.481659 1032.592651
-23 -88.106995 1038.641968
-23 -81.424469 1044.349365
-23 -74.452393 1049.699219
-23 -67.209885 1054.676758
-23 -59.716801 1059.268555
-23 -51.993656 1063.461914
-23 -44.061642 1067.245239
-23 -35.942501 1070.608276
-23 -27.658470 1073.541748
-23 -19.232269 1076.037598
-23 -10.686985 1078.089111
-23 -2.046045 1079.690674
-23 6.666866 1080.837646
-23 15.427870 1081.527100
7 22.945915 1097.072021
7 31.913471 1096.837158
7 40.856445 1096.133423
7 49.750332 1094.962524
7 58.570747 1093.327759
7 67.293518 1091.233521
7 75.894730 1088.685791
7 84.350815 1085.691284
7 92.638596 1082.258423
7 100.735359 1078.396484
7 108.618896 1074.115967
7 116.267616 1069.428955
7 123.660545 1064.347900
7 130.777420 1058.886841
7 137.598755 1053.060913
7 144.105804 1046.885986
7 150.280792 1040.378906
7 156.106750 1033.557617
7 161.567719 1026.440674
7 166.648743 1019.047791
7 171.335876 1011.399048
7 175.616272 1003.515503
7 179.478241 995.418762
7 182.911133 987.130981
7 185.905609 978.674927
7 188.453400 970.073730
7 190.547546 961.350952
7 192.182312 952.530579
7 193.353210 943.636658
7 194.057037 934.693726
7 194.291870 925.726196
7 194.057068 916.758606
7 193.353241 907.815674
7 192.182343 898.921753
7 190.547577 890.101379
7 188.453430 881.378601
7 185.905640 872.777405
7 182.911194 864.321350
7 179.478302 856.033569
7 175.616364 847.936768
7 171.335968 840.053284
7 166.648834 832.404541
7 161.567841 825.011597
7 156.106873 817.894775
7 150.280945 811.073425
7 144.105988 804.566345
7 137.598938 798.391357
7 130.777618 792.565430
7 123.660767 787.104431
7 116.267853 782.023438
7 108.619148 777.336243
7 100.735626 773.055847
7 92.638885 769.193848
7 84.351120 765.760986
7 75.895050 762.766479
7 67.293846 760.218689
7 58.571091 758.124512
7 49.750687 756.489746
7 40.856819 755.318787
7 31.913853 754.614990
7 22.946308 754.380127
7 13.978764 754.614929
7 5.035795 755.318726
7 -3.858080 756.489624
7 -12.678490 758.124329
7 -21.401253 760.218506
7 -30.002468 762.766235
7 -38.458553 765.760681
7 -46.746330 769.193542
7 -54.843094 773.055481
7 -62.726639 777.335876
7 -70.375359 782.022949
7 -77.768295 787.104004
7 -84.885185 792.564941
7 -91.706520 798.390869
7 -98.213600 804.565796
7 -104.388580 811.072815
7 -110.214546 817.894104
7 -115.675560 825.010986
7 -120.756630 832.403931
7 -125.443810 840.052673
7 -129.724243 847.936218
7 -133.586243 856.033020
7 -137.019196 864.320801
7 -140.013672 872.776917
7 -142.561493 881.378174
7 -144.655670 890.100952
7 -146.290466 898.921387
7 -147.461365 907.815308
7 -148.165222 916.758301
7 -148.400055 925.725891
7 -148.165222 934.693481
7 -147.461395 943.636475
7 -146.290497 952.530396
7 -144.655731 961.350891
7 -142.561584 970.073669
7 -140.013763 978.674927
7 -137.019318 987.131042
7 -133.586365 995.418823
7 -129.724396 1003.515625
7 -125.443962 1011.399170
7 -120.756813 1019.047913
7 -115.675758 1026.440918
7 -110.214760 1033.557739
7 -104.388763 1040.379150
7 -98.213760 1046.886230
7 -91.706673 1053.061157
7 -84.885307 1058.887085
7 -77.768394 1064.348145
7 -70.375427 1069.429077
7 -62.726669 1074.116211
7 -54.843086 1078.396729
7 -46.746292 1082.258545
7 -38.458477 1085.691528
7 -30.002350 1088.685913
7 -21.401096 1091.233765
7 -12.678288 1093.327881
7 -3.857834 1094.962646
7 5.036085 1096.133423
7 13.979094 1096.837280
37 15.407300 1065.335205
37 23.528145 1065.122559
37 31.626732 1064.485107
37 39.680866 1063.424805
37 47.668461 1061.944336
37 55.567635 1060.047974
37 63.356731 1057.740723
37 71.014404 1055.029053
37 78.519653 1051.920166
37 85.851929 1048.422852
37 92.991112 1044.546631
37 99.917648 1040.302002
37 106.612541 1035.700806
37 113.057449 1030.755371
37 119.234711 1025.479492
37 125.127373 1019.887634
37 130.719315 1013.994934
37 135.995193 1007.817688
37 140.940536 1001.372803
37 145.541824 994.677856
37 149.786407 987.751343
37 153.662659 980.612183
37 157.159973 973.279907
37 160.268753 965.774658
37 162.980469 958.117004
37 165.287704 950.327942
37 167.184128 942.428772
37 168.664551 934.441162
37 169.724884 926.387024
37 170.362259 918.288452
37 170.574921 910.167603
37 170.362274 902.046814
37 169.724915 893.948242
37 168.664566 885.894104
37 167.184158 877.906494
37 165.287750 870.007324
37 162.980515 862.218262
37 160.268799 854.560547
37 157.160034 847.055298
37 153.662735 839.723083
37 149.786499 832.583862
37 145.541916 825.657349
37 140.940659 818.962463
37 135.995316 812.517578
37 130.719452 806.340271
37 125.127533 800.447632
37 119.234871 794.855713
37 113.057632 789.579834
37 106.612740 784.634460
37 99.917862 780.033203
37 92.991341 775.788574
37 85.852173 771.912292
37 78.519913 768.414978
37 71.014671 765.306213
37 63.357018 762.594482
37 55.567936 760.287231
37 47.668774 758.390747
37 39.681190 756.910339
37 31.627068 755.849976
37 23.528492 755.212585
37 15.407657 754.999939
37 7.286819 755.212524
37 -0.811761 755.849915
37 -8.865884 756.910217
37 -16.853477 758.390625
37 -24.752647 760.287048
37 -32.541740 762.594238
37 -40.199409 765.305908
37 -47.704662 768.414673
37 -55.036938 771.911987
37 -62.176121 775.788208
37 -69.102654 780.032776
37 -75.797554 784.634033
37 -82.242470 789.579346
37 -88.419739 794.855225
37 -94.312431 800.447144
37 -99.904373 806.339783
37 -105.180267 812.516968
37 -110.125648 818.961914
37 -114.726974 825.656799
37 -118.971588 832.583374
37 -122.847870 839.722534
37 -126.345215 847.054871
37 -129.454025 854.560120
37 -132.165771 862.217834
37 -134.473038 870.006958
37 -136.369476 877.906128
37 -137.849915 885.893738
37 -138.910263 893.947937
37 -139.547653 902.046509
37 -139.760315 910.167419
37 -139.547668 918.288269
37 -138.910309 926.386902
37 -137.849960 934.441040
37 -136.369537 942.428650
37 -134.473099 950.327881
37 -132.165863 958.117004
37 -129.454132 965.774658
37 -126.345337 973.279968
37 -122.848007 980.612244
37 -118.971725 987.751465
37 -114.727127 994.678040
37 -110.125824 1001.372925
37 -105.180450 1007.817871
37 -99.904541 1013.995117
37 -94.312576 1019.887817
37 -88.419884 1025.479736
37 -82.242584 1030.755615
37 -75.797646 1035.701050
37 -69.102715 1040.302246
37 -62.176151 1044.546875
37 -55.036930 1048.423096
37 -47.704628 1051.920410
37 -40.199341 1055.029175
37 -32.541634 1057.740845
37 -24.752502 1060.048096
37 -16.853294 1061.944458
37 -8.865661 1063.424927
37 -0.811500 1064.485229
37 7.287119 1065.122559
67 5.145225 997.840271
67 11.503593 997.673767
67 17.844532 997.174744
67 24.150665 996.344482
67 30.404705 995.185425
67 36.589512 993.700562
67 42.688133 991.894043
67 48.683846 989.770874
67 54.560226 987.336792
67 60.301167 984.598511
67 65.890923 981.563477
67 71.314186 978.240112
67 76.556076 974.637451
67 81.602234 970.765442
67 86.438835 966.634583
67 91.052612 962.256287
67 95.430931 957.642456
67 99.561775 952.805908
67 103.433830 947.759705
67 107.036484 942.517822
67 110.359863 937.094543
67 113.394852 931.504822
67 116.133133 925.763916
67 118.567207 919.887512
67 120.690407 913.891785
67 122.496895 907.793213
67 123.981728 901.608398
67 125.140854 895.354370
67 125.971069 889.048218
67 126.470116 882.707275
67 126.636620 876.348938
67 126.470123 869.990601
67 125.971085 863.649658
67 125.140877 857.343506
67 123.981758 851.089478
67 122.496925 844.904663
67 120.690437 838.806091
67 118.567253 832.810364
67 116.133186 826.933960
67 113.394905 821.193054
67 110.359932 815.603271
67 107.036560 810.180054
67 103.433914 804.938171
67 99.561867 799.891968
67 95.431038 795.055420
67 91.052734 790.441589
67 86.438965 786.063293
67 81.602379 781.932434
67 76.556236 778.060364
67 71.314346 774.457764
67 65.891098 771.134338
67 60.301353 768.099365
67 54.560429 765.361084
67 48.684059 762.927002
67 42.688358 760.803772
67 36.589745 758.997253
67 30.404953 757.512390
67 24.150921 756.353271
67 17.844797 755.523071
67 11.503864 755.023987
67 5.145504 754.857483
67 -1.212858 755.023987
67 -7.553793 755.523010
67 -13.859920 756.353210
67 -20.113956 757.512329
67 -26.298759 758.997131
67 -32.397373 760.803589
67 -38.393089 762.926758
67 -44.269470 765.360840
67 -50.010406 768.099121
67 -55.600166 771.134094
67 -61.023430 774.457397
67 -66.265327 778.060059
67 -71.311493 781.932129
67 -76.148102 786.062927
67 -80.761894 790.441223
67 -85.140213 795.054993
67 -89.271072 799.891541
67 -93.143150 804.937744
67 -96.745842 810.179626
67 -100.069237 815.602905
67 -103.104256 821.192688
67 -105.842567 826.933594
67 -108.276665 832.809998
67 -110.399879 838.805725
67 -112.206390 844.904358
67 -113.691246 851.089172
67 -114.850380 857.343262
67 -115.680603 863.649414
67 -116.179657 869.990356
67 -116.346169 876.348755
67 -116.179672 882.707153
67 -115.680634 889.048096
67 -114.850418 895.354248
67 -113.691292 901.608337
67 -112.206451 907.793152
67 -110.399956 913.891785
67 -108.276749 919.887512
67 -105.842659 925.763916
67 -103.104362 931.504883
67 -100.069359 937.094666
67 -96.745964 942.517944
67 -93.143288 947.759827
67 -89.271217 952.806030
67 -85.140343 957.642639
67 -80.762009 962.256409
67 -76.148216 966.634766
67 -71.311584 970.765564
67 -66.265396 974.637634
67 -61.023476 978.240295
67 -55.600193 981.563660
67 -50.010403 984.598633
67 -44.269440 987.336914
67 -38.393036 989.770996
67 -32.397289 991.894165
67 -26.298645 993.700684
67 -20.113811 995.185486
67 -13.859746 996.344604
67 -7.553588 997.174805
67 -1.212624 997.673828
97 11.648881 1062.204346
97 19.522846 1061.998169
97 27.375229 1061.380127
97 35.184509 1060.352051
97 42.929279 1058.916626
97 50.588306 1057.077881
97 58.140610 1054.840820
97 65.565483 1052.211548
97 72.842567 1049.197266
97 79.951935 1045.806274
97 86.874077 1042.047852
97 93.590042 1037.932251
97 100.081398 1033.470947
97 106.330376 1028.675903
97 112.319847 1023.560425
97 118.033371 1018.138428
97 123.455315 1012.424927
97 128.570801 1006.435486
97 133.365814 1000.186462
97 137.827209 993.695129
97 141.942749 986.979126
97 145.701157 980.057007
97 149.092148 972.947693
97 152.106415 965.670593
97 154.735703 958.245728
97 156.972794 950.693420
97 158.811554 943.034424
97 160.246979 935.289673
97 161.275085 927.480408
97 161.893082 919.627991
97 162.099274 911.754028
97 161.893097 903.880066
97 161.275101 896.027710
97 160.246994 888.218445
97 158.811600 880.473694
97 156.972839 872.814636
97 154.735748 865.262390
97 152.106476 857.837524
97 149.092209 850.560425
97 145.701233 843.451050
97 141.942825 836.528931
97 137.827301 829.812988
97 133.365921 823.321594
97 128.570923 817.072632
97 123.455452 811.083130
97 118.033524 805.369629
97 112.320007 799.947693
97 106.330559 794.832214
97 100.081596 790.037170
97 93.590248 785.575806
97 86.874298 781.460205
97 79.952164 777.701782
97 72.842819 774.310791
97 65.565742 771.296509
97 58.140888 768.667236
97 50.588600 766.430115
97 42.929581 764.591309
97 35.184822 763.155884
97 27.375557 762.127808
97 19.523182 761.509766
97 11.649226 761.303589
97 3.775270 761.509766
97 -4.077106 762.127686
97 -11.886378 763.155823
97 -19.631142 764.591187
97 -27.290169 766.429932
97 -34.842468 768.666992
97 -42.267338 771.296265
97 -49.544426 774.310547
97 -56.653793 777.701477
97 -63.575943 781.459900
97 -70.291901 785.575439
97 -76.783272 790.036804
97 -83.032257 794.831787
97 -89.021736 799.947205
97 -94.735283 805.369141
97 -100.157227 811.082642
97 -105.272728 817.072083
97 -110.067772 823.321045
97 -114.529205 829.812439
97 -118.644775 836.528442
97 -122.403229 843.450562
97 -125.794250 850.559937
97 -128.808548 857.837036
97 -131.437851 865.261963
97 -133.674973 872.814270
97 -135.513763 880.473328
97 -136.949188 888.218140
97 -137.977310 896.027405
97 -138.595306 903.879822
97 -138.801514 911.753845
97 -138.595337 919.627808
97 -137.977341 927.480225
97 -136.949234 935.289551
97 -135.513809 943.034302
97 -133.675034 950.693359
97 -131.437943 958.245728
97 -128.808655 965.670593
97 -125.794357 972.947754
97 -122.403351 980.057129
97 -118.644913 986.979248
97 -114.529350 993.695251
97 -110.067940 1000.186646
97 -105.272903 1006.435608
97 -100.157387 1012.425110
97 -94.735420 1018.138672
97 -89.021873 1023.560608
97 -83.032372 1028.676025
97 -76.783363 1033.471069
97 -70.291969 1037.932495
97 -63.575974 1042.048096
97 -56.653786 1045.806396
97 -49.544392 1049.197388
97 -42.267269 1052.211670
97 -34.842365 1054.840942
97 -27.290031 1057.078003
97 -19.630966 1058.916748
97 -11.886163 1060.352173
97 -4.076854 1061.380249
97 3.775560 1061.998169
127 15.481751 1044.653564
127 22.912235 1044.458984
127 30.322350 1043.875854
127 37.691792 1042.905640
127 45.000351 1041.551025
127 52.228004 1039.815796
127 59.354942 1037.704712
127 66.361626 1035.223511
127 73.228851 1032.379028
127 79.937790 1029.179077
127 86.470062 1025.632324
127 92.807762 1021.748535
127 98.933517 1017.538452
127 104.830536 1013.013489
127 110.482658 1008.186157
127 115.874382 1003.069580
127 120.990952 997.677856
127 125.818314 992.025757
127 130.343262 986.128723
127 134.553375 980.002930
127 138.437119 973.665222
127 141.983856 967.132996
127 145.183853 960.424072
127 148.028351 953.556824
127 150.509537 946.550171
127 152.620621 939.423218
127 154.355835 932.195557
127 155.710403 924.887024
127 156.680603 917.517578
127 157.263794 910.107483
127 157.458374 902.677002
127 157.263809 895.246521
127 156.680618 887.836426
127 155.710419 880.466980
127 154.355865 873.158447
127 152.620667 865.930786
127 150.509583 858.803894
127 148.028397 851.797180
127 145.183899 844.929993
127 141.983917 838.221069
127 138.437195 831.688782
127 134.553467 825.351074
127 130.343353 819.225342
127 125.818420 813.328308
127 120.991074 807.676147
127 115.874527 802.284424
127 110.482811 797.167908
127 104.830704 792.340515
127 98.933701 787.815552
127 92.807961 783.605469
127 86.470276 779.721680
127 79.938011 776.174927
127 73.229088 772.974976
127 66.361870 770.130432
127 59.355202 767.649231
127 52.228279 765.538086
127 45.000637 763.802917
127 37.692085 762.448364
127 30.322659 761.478088
127 22.912552 760.894897
127 15.482078 760.700317
127 8.051603 760.894897
127 0.641494 761.478027
127 -6.727939 762.448242
127 -14.036496 763.802795
127 -21.264149 765.537964
127 -28.391079 767.649048
127 -35.397762 770.130188
127 -42.264984 772.974670
127 -48.973930 776.174683
127 -55.506203 779.721375
127 -61.843910 783.605103
127 -67.969666 787.815186
127 -73.866692 792.340088
127 -79.518829 797.167480
127 -84.910568 802.283997
127 -90.027138 807.675720
127 -94.854515 813.327820
127 -99.379486 819.224854
127 -103.589645 825.350586
127 -107.473419 831.688293
127 -111.020180 838.220581
127 -114.220215 844.929565
127 -117.064728 851.796753
127 -119.545959 858.803467
127 -121.657074 865.930420
127 -123.392303 873.158081
127 -124.746872 880.466675
127 -125.717087 887.836182
127 -126.300293 895.246277
127 -126.494873 902.676819
127 -126.300308 910.107300
127 -125.717117 917.517456
127 -124.746918 924.886902
127 -123.392349 932.195496
127 -121.657135 939.423218
127 -119.546036 946.550171
127 -117.064835 953.556885
127 -114.220322 960.424072
127 -111.020309 967.133057
127 -107.473549 973.665344
127 -103.589790 980.003052
127 -99.379654 986.128845
127 -94.854683 992.025879
127 -90.027290 997.677979
127 -84.910706 1003.069763
127 -79.518951 1008.186340
127 -73.866798 1013.013672
127 -67.969749 1017.538635
127 -61.843964 1021.748779
127 -55.506233 1025.632446
127 -48.973930 1029.179199
127 -42.264950 1032.379150
127 -35.397697 1035.223755
127 -28.390984 1037.704834
127 -21.264015 1039.815918
127 -14.036330 1041.551147
127 -6.727735 1042.905640
127 0.641732 1043.875854
127 8.051877 1044.458984
157 9.020913 1023.204163
157 16.013416 1023.021057
157 22.986752 1022.472290
157 29.921810 1021.559265
157 36.799576 1020.284546
157 43.601204 1018.651611
157 50.308052 1016.664917
157 56.901733 1014.329956
157 63.364178 1011.653137
157 69.677673 1008.641785
157 75.824905 1005.304077
157 81.789040 1001.649292
157 87.553719 997.687317
157 93.103142 993.429077
157 98.422104 988.886292
157 103.496025 984.071289
157 108.311005 978.997375
157 112.853821 973.678406
157 117.112045 968.129028
157 121.074005 962.364319
157 124.728828 956.400146
157 128.066498 950.252930
157 131.077881 943.939453
157 133.754715 937.477051
157 136.089661 930.883362
157 138.076309 924.176514
157 139.709244 917.374878
157 140.983963 910.497131
157 141.896988 903.562073
157 142.445801 896.588745
157 142.628906 889.596252
157 142.445801 882.603760
157 141.897003 875.630432
157 140.983994 868.695374
157 139.709274 861.817627
157 138.076355 855.015991
157 136.089691 848.309143
157 133.754761 841.715515
157 131.077942 835.253052
157 128.066574 828.939575
157 124.728897 822.792358
157 121.074081 816.828186
157 117.112137 811.063538
157 112.853928 805.514099
157 108.311119 800.195129
157 103.496162 795.121216
157 98.422249 790.306213
157 93.103302 785.763428
157 87.553894 781.505188
157 81.789223 777.543213
157 75.825104 773.888428
157 69.677879 770.550720
157 63.364399 767.539307
157 56.901966 764.862488
157 50.308300 762.527527
157 43.601463 760.540833
157 36.799847 758.907898
157 29.922089 757.633179
157 22.987041 756.720154
157 16.013714 756.171326
157 9.021220 755.988220
157 2.028726 756.171265
157 -4.944604 756.720093
157 -11.879653 757.633057
157 -18.757420 758.907776
157 -25.559044 760.540710
157 -32.265888 762.527344
157 -38.859570 764.862244
157 -45.322014 767.539063
157 -51.635509 770.550415
157 -57.782745 773.888062
157 -63.746880 777.542908
157 -69.511566 781.504822
157 -75.060997 785.763000
157 -80.379974 790.305847
157 -85.453903 795.120789
157 -90.268883 800.194702
157 -94.811722 805.513611
157 -99.069977 811.063049
157 -103.031967 816.827759
157 -106.686813 822.791870
157 -110.024513 828.939148
157 -113.035927 835.252625
157 -115.712784 841.715088
157 -118.047752 848.308777
157 -120.034431 855.015686
157 -121.667381 861.817322
157 -122.942116 868.695129
157 -123.855141 875.630188
157 -124.403954 882.603516
157 -124.587074 889.596069
157 -124.403969 896.588562
157 -123.855171 903.561951
157 -122.942146 910.497009
157 -121.667427 917.374817
157 -120.034492 924.176453
157 -118.047829 930.883362
157 -115.712875 937.477051
157 -113.036026 943.939514
157 -110.024635 950.253052
157 -106.686943 956.400269
157 -103.032097 962.364441
157 -99.070122 968.129150
157 -94.811874 973.678589
157 -90.269028 978.997559
157 -85.454033 984.071472
157 -80.380089 988.886475
157 -75.061096 993.429260
157 -69.511642 997.687500
157 -63.746933 1001.649475
157 -57.782776 1005.304260
157 -51.635506 1008.641968
157 -45.321980 1011.653320
157 -38.859509 1014.330139
157 -32.265797 1016.665100
157 -25.558922 1018.651733
157 -18.757259 1020.284607
157 -11.879462 1021.559326
157 -4.944379 1022.472290
157 2.028984 1023.021118
187 7.574656 1033.483643
187 14.749483 1033.295776
187 21.904644 1032.732666
187 29.020529 1031.795776
187 36.077629 1030.487915
187 43.056610 1028.812378
187 49.938332 1026.773926
187 56.703941 1024.378052
187 63.334885 1021.631470
187 69.813004 1018.541565
187 76.120522 1015.116821
187 82.240166 1011.366699
187 88.155151 1007.301453
187 93.849274 1002.932190
187 99.306931 998.270935
187 104.513145 993.330383
187 109.453674 988.124146
187 114.114944 982.666504
187 118.484200 976.972412
187 122.549461 971.057434
187 126.299583 964.937744
187 129.724289 958.630249
187 132.814194 952.152161
187 135.560822 945.521240
187 137.956650 938.755615
187 139.995102 931.873901
187 141.670593 924.894897
187 142.978561 917.837830
187 143.915390 910.721924
187 144.478516 903.566772
187 144.666397 896.391968
187 144.478516 889.217163
187 143.915405 882.062012
187 142.978592 874.946106
187 141.670639 867.889038
187 139.995148 860.910034
187 137.956680 854.028320
187 135.560867 847.262756
187 132.814240 840.631775
187 129.724350 834.153687
187 126.299660 827.846191
187 122.549545 821.726563
187 118.484299 815.811523
187 114.115051 810.117432
187 109.453796 804.659790
187 104.513290 799.453552
187 99.307083 794.513000
187 93.849442 789.851746
187 88.155334 785.482483
187 82.240356 781.417236
187 76.120728 777.667114
187 69.813217 774.242371
187 63.335114 771.152466
187 56.704178 768.405823
187 49.938583 766.010010
187 43.056870 763.971558
187 36.077908 762.296021
187 29.020815 760.988037
187 21.904942 760.051208
187 14.749788 759.488037
187 7.574970 759.300171
187 0.400151 759.488037
187 -6.755004 760.051147
187 -13.870882 760.987915
187 -20.927979 762.295898
187 -27.906954 763.971375
187 -34.788673 766.009827
187 -41.554283 768.405640
187 -48.185226 771.152222
187 -54.663345 774.242126
187 -60.970871 777.666809
187 -67.090515 781.416870
187 -73.005508 785.482117
187 -78.699646 789.851379
187 -84.157303 794.512634
187 -89.363541 799.453125
187 -94.304062 804.659302
187 -98.965355 810.116943
187 -103.334641 815.811035
187 -107.399933 821.726074
187 -111.150085 827.845703
187 -114.574814 834.153259
187 -117.664742 840.631348
187 -120.411400 847.262329
187 -122.807243 854.027954
187 -124.845726 860.909729
187 -126.521248 867.888733
187 -127.829231 874.945862
187 -128.766052 882.061768
187 -129.329178 889.216919
187 -129.517075 896.391785
187 -129.329193 903.566650
187 -128.766083 910.721802
187 -127.829262 917.837708
187 -126.521309 924.894836
187 -124.845787 931.873840
187 -122.807335 938.755615
187 -120.411499 945.521240
187 -117.664848 952.152222
187 -114.574936 958.630310
187 -111.150215 964.937866
187 -107.400078 971.057556
187 -103.334793 976.972534
187 -98.965515 982.666687
187 -94.304214 988.124329
187 -89.363670 993.330566
187 -84.157433 998.271118
187 -78.699738 1002.932373
187 -73.005592 1007.301636
187 -67.090576 1011.366882
187 -60.970901 1015.117004
187 -54.663338 1018.541748
187 -48.185196 1021.631592
187 -41.554222 1024.378174
187 -34.788582 1026.774048
187 -27.906828 1028.812500
187 -20.927818 1030.488037
187 -13.870686 1031.795898
187 -6.754773 1032.732666
187 0.400415 1033.295776
217 0.106182 1030.966797
217 7.240460 1030.780029
217 14.355184 1030.220093
217 21.430853 1029.288574
217 28.448072 1027.987915
217 35.387608 1026.321899
217 42.230438 1024.294922
217 48.957809 1021.912659
217 55.551281 1019.181580
217 61.992786 1016.109131
217 68.264656 1012.703796
217 74.349716 1008.974854
217 80.231270 1004.932556
217 85.893219 1000.588013
217 91.320030 995.953064
217 96.496819 991.040466
217 101.409424 985.863708
217 106.044350 980.436890
217 110.388916 974.774902
217 114.431206 968.893372
217 118.160133 962.808289
217 121.565475 956.536438
217 124.637909 950.094971
217 127.369019 943.501465
217 129.751312 936.774109
217 131.778244 929.931274
217 133.444275 922.991760
217 134.744843 915.974548
217 135.676376 908.898926
217 136.236328 901.784180
217 136.423141 894.649902
217 136.236328 887.515625
217 135.676392 880.400940
217 134.744873 873.325256
217 133.444305 866.308044
217 131.778290 859.368530
217 129.751358 852.525696
217 127.369064 845.798340
217 124.637970 839.204895
217 121.565544 832.763367
217 118.160202 826.491516
217 114.431282 820.406433
217 110.389008 814.524902
217 106.044456 808.862915
217 101.409546 803.436157
217 96.496956 798.259338
217 91.320175 793.346741
217 85.893379 788.711792
217 80.231453 784.367249
217 74.349899 780.324951
217 68.264862 776.596008
217 61.993000 773.190674
217 55.551510 770.118225
217 48.958050 767.387085
217 42.230690 765.004761
217 35.387871 762.977844
217 28.448347 761.311768
217 21.431139 760.011230
217 14.355478 759.079712
217 7.240765 758.519714
217 0.106495 758.332886
217 -7.027776 758.519653
217 -14.142494 759.079590
217 -21.218155 760.011108
217 -28.235369 761.311646
217 -35.174900 762.977661
217 -42.017731 765.004639
217 -48.745102 767.386841
217 -55.338573 770.117981
217 -61.780079 773.190369
217 -68.051956 776.595703
217 -74.137016 780.324585
217 -80.018585 784.366882
217 -85.680534 788.711426
217 -91.107353 793.346313
217 -96.284164 798.258911
217 -101.196770 803.435669
217 -105.831711 808.862427
217 -110.176308 814.524414
217 -114.218628 820.405945
217 -117.947578 826.491028
217 -121.352959 832.762939
217 -124.425423 839.204468
217 -127.156555 845.797913
217 -129.538864 852.525330
217 -131.565811 859.368164
217 -133.231873 866.307739
217 -134.532455 873.324951
217 -135.463989 880.400635
217 -136.023941 887.515381
217 -136.210770 894.649719
217 -136.023956 901.783997
217 -135.464020 908.898743
217 -134.532486 915.974487
217 -133.231918 922.991699
217 -131.565887 929.931274
217 -129.538940 936.774109
217 -127.156654 943.501526
217 -124.425529 950.094971
217 -121.353081 956.536499
217 -117.947708 962.808411
217 -114.218765 968.893494
217 -110.176460 974.775085
217 -105.831871 980.437012
217 -101.196915 985.863831
217 -96.284294 991.040649
217 -91.107475 995.953247
217 -85.680634 1000.588196
217 -80.018661 1004.932739
217 -74.137077 1008.975037
217 -68.051987 1012.703979
217 -61.780075 1016.109314
217 -55.338539 1019.181763
217 -48.745041 1021.912842
217 -42.017635 1024.295166
217 -35.174774 1026.322021
217 -28.235209 1027.988037
217 -21.217958 1029.288574
217 -14.142264 1030.220093
217 -7.027513 1030.780029
247 0.294699 995.055969
247 6.746780 994.887024
247 13.181175 994.380615
247 19.580252 993.538147
247 25.926466 992.361938
247 32.202423 990.855225
247 38.390930 989.022095
247 44.475014 986.867615
247 50.438000 984.397705
247 56.263554 981.619019
247 61.935692 978.539307
247 67.438881 975.166931
247 72.758034 971.511230
247 77.878563 967.582092
247 82.786453 963.390381
247 87.468224 958.947510
247 91.911072 954.265747
247 96.102798 949.357849
247 100.031921 944.237305
247 103.687675 938.918152
247 107.060036 933.414978
247 110.139755 927.742859
247 112.918396 921.917297
247 115.388344 915.954346
247 117.542831 909.870239
247 119.375946 903.681763
247 120.882668 897.405762
247 122.058876 891.059570
247 122.901329 884.660522
247 123.407730 878.226135
247 123.576683 871.774048
247 123.407730 865.321960
247 122.901344 858.887573
247 122.058891 852.488525
247 120.882690 846.142334
247 119.375977 839.866333
247 117.542862 833.677856
247 115.388390 827.593811
247 112.918442 821.630798
247 110.139809 815.805237
247 107.060104 810.133118
247 103.687752 804.629944
247 100.032005 799.310791
247 96.102890 794.190247
247 91.911186 789.282349
247 87.468353 784.600586
247 82.786583 780.157715
247 77.878716 775.966003
247 72.758194 772.036865
247 67.439049 768.381104
247 61.935875 765.008789
247 56.263744 761.929016
247 50.438206 759.150391
247 44.475227 756.680420
247 38.391155 754.525940
247 32.202663 752.692810
247 25.926714 751.186035
247 19.580509 750.009827
247 13.181442 749.167358
247 6.747055 748.660950
247 0.294982 748.492004
247 -6.157091 748.660950
247 -12.591482 749.167358
247 -18.990551 750.009766
247 -25.336761 751.185974
247 -31.612717 752.692627
247 -37.801216 754.525757
247 -43.885300 756.680237
247 -49.848286 759.150146
247 -55.673840 761.928772
247 -61.345982 765.008484
247 -66.849174 768.380798
247 -72.168327 772.036560
247 -77.288872 775.965637
247 -82.196762 780.157349
247 -86.878555 784.600159
247 -91.321404 789.281921
247 -95.513138 794.189819
247 -99.442291 799.310364
247 -103.098076 804.629517
247 -106.470459 810.132690
247 -109.550201 815.804871
247 -112.328873 821.630432
247 -114.798843 827.593445
247 -116.953354 833.677551
247 -118.786491 839.866028
247 -120.293236 846.142029
247 -121.469452 852.488281
247 -122.311913 858.887329
247 -122.818321 865.321777
247 -122.987282 871.773865
247 -122.818329 878.225952
247 -122.311943 884.660400
247 -121.469482 891.059509
247 -120.293282 897.405701
247 -118.786545 903.681702
247 -116.953430 909.870239
247 -114.798935 915.954346
247 -112.328972 921.917358
247 -109.550316 927.742920
247 -106.470573 933.415100
247 -103.098198 938.918274
247 -99.442429 944.237427
247 -95.513283 949.357971
247 -91.321533 954.265869
247 -86.878670 958.947632
247 -82.196877 963.390503
247 -77.288956 967.582275
247 -72.168404 971.511353
247 -66.849228 975.167114
247 -61.346008 978.539490
247 -55.673836 981.619202
247 -49.848259 984.397827
247 -43.885242 986.867798
247 -37.801132 989.022217
247 -31.612604 990.855347
247 -25.336617 992.362061
247 -18.990374 993.538208
247 -12.591274 994.380676
247 -6.156853 994.887024
277 14.589345 951.831848
277 19.845444 951.694214
277 25.087135 951.281738
277 30.300053 950.595398
277 35.469906 949.637207
277 40.582531 948.409790
277 45.623909 946.916504
277 50.580219 945.161377
277 55.437885 943.149231
277 60.183590 940.885681
277 64.804321 938.376831
277 69.287422 935.629578
277 73.620590 932.651489
277 77.791962 929.450623
277 81.790108 926.035889
277 85.604050 922.416626
277 89.223351 918.602661
277 92.638084 914.604553
277 95.838890 910.433167
277 98.817001 906.099976
277 101.564247 901.616882
277 104.073090 896.996155
277 106.336678 892.250488
277 108.348785 887.392822
277 110.103905 882.436523
277 111.597229 877.395142
277 112.824661 872.282532
277 113.782837 867.112671
277 114.469131 861.899719
277 114.881660 856.658081
277 115.019302 851.401978
277 114.881668 846.145874
277 114.469147 840.904175
277 113.782860 835.691284
277 112.824684 830.521423
277 111.597260 825.408813
277 110.103935 820.367432
277 108.348824 815.411133
277 106.336716 810.553467
277 104.073143 805.807739
277 101.564301 801.187012
277 98.817062 796.703918
277 95.838959 792.370789
277 92.638161 788.199402
277 89.223442 784.201294
277 85.604149 780.387329
277 81.790215 776.768005
277 77.792084 773.353271
277 73.620720 770.152466
277 69.287560 767.174377
277 64.804474 764.427124
277 60.183746 761.918274
277 55.438053 759.654663
277 50.580399 757.642578
277 45.624096 755.887390
277 40.582726 754.394104
277 35.470108 753.166626
277 30.300262 752.208435
277 25.087353 751.522156
277 19.845667 751.109619
277 14.589576 750.971985
277 9.333483 751.109619
277 4.091797 751.522095
277 -1.121116 752.208374
277 -6.290967 753.166565
277 -11.403588 754.393982
277 -16.444965 755.887268
277 -21.401279 757.642395
277 -26.258945 759.654480
277 -31.004650 761.918030
277 -35.625381 764.426880
277 -40.108479 767.174133
277 -44.441654 770.152222
277 -48.613033 773.352966
277 -52.611179 776.767700
277 -56.425137 780.386963
277 -60.044437 784.200928
277 -63.459179 788.199036
277 -66.660004 792.370422
277 -69.638145 796.703613
277 -72.385406 801.186707
277 -74.894279 805.807434
277 -77.157883 810.553162
277 -79.170013 815.410828
277 -80.925148 820.367188
277 -82.418488 825.408569
277 -83.645935 830.521179
277 -84.604126 835.691040
277 -85.290428 840.903992
277 -85.702965 846.145691
277 -85.840607 851.401794
277 -85.702972 856.657959
277 -85.290451 861.899658
277 -84.604156 867.112610
277 -83.645973 872.282471
277 -82.418541 877.395081
277 -80.925209 882.436523
277 -79.170082 887.392822
277 -77.157959 892.250488
277 -74.894371 896.996216
277 -72.385498 901.616943
277 -69.638245 906.100098
277 -66.660118 910.433289
277 -63.459301 914.604614
277 -60.044544 918.602783
277 -56.425228 922.416748
277 -52.611271 926.036072
277 -48.613106 929.450806
277 -44.441715 932.651611
277 -40.108521 935.629700
277 -35.625404 938.376953
277 -31.004646 940.885803
277 -26.258919 943.149353
277 -21.401234 945.161499
277 -16.444897 946.916565
277 -11.403495 948.409912
277 -6.290849 949.637329
277 -1.120972 950.595459
277 4.091966 951.281738
277 9.333677 951.694275
307 22.916023 916.101318
307 27.361118 915.984924
307 31.794029 915.636047
307 36.202606 915.055664
307 40.574768 914.245361
307 44.898521 913.207275
307 49.162033 911.944397
307 53.353600 910.460083
307 57.461735 908.758423
307 61.475189 906.844116
307 65.382950 904.722351
307 69.174316 902.398987
307 72.838898 899.880432
307 76.366638 897.173462
307 79.747871 894.285645
307 82.973328 891.224792
307 86.034187 887.999329
307 88.922035 884.618103
307 91.628960 881.090332
307 94.147552 877.425781
307 96.470909 873.634399
307 98.592651 869.726624
307 100.506966 865.713196
307 102.208611 861.605042
307 103.692924 857.413513
307 104.955826 853.150024
307 105.993866 848.826233
307 106.804207 844.454102
307 107.384605 840.045532
307 107.733482 835.612610
307 107.849884 831.167542
307 107.733490 826.722412
307 107.384613 822.289551
307 106.804222 817.880981
307 105.993889 813.508789
307 104.955849 809.185059
307 103.692947 804.921570
307 102.208641 800.729980
307 100.506996 796.621826
307 98.592690 792.608398
307 96.470955 788.700623
307 94.147606 784.909241
307 91.629021 781.244690
307 88.922096 777.716980
307 86.034264 774.335693
307 82.973419 771.110229
307 79.747963 768.049377
307 76.366730 765.161560
307 72.839005 762.454590
307 69.174438 759.936035
307 65.383080 757.612671
307 61.475323 755.490906
307 57.461880 753.576599
307 53.353745 751.874939
307 49.162186 750.390625
307 44.898689 749.127686
307 40.574936 748.089661
307 36.202785 747.279297
307 31.794212 746.698914
307 27.361307 746.350037
307 22.916218 746.233643
307 18.471128 746.350037
307 14.038221 746.698853
307 9.629648 747.279297
307 5.257492 748.089600
307 0.933735 749.127625
307 -3.329769 750.390503
307 -7.521336 751.874817
307 -11.629475 753.576416
307 -15.642929 755.490723
307 -19.550694 757.612488
307 -23.342060 759.935791
307 -27.006638 762.454407
307 -30.534386 765.161316
307 -33.915627 768.049133
307 -37.141098 771.109985
307 -40.201954 774.335449
307 -43.089806 777.716675
307 -45.796761 781.244385
307 -48.315376 784.908997
307 -50.638741 788.700317
307 -52.760498 792.608093
307 -54.674835 796.621582
307 -56.376495 800.729736
307 -57.860825 804.921326
307 -59.123741 809.184814
307 -60.161804 813.508606
307 -60.972145 817.880798
307 -61.552551 822.289368
307 -61.901428 826.722290
307 -62.017838 831.167419
307 -61.901443 835.612488
307 -61.552567 840.045410
307 -60.972168 844.454041
307 -60.161835 848.826233
307 -59.123787 853.149963
307 -57.860878 857.413513
307 -56.376556 861.605103
307 -54.674904 865.713257
307 -52.760574 869.726685
307 -50.638824 873.634460
307 -48.315460 877.425842
307 -45.796852 881.090454
307 -43.089912 884.618164
307 -40.202042 887.999451
307 -37.141178 891.224915
307 -33.915703 894.285767
307 -30.534443 897.173584
307 -27.006691 899.880554
307 -23.342098 902.399109
307 -19.550713 904.722473
307 -15.642925 906.844238
307 -11.629456 908.758545
307 -7.521297 910.460144
307 -3.329710 911.944458
307 0.933813 913.207397
307 5.257591 914.245422
307 9.629769 915.055725
307 14.038364 915.636108
307 18.471292 915.984985
337 10.727468 935.927246
337 15.615000 935.799255
337 20.489136 935.415649
337 25.336515 934.777466
337 30.143852 933.886536
337 34.897968 932.745117
337 39.585838 931.356567
337 44.194603 929.724487
337 48.711647 927.853455
337 53.124573 925.748596
337 57.421288 923.415649
337 61.590027 920.861084
337 65.619347 918.091797
337 69.498215 915.115417
337 73.215996 911.940186
337 76.762505 908.574646
337 80.128014 905.028137
337 83.303299 901.310364
337 86.279663 897.431519
337 89.048943 893.402161
337 91.603546 889.233398
337 93.936470 884.936707
337 96.041321 880.523804
337 97.912346 876.006775
337 99.544395 871.398010
337 100.932999 866.710144
337 102.074356 861.955994
337 102.965355 857.148682
337 103.603523 852.301331
337 103.987129 847.427185
337 104.115112 842.539673
337 103.987129 837.652161
337 103.603531 832.778015
337 102.965370 827.930664
337 102.074379 823.123291
337 100.933029 818.369202
337 99.544418 813.681335
337 97.912376 809.072571
337 96.041367 804.555542
337 93.936516 800.142578
337 91.603592 795.845886
337 89.048996 791.677124
337 86.279724 787.647827
337 83.303375 783.768982
337 80.128098 780.051147
337 76.762596 776.504639
337 73.216103 773.139160
337 69.498329 769.963867
337 65.619469 766.987488
337 61.590157 764.218262
337 57.421425 761.663635
337 53.124718 759.330688
337 48.711800 757.225830
337 44.194771 755.354797
337 39.586010 753.722717
337 34.898148 752.334106
337 30.144039 751.192749
337 25.336710 750.301758
337 20.489338 749.663574
337 15.615209 749.279968
337 10.727683 749.151978
337 5.840157 749.279968
337 0.966025 749.663513
337 -3.881349 750.301697
337 -8.688683 751.192688
337 -13.442799 752.333984
337 -18.130665 753.722595
337 -22.739431 755.354614
337 -27.256472 757.225647
337 -31.669397 759.330505
337 -35.966118 761.663391
337 -40.134857 764.218018
337 -44.164185 766.987244
337 -48.043053 769.963623
337 -51.760849 773.138855
337 -55.307358 776.504395
337 -58.672867 780.050842
337 -61.848167 783.768616
337 -64.824547 787.647522
337 -67.593849 791.676819
337 -70.148468 795.845581
337 -72.481415 800.142273
337 -74.586296 804.555237
337 -76.457329 809.072266
337 -78.089394 813.681091
337 -79.478020 818.368958
337 -80.619400 823.123047
337 -81.510391 827.930420
337 -82.148567 832.777832
337 -82.532181 837.651978
337 -82.660172 842.539551
337 -82.532188 847.427063
337 -82.148590 852.301208
337 -81.510422 857.148621
337 -80.619431 861.955994
337 -79.478065 866.710083
337 -78.089455 871.398010
337 -76.457397 876.006775
337 -74.586365 880.523804
337 -72.481499 884.936768
337 -70.148560 889.233521
337 -67.593948 893.402222
337 -64.824654 897.431580
337 -61.848274 901.310486
337 -58.672974 905.028259
337 -55.307449 908.574768
337 -51.760925 911.940308
337 -48.043121 915.115540
337 -44.164238 918.091919
337 -40.134895 920.861206
337 -35.966141 923.415833
337 -31.669397 925.748718
337 -27.256449 927.853577
337 -22.739389 929.724609
337 -18.130600 931.356628
337 -13.442711 932.745239
337 -8.688572 933.886597
337 -3.881215 934.777588
337 0.966183 935.415710
337 5.840337 935.799316
367 22.641121 834.196045
367 25.086483 834.132019
367 27.525143 833.940125
367 29.950417 833.620789
367 32.355656 833.175049
367 34.734268 832.604004
367 37.079731 831.909241
367 39.385620 831.092651
367 41.645615 830.156555
367 43.853523 829.103394
367 46.003284 827.936218
367 48.089012 826.658081
367 50.104988 825.272522
367 52.045692 823.783386
367 53.905800 822.194702
367 55.680210 820.510803
367 57.364063 818.736389
367 58.952744 816.876343
367 60.441895 814.935608
367 61.827442 812.919617
367 63.105576 810.833923
367 64.272797 808.684143
367 65.325912 806.476257
367 66.262039 804.216248
367 67.078598 801.910339
367 67.773354 799.564880
367 68.344406 797.186279
367 68.790192 794.781067
367 69.109482 792.355774
367 69.301414 789.917114
367 69.365448 787.471741
367 69.301414 785.026428
367 69.109489 782.587769
367 68.790199 780.162476
367 68.344421 777.757263
367 67.773361 775.378662
367 67.078613 773.033142
367 66.262054 770.727295
367 65.325935 768.467285
367 64.272827 766.259399
367 63.105602 764.109619
367 61.827469 762.023926
367 60.441929 760.007935
367 58.952782 758.067200
367 57.364105 756.207092
367 55.680256 754.432678
367 53.905849 752.748840
367 52.045746 751.160156
367 50.105053 749.671021
367 48.089081 748.285461
367 46.003357 747.007324
367 43.853596 745.840088
367 41.645695 744.786987
367 39.385704 743.850830
367 37.079819 743.034302
367 34.734356 742.339539
367 32.355751 741.768494
367 29.950514 741.322693
367 27.525244 741.003357
367 25.086588 740.811462
367 22.641228 740.747437
367 20.195869 740.811462
367 17.757210 741.003357
367 15.331940 741.322632
367 12.926702 741.768433
367 10.548092 742.339478
367 8.202628 743.034241
367 5.896738 743.850769
367 3.636744 744.786865
367 1.428837 745.840027
367 -0.720926 747.007202
367 -2.806656 748.285339
367 -4.822636 749.670898
367 -6.763340 751.160034
367 -8.623449 752.748718
367 -10.397865 754.432556
367 -12.081718 756.206970
367 -13.670406 758.067078
367 -15.159569 760.007751
367 -16.545124 762.023743
367 -17.823269 764.109497
367 -18.990505 766.259216
367 -20.043629 768.467163
367 -20.979759 770.727173
367 -21.796326 773.033020
367 -22.491089 775.378540
367 -23.062153 777.757141
367 -23.507942 780.162354
367 -23.827236 782.587646
367 -24.019169 785.026306
367 -24.083206 787.471680
367 -24.019173 789.917053
367 -23.827248 792.355713
367 -23.507957 794.781006
367 -23.062168 797.186279
367 -22.491112 799.564880
367 -21.796352 801.910339
367 -20.979794 804.216248
367 -20.043667 806.476257
367 -18.990547 808.684143
367 -17.823315 810.833923
367 -16.545170 812.919678
367 -15.159622 814.935669
367 -13.670460 816.876343
367 -12.081772 818.736450
367 -10.397907 820.510864
367 -8.623491 822.194763
367 -6.763372 823.783447
367 -4.822662 825.272583
367 -2.806675 826.658142
367 -0.720936 827.936279
367 1.428839 829.103455
367 3.636755 830.156616
367 5.896759 831.092712
367 8.202660 831.909241
367 10.548136 832.604004
367 12.926758 833.175049
367 15.332006 833.620850
367 17.757290 833.940125
367 20.195959 834.132019
397 13.729696 875.349182
397 16.605482 875.273865
397 19.473385 875.048157
397 22.325546 874.672668
397 25.154144 874.148438
397 27.951429 873.476868
397 30.709736 872.659790
397 33.421501 871.699524
397 36.079288 870.598633
397 38.675819 869.360168
397 41.203976 867.987488
397 43.656830 866.484375
397 46.027649 864.854980
397 48.309944 863.103699
397 50.497459 861.235352
397 52.584190 859.255127
397 54.564438 857.168396
397 56.432747 854.980896
397 58.184013 852.698608
397 59.813438 850.327759
397 61.316544 847.874939
397 62.689224 845.346741
397 63.927704 842.750244
397 65.028595 840.092468
397 65.988876 837.380676
397 66.805923 834.622375
397 67.477493 831.825073
397 68.001747 828.996521
397 68.377235 826.144348
397 68.602951 823.276428
397 68.678253 820.400635
397 68.602951 817.524902
397 68.377243 814.656982
397 68.001755 811.804810
397 67.477509 808.976257
397 66.805939 806.178955
397 65.988899 803.420654
397 65.028610 800.708862
397 63.927727 798.051086
397 62.689247 795.454590
397 61.316574 792.926392
397 59.813469 790.473572
397 58.184052 788.102722
397 56.432793 785.820435
397 54.564484 783.632935
397 52.584251 781.546204
397 50.497520 779.565979
397 48.310013 777.697632
397 46.027718 775.946350
397 43.656902 774.316956
397 41.204056 772.813843
397 38.675903 771.441162
397 36.079380 770.202698
397 33.421593 769.101746
397 30.709837 768.141479
397 27.951536 767.324402
397 25.154255 766.652832
397 22.325661 766.128601
397 19.473503 765.753113
397 16.605604 765.527405
397 13.729822 765.452087
397 10.854040 765.527344
397 7.986140 765.753052
397 5.133983 766.128540
397 2.305385 766.652832
397 -0.491899 767.324341
397 -3.250204 768.141418
397 -5.961967 769.101685
397 -8.619757 770.202576
397 -11.216290 771.441040
397 -13.744446 772.813721
397 -16.197296 774.316833
397 -18.568121 775.946228
397 -20.850420 777.697510
397 -23.037939 779.565796
397 -25.124681 781.546021
397 -27.104921 783.632751
397 -28.973242 785.820251
397 -30.724520 788.102539
397 -32.353958 790.473389
397 -33.857079 792.926208
397 -35.229759 795.454407
397 -36.468254 798.050903
397 -37.569160 800.708740
397 -38.529457 803.420471
397 -39.346512 806.178833
397 -40.018089 808.976074
397 -40.542343 811.804688
397 -40.917839 814.656860
397 -41.143555 817.524780
397 -41.218864 820.400574
397 -41.143562 823.276367
397 -40.917854 826.144287
397 -40.542358 828.996460
397 -40.018105 831.825073
397 -39.346535 834.622375
397 -38.529488 837.380676
397 -37.569199 840.092468
397 -36.468300 842.750244
397 -35.229813 845.346802
397 -33.857124 847.874939
397 -32.354012 850.327820
397 -30.724585 852.698669
397 -28.973307 854.980957
397 -27.104982 857.168457
397 -25.124731 859.255188
397 -23.037989 861.235474
397 -20.850462 863.103760
397 -18.568155 864.855042
397 -16.197321 866.484436
397 -13.744457 867.987549
397 -11.216288 869.360229
397 -8.619743 870.598694
397 -5.961943 871.699585
397 -3.250166 872.659851
397 -0.491849 873.476929
397 2.305449 874.148499
397 5.134061 874.672729
397 7.986232 875.048218
397 10.854146 875.273926
427 10.475008 848.112427
427 12.266150 848.065552
427 14.052384 847.924927
427 15.828813 847.691101
427 17.590567 847.364563
427 19.332817 846.946289
427 21.050789 846.437378
427 22.739773 845.839294
427 24.395138 845.153625
427 26.012352 844.382263
427 27.586979 843.527283
427 29.114704 842.591125
427 30.591335 841.576233
427 32.012833 840.485474
427 33.375298 839.321838
427 34.674988 838.088501
427 35.908356 836.788757
427 37.072006 835.426331
427 38.162758 834.004822
427 39.177620 832.528198
427 40.113815 831.000488
427 40.968765 829.425842
427 41.740135 827.808594
427 42.425812 826.153259
427 43.023911 824.464294
427 43.532791 822.746277
427 43.951073 821.004028
427 44.277596 819.242310
427 44.511467 817.465881
427 44.652046 815.679626
427 44.698952 813.888489
427 44.652046 812.097351
427 44.511467 810.311157
427 44.277603 808.534729
427 43.951080 806.772949
427 43.532806 805.030701
427 43.023918 803.312744
427 42.425819 801.623779
427 41.740150 799.968384
427 40.968781 798.351196
427 40.113831 796.776550
427 39.177643 795.248840
427 38.162781 793.772217
427 37.072033 792.350708
427 35.908386 790.988220
427 34.675026 789.688538
427 33.375332 788.455200
427 32.012871 787.291504
427 30.591381 786.200745
427 29.114750 785.185913
427 27.587030 784.249695
427 26.012405 783.394775
427 24.395195 782.623413
427 22.739832 781.937683
427 21.050850 781.339600
427 19.332882 780.830688
427 17.590635 780.412415
427 15.828884 780.085938
427 14.052458 779.852051
427 12.266228 779.711426
427 10.475086 779.664551
427 8.683946 779.711426
427 6.897714 779.852051
427 5.121288 780.085876
427 3.359535 780.412415
427 1.617286 780.830688
427 -0.100685 781.339539
427 -1.789669 781.937622
427 -3.445037 782.623352
427 -5.062250 783.394714
427 -6.636877 784.249634
427 -8.164602 785.185791
427 -9.641237 786.200684
427 -11.062735 787.291443
427 -12.425200 788.455078
427 -13.724897 789.688416
427 -14.958263 790.988098
427 -16.121920 792.350586
427 -17.212679 793.772095
427 -18.227551 795.248718
427 -19.163748 796.776428
427 -20.018707 798.351074
427 -20.790085 799.968262
427 -21.475767 801.623657
427 -22.073874 803.312622
427 -22.582766 805.030640
427 -23.001047 806.772888
427 -23.327574 808.534607
427 -23.561445 810.311096
427 -23.702028 812.097290
427 -23.748934 813.888428
427 -23.702032 815.679626
427 -23.561453 817.465820
427 -23.327581 819.242310
427 -23.001059 821.004028
427 -22.582781 822.746277
427 -22.073893 824.464294
427 -21.475792 826.153259
427 -20.790112 827.808655
427 -20.018738 829.425842
427 -19.163780 831.000488
427 -18.227585 832.528198
427 -17.212719 834.004883
427 -16.121960 835.426331
427 -14.958300 836.788818
427 -13.724930 838.088501
427 -12.425230 839.321899
427 -11.062759 840.485535
427 -9.641256 841.576294
427 -8.164616 842.591125
427 -6.636885 843.527344
427 -5.062249 844.382263
427 -3.445028 845.153687
427 -1.789654 845.839355
427 -0.100661 846.437439
427 1.617317 846.946289
427 3.359576 847.364563
427 5.121337 847.691101
427 6.897772 847.924988
427 8.684011 848.065552
457 7.955523 869.734741
457 9.593252 869.691895
457 11.226492 869.563354
457 12.850767 869.349487
457 14.461624 869.050903
457 16.054647 868.668457
457 17.625473 868.203186
457 19.169792 867.656311
457 20.683376 867.029358
457 22.162073 866.324036
457 23.601830 865.542358
457 24.998703 864.686340
457 26.348862 863.758423
457 27.648602 862.761047
457 28.894371 861.697083
457 30.082741 860.569336
457 31.210468 859.380981
457 32.274452 858.135193
457 33.271782 856.835449
457 34.199718 855.485291
457 35.055725 854.088440
457 35.837448 852.648682
457 36.542747 851.169983
457 37.169693 849.656433
457 37.716568 848.112122
457 38.181866 846.541260
457 38.564316 844.948242
457 38.862873 843.337402
457 39.076714 841.713135
457 39.205250 840.079895
457 39.248138 838.442139
457 39.205254 836.804443
457 39.076717 835.171204
457 38.862877 833.546936
457 38.564323 831.936035
457 38.181873 830.343018
457 37.716576 828.772217
457 37.169704 827.227905
457 36.542763 825.714294
457 35.837463 824.235596
457 35.055740 822.795837
457 34.199738 821.398987
457 33.271801 820.048828
457 32.274475 818.749084
457 31.210499 817.503296
457 30.082775 816.314941
457 28.894402 815.187256
457 27.648640 814.123230
457 26.348900 813.125916
457 24.998745 812.197998
457 23.601877 811.341980
457 22.162121 810.560242
457 20.683430 809.854919
457 19.169849 809.227966
457 17.625530 808.681091
457 16.054708 808.215820
457 14.461687 807.833374
457 12.850832 807.534790
457 11.226561 807.320984
457 9.593323 807.192444
457 7.955595 807.149536
457 6.317868 807.192383
457 4.684629 807.320923
457 3.060357 807.534790
457 1.449501 807.833313
457 -0.143522 808.215759
457 -1.714347 808.681091
457 -3.258667 809.227905
457 -4.772250 809.854858
457 -6.250947 810.560181
457 -7.690705 811.341919
457 -9.087577 812.197876
457 -10.437737 813.125854
457 -11.737481 814.123169
457 -12.983251 815.187134
457 -14.171626 816.314819
457 -15.299354 817.503235
457 -16.363342 818.748962
457 -17.360676 820.048706
457 -18.288620 821.398865
457 -19.144630 822.795776
457 -19.926361 824.235535
457 -20.631672 825.714233
457 -21.258625 827.227783
457 -21.805500 828.772156
457 -22.270805 830.342957
457 -22.653263 831.935974
457 -22.951820 833.546875
457 -23.165661 835.171143
457 -23.294201 836.804382
457 -23.337090 838.442139
457 -23.294205 840.079834
457 -23.165668 841.713074
457 -22.951828 843.337341
457 -22.653271 844.948242
457 -22.270821 846.541260
457 -21.805519 848.112122
457 -21.258644 849.656433
457 -20.631695 851.169983
457 -19.926392 852.648682
457 -19.144661 854.088440
457 -18.288654 855.485352
457 -17.360710 856.835510
457 -16.363377 858.135254
457 -15.299386 859.381042
457 -14.171657 860.569397
457 -12.983277 861.697144
457 -11.737504 862.761108
457 -10.437755 863.758423
457 -9.087590 864.686401
457 -7.690712 865.542358
457 -6.250946 866.324097
457 -4.772243 867.029419
457 -3.258654 867.656372
457 -1.714326 868.203186
457 -0.143494 868.668518
457 1.449538 869.050964
457 3.060401 869.349487
457 4.684682 869.563354
457 6.317928 869.691895
