971.775818
971.641479
971.238831
970.568970
969.633667
968.435608
966.978027
965.264893
963.300903
961.091431
958.642578
955.961060
953.054199
949.929932
946.596863
943.064148
939.341431
935.438904
931.367310
927.137817
922.761963
918.251709
913.619568
908.878052
904.040344
899.119507
894.129211
889.083008
883.994812
878.878479
873.748108
868.617737
863.501404
858.413208
853.367004
848.376648
843.455872
838.618103
833.876648
829.244446
824.734253
820.358398
816.128845
812.057251
808.154785
804.432007
800.899292
797.566284
794.442017
791.535156
788.853577
786.404724
784.195313
782.231323
780.518127
779.060547
777.862427
776.927185
776.257324
775.854614
775.720276
775.854614
776.257263
776.927124
777.862366
779.060425
780.518005
782.231140
784.195129
786.404541
788.853394
791.534912
794.441711
797.565979
800.898987
804.431702
808.154419
812.056885
816.128540
820.358032
824.733948
829.244141
833.876343
838.617859
843.455627
848.376404
853.366760
858.412964
863.501221
868.617554
873.747925
878.878357
883.994690
889.082947
894.129150
899.119507
904.040283
908.878113
913.619568
918.251770
922.762024
927.137878
931.367432
935.439026
939.341553
943.064270
946.596985
949.930054
953.054321
955.961182
958.642700
961.091553
963.301025
965.264954
966.978088
968.435669
969.633789
970.568970
971.238892
971.641479
992.856506
992.687744
992.181885
991.340332
990.165405
988.660278
986.829102
984.676941
982.209595
979.433960
976.357544
972.988770
969.336914
965.411987
961.224792
956.786682
952.109924
947.207275
942.092224
936.778809
931.281494
925.615417
919.796143
913.839539
907.761963
901.580078
895.310852
888.971436
882.579224
876.151733
869.706543
863.261353
856.833862
850.441650
844.102234
837.833008
831.651123
825.573547
819.616943
813.797668
808.131592
802.634277
797.320862
792.205811
787.303162
782.626404
778.188293
774.001038
770.076111
766.424316
763.055542
759.979126
757.203430
754.736084
752.583923
750.752747
749.247620
748.072693
747.231079
746.725220
746.556458
746.725220
747.231079
748.072571
749.247498
750.752625
752.583740
754.735901
757.203186
759.978882
763.055237
766.424011
770.075806
774.000732
778.187927
782.625977
787.302734
792.205322
797.320435
802.633850
808.131165
813.797241
819.616577
825.573181
831.650818
837.832703
844.101929
850.441406
856.833618
863.261169
869.706360
876.151550
882.579102
888.971313
895.310791
901.580078
907.761963
913.839539
919.796143
925.615479
931.281616
936.778931
942.092407
947.207458
952.110107
956.786865
961.224976
965.412170
969.337097
972.988953
976.357666
979.434143
982.209778
984.677063
986.829224
988.660400
990.165466
991.340393
992.181946
992.687744
977.776733
977.602417
977.079895
976.210571
974.996826
973.442078
971.550476
969.327271
966.778564
963.911316
960.733398
957.253479
953.481140
949.426697
945.101318
940.516785
935.685669
930.621277
925.337463
919.848633
914.169983
908.316956
902.305603
896.152466
889.874329
883.488525
877.012390
870.463806
863.860657
857.221069
850.563232
843.905396
837.265808
830.662659
824.114075
817.638000
811.252136
804.973999
798.820862
792.809509
786.956482
781.277832
775.789001
770.505188
765.440796
760.609741
756.025146
751.699768
747.645325
743.872986
740.393066
737.215149
734.347900
731.799133
729.575928
727.684326
726.129578
724.915833
724.046509
723.523926
723.349609
723.523926
724.046448
724.915771
726.129456
727.684204
729.575745
731.798950
734.347656
737.214844
740.392822
743.872681
747.645020
751.699402
756.024780
760.609314
765.440369
770.504761
775.788574
781.277344
786.956055
792.809143
798.820435
804.973633
811.251770
817.637634
824.113770
830.662415
837.265564
843.905212
850.563049
857.220947
863.860535
870.463684
877.012329
883.488464
889.874329
896.152466
902.305664
908.317017
914.170044
919.848755
925.337585
930.621399
935.685852
940.516907
945.101440
949.426880
953.481323
957.253662
960.733521
963.911499
966.778748
969.327454
971.550598
973.442200
974.996948
976.210632
977.079956
977.602417
1018.032471
1017.824524
1017.201355
1016.164551
1014.717041
1012.862793
1010.606812
1007.955322
1004.915649
1001.496033
997.705933
993.555664
989.056641
984.221191
979.062561
973.594910
967.833191
961.793213
955.491516
948.945374
942.172791
935.192261
928.022949
920.684509
913.197021
905.580994
897.857361
890.047302
882.172180
874.253540
866.313171
858.372803
850.454224
842.579102
834.768982
827.045349
819.429382
811.941895
804.603455
797.434082
790.453613
783.680969
777.134888
770.833191
764.793213
759.031494
753.563782
748.405151
743.569702
739.070679
734.920410
731.130310
727.710693
724.671021
722.019531
719.763550
717.909241
716.461731
715.424927
714.801697
714.593750
714.801636
715.424866
716.461609
717.909119
719.763367
722.019287
724.670715
727.710388
731.130005
734.920044
739.070313
743.569336
748.404724
753.563354
759.031006
764.792664
770.832642
777.134338
783.680420
790.453064
797.433594
804.602966
811.941467
819.428955
827.044983
834.768616
842.578735
850.453918
858.372559
866.312988
874.253357
882.171997
890.047180
897.857300
905.580994
913.197021
920.684509
928.023010
935.192383
942.172913
948.945557
955.491699
961.793335
967.833374
973.595093
979.062744
984.221375
989.056885
993.555908
997.706116
1001.496216
1004.915833
1007.955505
1010.606934
1012.862915
1014.717163
1016.164673
1017.201416
1017.824585
1006.844971
1006.636536
1006.011963
1004.972900
1003.522156
1001.663696
999.402771
996.745361
993.698914
990.271729
986.473145
982.313721
977.804688
972.958435
967.788330
962.308533
956.533997
950.480591
944.164856
937.604187
930.816528
923.820435
916.635193
909.280396
901.776245
894.143311
886.402527
878.575073
870.682434
862.746216
854.788147
846.830139
838.893921
831.001282
823.173828
815.432983
807.800049
800.295898
792.941162
785.755859
778.759827
771.972168
765.411499
759.095764
753.042358
747.267822
741.787964
736.617859
731.771667
727.262634
723.103149
719.304565
715.877319
712.830872
710.173523
707.912537
706.054077
704.603333
703.564270
702.939636
702.731201
702.939575
703.564209
704.603271
706.053955
707.912354
710.173340
712.830627
715.877075
719.304260
723.102783
727.262207
731.771240
736.617432
741.787476
747.267334
753.041809
759.095215
765.410950
771.971619
778.759277
785.755371
792.940674
800.295471
807.799622
815.432617
823.173462
831.000916
838.893616
846.829895
854.787964
862.746033
870.682251
878.574951
886.402466
894.143311
901.776245
909.280457
916.635254
923.820557
930.816650
937.604309
944.165039
950.480713
956.534180
962.308716
967.788574
972.958679
977.804871
982.313904
986.473389
990.271973
993.699097
996.745544
999.402893
1001.663879
1003.522217
1004.972961
1006.012024
1006.636597
1017.764343
1017.546814
1016.894775
1015.810120
1014.295715
1012.355774
1009.995605
1007.221619
1004.041504
1000.463867
996.498657
992.156677
987.449768
982.390930
976.993958
971.273682
965.245728
958.926697
952.333862
945.485291
938.399780
931.096741
923.596191
915.918701
908.085266
900.117371
892.036926
883.865967
875.627014
867.342529
859.035278
850.728088
842.443604
834.204651
826.033691
817.953247
809.985352
802.151917
794.474426
786.973877
779.670776
772.585327
765.736755
759.143921
752.824829
746.796936
741.076660
735.679688
730.620789
725.913940
721.571899
717.606689
714.029053
710.848938
708.074951
705.714722
703.774780
702.260376
701.175659
700.523682
700.306091
700.523621
701.175598
702.260254
703.774658
705.714539
708.074707
710.848633
714.028748
717.606323
721.571533
725.913513
730.620361
735.679199
741.076172
746.796387
752.824341
759.143311
765.736206
772.584717
779.670288
786.973328
794.473938
802.151489
809.984924
817.952820
826.033325
834.204285
842.443298
850.727783
859.035095
867.342346
875.626831
883.865845
892.036804
900.117310
908.085205
915.918701
923.596252
931.096802
938.399902
945.485413
952.333984
958.926880
965.245911
971.273865
976.994141
982.391113
987.450012
992.156860
996.498901
1000.464111
1004.041687
1007.221802
1009.995728
1012.355957
1014.295837
1015.810242
1016.894897
1017.546875
1000.678833
1000.473877
999.859741
998.838013
997.411560
995.584229
993.361023
990.748047
987.752563
984.382629
980.647583
976.557617
972.123962
967.358765
962.275024
956.886841
951.208801
945.256592
939.046448
932.595398
925.921204
919.042053
911.976929
904.745056
897.366333
889.861023
882.249573
874.552979
866.792236
858.988647
851.163635
843.338623
835.535095
827.774353
820.077698
812.466309
804.960938
797.582214
790.350403
783.285217
776.406128
769.731873
763.280884
757.070740
751.118530
745.440491
740.052246
734.968567
730.203369
725.769653
721.679688
717.944641
714.574707
711.579163
708.966187
706.743042
704.915649
703.489136
702.467407
701.853271
701.648315
701.853210
702.467346
703.489075
704.915527
706.742859
708.966003
711.578918
714.574463
717.944336
721.679382
725.769287
730.202942
734.968140
740.051758
745.440002
751.117981
757.070190
763.280334
769.731384
776.405579
783.284729
790.349915
797.581787
804.960510
812.465942
820.077393
827.774048
835.534790
843.338379
851.163452
858.988464
866.792114
874.552856
882.249512
889.860962
897.366333
904.745117
911.976990
919.042175
925.921326
932.595520
939.046570
945.256714
951.208984
956.887024
962.275269
967.358948
972.124146
976.557800
980.647766
984.382813
987.752747
990.748291
993.361206
995.584351
997.411682
998.838135
999.859802
1000.473938
986.568115
986.378967
985.811951
984.868652
983.551697
981.864624
979.812134
977.399780
974.634155
971.522949
968.074646
964.298645
960.205383
955.805969
951.112549
946.137939
940.895813
935.400513
929.667114
923.711304
917.549500
911.198486
904.675659
897.999023
891.186707
884.257568
877.230469
870.124695
862.959717
855.755188
848.530884
841.306580
834.102112
826.937134
819.831360
812.804260
805.875061
799.062805
792.386108
785.863342
779.512329
773.350464
767.394653
761.661255
756.165955
750.923828
745.949219
741.255798
736.856445
732.763123
728.987122
725.538757
722.427551
719.661987
717.249634
715.197083
713.510010
712.192993
711.249695
710.682678
710.493530
710.682678
711.249634
712.192932
713.509888
715.196899
717.249390
719.661743
722.427307
725.538513
728.986816
732.762756
736.856018
741.255432
745.948792
750.923401
756.165527
761.660767
767.394165
773.349976
779.511841
785.862854
792.385681
799.062378
805.874695
812.803894
819.831055
826.936829
834.101807
841.306335
848.530701
855.755005
862.959595
870.124573
877.230347
884.257507
891.186707
897.999023
904.675720
911.198547
917.549561
923.711426
929.667236
935.400696
940.895996
946.138123
951.112732
955.806152
960.205566
964.298828
968.074829
971.523193
974.634338
977.399902
979.812256
981.864746
983.551819
984.868774
985.812012
986.379028
991.082764
990.887817
990.303528
989.331543
987.974487
986.236084
984.121094
981.635254
978.785522
975.579590
972.026306
968.135376
963.917480
959.384155
954.547852
949.421814
944.020142
938.357544
932.449646
926.312561
919.963135
913.418762
906.697449
899.817505
892.797852
885.657776
878.416748
871.094666
863.711609
856.287781
848.843567
841.399353
833.975525
826.592468
819.270386
812.029419
804.889282
797.869629
790.989746
784.268372
777.723999
771.374634
765.237549
759.329590
753.666992
748.265320
743.139282
738.302979
733.769653
729.551758
725.660828
722.107544
718.901611
716.051819
713.566040
711.451050
709.712585
708.355530
707.383484
706.799194
706.604248
706.799194
707.383423
708.355408
709.712463
711.450867
713.565796
716.051575
718.901367
722.107239
725.660522
729.551392
733.769287
738.302612
743.138855
748.264832
753.666504
759.329102
765.237000
771.374146
777.723572
784.267944
790.989258
797.869202
804.888916
812.029053
819.270081
826.592163
833.975281
841.399109
848.843384
856.287598
863.711487
871.094543
878.416687
885.657715
892.797852
899.817505
906.697510
913.418884
919.963257
926.312683
932.449768
938.357727
944.020325
949.421997
954.548035
959.384338
963.917664
968.135559
972.026489
975.579773
978.785706
981.635437
984.121216
986.236206
987.974609
989.331665
990.303589
990.887817
1030.383789
1030.167603
1029.519531
1028.441284
1026.936035
1025.007690
1022.661621
1019.904297
1016.743225
1013.187073
1009.245605
1004.929626
1000.250916
995.222412
989.857727
984.171753
978.179932
971.898743
965.345459
958.537903
951.494873
944.235596
936.779968
929.148499
921.362000
913.441895
905.409851
897.287842
889.098267
880.863403
872.605957
864.348511
856.113708
847.924072
839.802124
831.770081
823.849976
816.063477
808.432007
800.976379
793.717102
786.674011
779.866516
773.313171
767.031982
761.040222
755.354187
749.989563
744.960999
740.282349
735.966309
732.024841
728.468689
725.307617
722.550232
720.204224
718.275879
716.770508
715.692322
715.044189
714.827942
715.044189
715.692261
716.770386
718.275696
720.203979
722.550049
725.307373
728.468384
732.024536
735.965942
740.281921
744.960571
749.989136
755.353699
761.039673
767.031494
773.312622
779.865967
786.673462
793.716553
800.975830
808.431458
816.062988
823.849548
831.769653
839.801758
847.923767
856.113403
864.348267
872.605774
880.863220
889.098083
897.287720
905.409729
913.441833
921.362000
929.148499
936.780029
944.235657
951.494995
958.538086
965.345581
971.898926
978.180115
984.171936
989.857971
995.222595
1000.251160
1004.929810
1009.245850
1013.187256
1016.743408
1019.904480
1022.661804
1025.007813
1026.936157
1028.441406
1029.519531
1030.167603
1047.153320
1046.924805
1046.239746
1045.100220
1043.509033
1041.470825
1038.991089
1036.076538
1032.735352
1028.976563
1024.810425
1020.248474
1015.303101
1009.987976
1004.317627
998.307556
991.974243
985.335083
978.408325
971.212769
963.768311
956.095337
948.214844
940.148376
931.918091
923.546631
915.056824
906.471924
897.815613
889.111450
880.383423
871.655334
862.951172
854.294861
845.709961
837.220154
828.848633
820.618408
812.551941
804.671448
796.998413
789.553955
782.358459
775.431641
768.792480
762.459229
756.449158
750.778809
745.463623
740.518311
735.956299
731.790222
728.031372
724.690125
721.775635
719.295837
717.257629
715.666504
714.526855
713.841797
713.613220
713.841736
714.526733
715.666382
717.257446
719.295654
721.775391
724.689819
728.031067
731.789856
735.955933
740.517883
745.463196
750.778320
756.448608
762.458679
768.791931
775.431030
782.357910
789.553406
796.997864
804.670898
812.551453
820.617920
828.848206
837.219727
845.709595
854.294495
862.950867
871.655029
880.383118
889.111267
897.815430
906.471802
915.056702
923.546570
931.918091
940.148376
948.214844
956.095459
963.768494
971.212952
978.408447
985.335266
991.974487
998.307739
1004.317871
1009.988220
1015.303345
1020.248657
1024.810669
1028.976807
1032.735596
1036.076782
1038.991211
1041.470947
1043.509155
1045.100220
1046.239868
1046.924805
1064.971436
1064.730957
1064.009888
1062.810181
1061.135376
1058.989868
1056.379639
1053.311768
1049.794678
1045.838135
1041.452759
1036.650757
1031.445068
1025.850342
1019.881531
1013.555176
1006.888550
999.900024
992.608704
985.034546
977.198303
969.121521
960.826294
952.335388
943.671997
934.859924
925.923340
916.886719
907.774841
898.612671
889.425293
880.237915
871.075684
861.963806
852.927185
843.990601
835.178528
826.515137
818.024231
809.729004
801.652161
793.815979
786.241821
778.950439
771.961914
765.295349
758.968994
753.000244
747.405396
742.199829
737.397705
733.012390
729.055786
725.538696
722.470825
719.860535
717.715027
716.040161
714.840576
714.119446
713.878845
714.119385
714.840454
716.040039
717.714844
719.860352
722.470581
725.538391
729.055420
733.012024
737.397339
742.199341
747.404907
752.999695
758.968445
765.294800
771.961304
778.949829
786.241211
793.815369
801.651611
809.728394
818.023682
826.514648
835.178040
843.990112
852.926758
861.963440
871.075378
880.237610
889.424988
898.612427
907.774658
916.886597
925.923279
934.859924
943.671997
952.335388
960.826355
969.121643
977.198486
985.034668
992.608887
999.900269
1006.888794
1013.555420
1019.881714
1025.850586
1031.445313
1036.650879
1041.453003
1045.838379
1049.794922
1053.312012
1056.379883
1058.990112
1061.135498
1062.810303
1064.009888
1064.730957
1091.882446
1091.627563
1090.863525
1089.592529
1087.818115
1085.544922
1082.779419
1079.529053
1075.802734
1071.610718
1066.964355
1061.876709
1056.361328
1050.433594
1044.109741
1037.406982
1030.343750
1022.939453
1015.214294
1007.189514
998.887024
990.329712
981.540955
972.544800
963.366028
954.029663
944.561401
934.987122
925.333069
915.625732
905.891785
896.157776
886.450439
876.796448
867.222168
857.753845
848.417480
839.238708
830.242554
821.453796
812.896484
804.593994
796.569214
788.844055
781.439697
774.376526
767.673767
761.349854
755.422119
749.906860
744.819092
740.172852
735.980774
732.254456
729.004028
726.238464
723.965332
722.190796
720.919800
720.155762
719.900879
720.155762
720.919678
722.190674
723.965149
726.238220
729.003784
732.254150
735.980408
740.172424
744.818665
749.906372
755.421631
761.349304
767.673218
774.375916
781.439087
788.843384
796.568542
804.593384
812.895813
821.453186
830.242004
839.238159
848.416992
857.753357
867.221680
876.796021
886.450073
896.157471
905.891479
915.625549
925.332886
934.986938
944.561279
954.029602
963.366028
972.544861
981.541016
990.329834
998.887207
1007.189636
1015.214478
1022.939636
1030.343994
1037.407227
1044.109985
1050.433838
1056.361572
1061.876953
1066.964600
1071.610962
1075.802979
1079.529297
1082.779541
1085.545166
1087.818237
1089.592773
1090.863647
1091.627563
1078.432373
1078.192871
1077.475342
1076.281372
1074.614502
1072.479248
1069.881470
1066.828247
1063.328003
1059.390259
1055.025879
1050.246704
1045.065918
1039.497803
1033.557495
1027.261353
1020.626587
1013.671448
1006.414917
998.876831
991.078064
983.039795
974.784180
966.333740
957.711731
948.941711
940.047791
931.054260
921.985840
912.867371
903.723877
894.580322
885.461853
876.393433
867.399902
858.505981
849.735962
841.113953
832.663513
824.407898
816.369629
808.570801
801.032776
793.776245
786.821045
780.186279
773.890137
767.949829
762.381714
757.200928
752.421814
748.057373
744.119629
740.619385
737.566101
734.968323
732.833069
731.166199
729.972290
729.254639
729.015137
729.254578
729.972168
731.166016
732.832886
734.968140
737.565857
740.619080
744.119324
748.057007
752.421448
757.200562
762.381226
767.949341
773.889587
780.185730
786.820496
793.775635
801.032166
808.570190
816.369019
824.407349
832.662964
841.113464
849.735474
858.505554
867.399536
876.393066
885.461487
894.580017
903.723572
912.867188
921.985657
931.054138
940.047668
948.941650
957.711670
966.333740
974.784241
983.039917
991.078186
998.877014
1006.415039
1013.671631
1020.626831
1027.261597
1033.557739
1039.498047
1045.066162
1050.246948
1055.026123
1059.390503
1063.328247
1066.828491
1069.881714
1072.479492
1074.614746
1076.281494
1077.475342
1078.192993
1064.412354
1064.185059
1063.503906
1062.370605
1060.788330
1058.761475
1056.295532
1053.397217
1050.074585
1046.336792
1042.193848
1037.657349
1032.739502
1027.453979
1021.815186
1015.838623
1009.540649
1002.938477
996.050232
988.894836
981.491821
973.861572
966.024963
958.003479
949.819092
941.494202
933.051697
924.514648
915.906494
907.250854
898.571472
889.892029
881.236328
872.628235
864.091187
855.648682
847.323792
839.139404
831.117920
823.281250
815.651001
808.248047
801.092651
794.204407
787.602234
781.304199
775.327637
769.688843
764.403320
759.485535
754.948975
750.806091
747.068176
743.745544
740.847290
738.381348
736.354492
734.772217
733.638916
732.957642
732.730347
732.957642
733.638794
734.772095
736.354309
738.381165
740.847046
743.745300
747.067871
750.805725
754.948608
759.485107
764.402893
769.688354
775.327148
781.303711
787.601685
794.203796
801.092041
808.247437
815.650452
823.280762
831.117371
839.138916
847.323364
855.648254
864.090820
872.627869
881.236023
889.891724
898.571167
907.250671
915.906372
924.514526
933.051575
941.494141
949.819031
958.003479
966.025024
973.861694
981.491943
988.894958
996.050415
1002.938660
1009.540833
1015.838867
1021.815430
1027.454224
1032.739746
1037.657471
1042.194092
1046.336914
1050.074829
1053.397461
1056.295654
1058.761597
1060.788452
1062.370605
1063.503906
1064.185059
990.477783
990.303406
989.780701
988.911133
987.697144
986.141907
984.249817
982.026001
979.476563
976.608521
973.429688
969.948792
966.175415
962.119812
957.793213
953.207397
948.375000
943.309204
938.023865
932.533569
926.853271
920.998596
914.985596
908.830750
902.550903
896.163269
889.685364
883.134949
876.529968
869.888550
863.228821
856.569153
849.927673
843.322693
836.772278
830.294373
823.906738
817.626892
811.472046
805.459045
799.604370
793.924072
788.433777
783.148438
778.082642
773.250244
768.664429
764.337830
760.282227
756.508850
753.027954
749.849121
746.981079
744.431641
742.207764
740.315674
738.760498
737.546387
736.676819
736.154114
735.979736
736.154114
736.676758
737.546326
738.760376
740.315552
742.207642
744.431396
746.980835
749.848877
753.027649
756.508545
760.281921
764.337402
768.664001
773.249817
778.082214
783.148010
788.433350
793.923645
799.603943
805.458618
811.471619
817.626526
823.906372
830.294067
836.771973
843.322449
849.927429
856.568909
863.228638
869.888367
876.529846
883.134827
889.685303
896.163208
902.550903
908.830750
914.985657
920.998718
926.853394
932.533691
938.023987
943.309326
948.375122
953.207581
957.793396
962.119995
966.175598
969.948975
973.429810
976.608643
979.476685
982.026123
984.249939
986.142029
987.697205
988.911255
989.780762
990.303467
1063.961182
1063.737061
1063.065186
1061.947510
1060.386963
1058.387817
1055.955811
1053.097290
1049.820190
1046.133667
1042.047607
1037.573242
1032.723022
1027.510010
1021.948608
1016.054016
1009.842407
1003.330811
996.537109
989.479858
982.178467
974.652954
966.923828
959.012390
950.940308
942.729675
934.402954
925.983093
917.493042
908.956177
900.395813
891.835510
883.298584
874.808594
866.388733
858.062012
849.851379
841.779297
833.867859
826.138733
818.613159
811.311768
804.254578
797.460815
790.949280
784.737671
778.843079
773.281677
768.068665
763.218384
758.744019
754.657959
750.971375
747.694336
744.835815
742.403748
740.404663
738.844116
737.726318
737.054443
736.830322
737.054443
737.726257
738.843994
740.404541
742.403564
744.835632
747.694092
750.971069
754.657654
758.743652
763.217957
768.068237
773.281189
778.842590
784.737122
790.948730
797.460266
804.253967
811.311218
818.612610
826.138184
833.867310
841.778809
849.850952
858.061584
866.388306
874.808228
883.298279
891.835205
900.395569
908.955994
917.492920
925.982971
934.402893
942.729614
950.940308
959.012451
966.923889
974.653015
982.178589
989.480042
996.537292
1003.330994
1009.842590
1016.054199
1021.948792
1027.510254
1032.723267
1037.573486
1042.047852
1046.133911
1049.820435
1053.097412
1055.955933
1058.387939
1060.387085
1061.947510
1063.065308
1063.737061
1033.305786
1033.104126
1032.499756
1031.494263
1030.090332
1028.291992
1026.104126
1023.532593
1020.584534
1017.268066
1013.592285
1009.567200
1005.203857
1000.514221
995.511169
990.208374
984.620422
978.762634
972.651001
966.302246
959.733887
952.963928
946.010803
938.893677
931.632019
924.245667
916.755005
909.180481
901.542847
893.863037
886.162109
878.461243
870.781433
863.143799
855.569275
848.078552
840.692261
833.430603
826.313416
819.360352
812.590332
806.021973
799.673279
793.561646
787.703796
782.115845
776.813049
771.809998
767.120361
762.757080
758.731934
755.056152
751.739624
748.791626
746.220093
744.032166
742.233826
740.829956
739.824402
739.219971
739.018311
739.219971
739.824341
740.829834
742.233643
744.031982
746.219910
748.791382
751.739380
755.055786
758.731628
762.756653
767.119995
771.809570
776.812622
782.115356
787.703308
793.561096
799.672729
806.021484
812.589844
819.359863
826.312988
833.430115
840.691833
848.078186
855.568909
863.143494
870.781128
878.460999
886.161926
893.862854
901.542664
909.180359
916.754944
924.245667
931.631958
938.893677
946.010864
952.963989
959.734009
966.302429
972.651123
978.762756
984.620605
990.208557
995.511353
1000.514404
1005.204041
1009.567383
1013.592468
1017.268311
1020.584717
1023.532715
1026.104248
1028.292114
1030.090454
1031.494263
1032.499756
1033.104126
995.829956
995.653809
995.125916
994.247620
993.021362
991.450562
989.539490
987.293335
984.718384
981.821533
978.610779
975.094971
971.283752
967.187500
962.817505
958.185669
953.304749
948.188110
942.849792
937.304382
931.567139
925.653748
919.580383
913.363770
907.020935
900.569214
894.026306
887.410156
880.738892
874.030823
867.304321
860.577820
853.869751
847.198486
840.582336
834.039429
827.587769
821.244873
815.028259
808.954956
803.041504
797.304260
791.758850
786.420532
781.303894
776.422974
771.791138
767.421143
763.324890
759.513611
755.997803
752.787109
749.890259
747.315247
745.069092
743.158020
741.587158
740.360962
739.482666
738.954712
738.778564
738.954651
739.482544
740.360840
741.587036
743.157837
745.068909
747.315063
749.890015
752.786865
755.997559
759.513306
763.324524
767.420776
771.790771
776.422546
781.303467
786.420044
791.758423
797.303833
803.041077
808.954529
815.027832
821.244507
827.587402
834.039124
840.582031
847.198242
853.869507
860.577576
867.304138
874.030701
880.738770
887.410034
894.026245
900.569153
907.020935
913.363770
919.580444
925.653809
931.567200
937.304504
942.849915
948.188232
953.304932
958.185852
962.817627
967.187683
971.283936
975.095154
978.610962
981.821716
984.718506
987.293518
989.539612
991.450684
993.021484
994.247681
995.125977
995.653870
1002.766174
1002.583984
1002.038025
1001.129700
999.861572
998.237061
996.260620
993.937683
991.274658
988.278748
984.958252
981.322266
977.380737
973.144409
968.625000
963.834839
958.787048
953.495483
947.974609
942.239624
936.306213
930.190613
923.909668
917.480530
910.920776
904.248474
897.481873
890.639587
883.740234
876.802795
869.846313
862.889832
855.952454
849.053101
842.210754
835.444153
828.771851
822.212158
815.782959
809.502014
803.386414
797.453003
791.718018
786.197144
780.905579
775.857788
771.067627
766.548218
762.311890
758.370361
754.734314
751.413818
748.417969
745.754883
743.431946
741.455566
739.830994
738.562866
737.654541
737.108521
736.926331
737.108459
737.654419
738.562744
739.830872
741.455383
743.431763
745.754700
748.417725
751.413574
754.734009
758.369995
762.311523
766.547791
771.067200
775.857361
780.905151
786.196716
791.717529
797.452515
803.385986
809.501587
815.782593
822.211731
828.771484
835.443787
842.210449
849.052795
855.952148
862.889587
869.846130
876.802612
883.740112
890.639465
897.481812
904.248474
910.920776
917.480530
923.909729
930.190735
936.306335
942.239746
947.974731
953.495605
958.787170
963.835022
968.625183
973.144592
977.380920
981.322449
984.958435
988.278931
991.274780
993.937866
996.260742
998.237183
999.861694
1001.129761
1002.038086
1002.584045
999.124084
998.943420
998.402039
997.501343
996.243835
994.632996
992.673157
990.369751
987.729065
984.758362
981.465759
977.860291
973.951904
969.751160
965.269714
960.519775
955.514404
950.267273
944.792786
939.105957
933.222412
927.158203
920.929993
914.554871
908.050232
901.433960
894.724243
887.939392
881.098022
874.218872
867.320801
860.422791
853.543640
846.702271
839.917358
833.207642
826.591370
820.086792
813.711609
807.483398
801.419189
795.535645
789.848816
784.374329
779.127197
774.121826
769.371887
764.890442
760.689697
756.781311
753.175842
749.883240
746.912476
744.271851
741.968384
740.008545
738.397705
737.140137
736.239502
735.698059
735.517395
735.697998
736.239380
737.140076
738.397583
740.008423
741.968201
744.271606
746.912231
749.882935
753.175537
756.780945
760.689392
764.890076
769.371521
774.121399
779.126770
784.373901
789.848389
795.535156
801.418762
807.482971
813.711182
820.086365
826.591003
833.207275
839.917053
846.701965
853.543396
860.422546
867.320618
874.218689
881.097839
887.939270
894.724182
901.433960
908.050232
914.554871
920.930054
927.158264
933.222534
939.106079
944.792908
950.267395
955.514526
960.519897
965.269897
969.751343
973.952026
977.860474
981.465942
984.758545
987.729248
990.369873
992.673279
994.633118
996.243958
997.501465
998.402100
998.943481
972.192139
972.027039
971.532288
970.709167
969.559998
968.087830
966.296814
964.191772
961.778564
959.063721
956.054688
952.759766
949.187988
945.349060
941.253540
936.912720
932.338440
927.543213
922.540283
917.343262
911.966370
906.424500
900.732727
894.906616
888.962219
882.915833
876.783997
870.583496
864.331299
858.044678
851.740723
845.436768
839.150146
832.898010
826.697510
820.565613
814.519226
808.574829
802.748718
797.056946
791.515015
786.138184
780.941162
775.938232
771.143005
766.568726
762.227905
758.132385
754.293457
750.721680
747.426758
744.417725
741.702881
739.289612
737.184570
735.393555
733.921387
732.772217
731.949036
731.454285
731.289185
731.454224
731.948975
732.772095
733.921265
735.393372
737.184387
739.289429
741.702637
744.417480
747.426453
750.721375
754.293152
758.132080
762.227539
766.568359
771.142578
775.937805
780.940735
786.137817
791.514648
797.056580
802.748352
808.574463
814.518860
820.565308
826.697205
832.897705
839.149902
845.436584
851.740540
858.044495
864.331177
870.583374
876.783936
882.915771
888.962219
894.906616
900.732727
906.424561
911.966492
917.343323
922.540405
927.543335
932.338562
936.912842
941.253723
945.349182
949.188110
952.759949
956.054871
959.063843
961.778687
964.191956
966.296936
968.087952
969.560059
970.709229
971.532349
972.027100
960.497070
960.342896
959.880737
959.111877
958.038391
956.663269
954.990295
953.023987
950.769775
948.233826
945.423096
942.345337
939.008850
935.422913
931.597351
927.542603
923.269714
918.790527
914.117249
909.262695
904.240234
899.063538
893.746826
888.304688
882.752014
877.104065
871.376282
865.584412
859.744263
853.871887
847.983398
842.094910
836.222534
830.382385
824.590515
818.862732
813.214783
807.662109
802.219971
796.903259
791.726563
786.704102
781.849548
777.176270
772.697083
768.424194
764.369446
760.543823
756.957886
753.621460
750.543701
747.732971
745.197021
742.942749
740.976440
739.303467
737.928345
736.854858
736.085999
735.623779
735.469604
735.623779
736.085938
736.854797
737.928223
739.303345
740.976318
742.942627
745.196777
747.732727
750.543396
753.621216
756.957642
760.543518
764.369080
768.423828
772.696655
777.175842
781.849121
786.703674
791.726196
796.902893
802.219604
807.661804
813.214478
818.862427
824.590210
830.382141
836.222290
842.094727
847.983215
853.871765
859.744141
865.584351
871.376221
877.104004
882.752014
888.304688
893.746826
899.063599
904.240295
909.262817
914.117371
918.790649
923.269836
927.542725
931.597473
935.423096
939.009033
942.345459
945.423279
948.233948
950.769897
953.024109
954.990356
956.663391
958.038452
959.111938
959.880798
960.342896
904.771729
904.648132
904.277710
903.661377
902.800964
901.698730
900.357788
898.781738
896.974854
894.942200
892.689270
890.222290
887.548035
884.673767
881.607361
878.357300
874.932434
871.342163
867.596313
863.705200
859.679443
855.530151
851.268555
846.906494
842.455811
837.928711
833.337646
828.695190
824.014099
819.307129
814.587280
809.867371
805.160400
800.479309
795.836853
791.245850
786.718750
782.268066
777.905945
773.644409
769.495056
765.469299
761.578186
757.832336
754.242065
750.817261
747.567139
744.500793
741.626526
738.952209
736.485229
734.232300
732.199646
730.392822
728.816711
727.475708
726.373474
725.513062
724.896790
724.526306
724.402710
724.526306
724.896729
725.513000
726.373413
727.475586
728.816589
730.392639
732.199463
734.232117
736.484985
738.951965
741.626282
744.500488
747.566895
750.816956
754.241760
757.832031
761.577881
765.468994
769.494751
773.644104
777.905701
782.267822
786.718506
791.245605
795.836670
800.479126
805.160278
809.867249
814.587158
819.307068
824.014038
828.695129
833.337585
837.928711
842.455750
846.906494
851.268616
855.530212
859.679565
863.705322
867.596436
871.342285
874.932556
878.357422
881.607483
884.673889
887.548157
890.222412
892.689392
894.942322
896.974976
898.781799
900.357910
901.698853
902.801025
903.661438
904.277710
904.648132
795.584290
795.437622
794.997864
794.266235
793.244812
791.936401
790.344482
788.473511
786.328613
783.915649
781.241211
778.312622
775.138000
771.725891
768.085815
764.227661
760.161987
755.899963
751.453247
746.834106
742.055115
737.129395
732.070496
726.892273
721.608826
716.234741
710.784668
705.273621
699.716614
694.128967
688.526001
682.922974
677.335388
671.778381
666.267334
660.817261
655.443176
650.159729
644.981445
639.922546
634.996887
630.217896
625.598694
621.152039
616.890015
612.824341
608.966187
605.326050
601.914001
598.739319
595.810791
593.136353
590.723328
588.578430
586.707458
585.115540
583.807129
582.785645
582.054077
581.614319
581.467590
581.614258
582.054016
582.785583
583.807007
585.115417
586.707275
588.578247
590.723145
593.136108
595.810547
598.739075
601.913696
605.325745
608.965820
612.823975
616.889648
621.151672
625.598328
630.217529
634.996521
639.922241
644.981140
650.159424
655.442871
660.817017
666.267090
671.778137
677.335144
682.922791
688.525818
694.128845
699.716553
705.273499
710.784607
716.234680
721.608826
726.892273
732.070557
737.129517
742.055237
746.834229
751.453369
755.900085
760.162109
764.227783
768.085938
771.726074
775.138123
778.312805
781.241333
783.915771
786.328735
788.473633
790.344604
791.936462
793.244934
794.266296
794.997864
795.437622
963.116516
962.965027
962.510925
961.755554
960.700928
959.349854
957.706177
955.774353
953.559692
951.068176
948.306702
945.282837
942.004883
938.481812
934.723267
930.739563
926.541565
922.140869
917.549500
912.780029
907.845581
902.759583
897.536072
892.189331
886.734009
881.184998
875.557617
869.867249
864.129456
858.359985
852.574707
846.789429
841.019958
835.282166
829.591797
823.964417
818.415405
812.960083
807.613342
802.389771
797.303833
792.369324
787.599854
783.008545
778.607788
774.409851
770.426147
766.667603
763.144531
759.866516
756.842651
754.081238
751.589722
749.375000
747.443176
745.799438
744.448425
743.393799
742.638367
742.184326
742.032776
742.184265
742.638306
743.393677
744.448364
745.799316
747.442993
749.374817
751.589478
754.080994
756.842407
759.866272
763.144226
766.667297
770.425781
774.409485
778.607422
783.008118
787.599487
792.368958
797.303467
802.389465
807.612976
812.959778
818.415100
823.964111
829.591492
835.281921
841.019714
846.789185
852.574524
858.359863
864.129333
869.867188
875.557556
881.184998
886.733948
892.189331
897.536133
902.759644
907.845642
912.780151
917.549622
922.140991
926.541748
930.739685
934.723389
938.481934
942.005066
945.283020
948.306885
951.068298
953.559814
955.774475
957.706299
959.349976
960.700989
961.755615
962.510986
962.965027
845.807007
845.736938
845.527039
845.177795
844.690186
844.065613
843.305725
842.412598
841.388672
840.236816
838.960144
837.562134
836.046692
834.417847
832.680237
830.838440
828.897644
826.863159
824.740417
822.535400
820.254089
817.902771
815.487793
813.015930
810.493774
807.928406
805.326721
802.695984
800.043274
797.375916
794.701233
792.026611
789.359253
786.706543
784.075806
781.474121
778.908752
776.386597
773.914673
771.499756
769.148376
766.867065
764.662048
762.539368
760.504883
758.564026
756.722290
754.984619
753.355835
751.840393
750.442383
749.165710
748.013855
746.989929
746.096802
745.336914
744.712280
744.224670
743.875427
743.665527
743.595459
743.665527
743.875427
744.224670
744.712219
745.336792
746.096741
746.989868
748.013733
749.165588
750.442261
751.840271
753.355713
754.984497
756.722168
758.563904
760.504700
762.539185
764.661865
766.866943
769.148254
771.499573
773.914551
776.386475
778.908569
781.473999
784.075684
786.706482
789.359131
792.026489
794.701172
797.375854
800.043213
802.695923
805.326721
807.928406
810.493774
813.015930
815.487854
817.902771
820.254150
822.535461
824.740479
826.863159
828.897705
830.838501
832.680298
834.417969
836.046753
837.562195
838.960205
840.236877
841.388733
842.412659
843.305786
844.065674
844.690247
845.177856
845.527039
845.736938
908.828857
908.737549
908.463684
908.008118
907.372009
906.557251
905.565918
904.400818
903.065125
901.562500
899.897034
898.073364
896.096436
893.971619
891.704834
889.302246
886.770447
884.116394
881.347290
878.470825
875.494812
872.427490
869.277161
866.052490
862.762390
859.415771
856.021851
852.589966
849.129517
845.649963
842.160828
838.671692
835.192078
831.731628
828.299744
824.905823
821.559265
818.269104
815.044434
811.894165
808.826782
805.850769
802.974304
800.205200
797.551147
795.019348
792.616760
790.349976
788.225159
786.248230
784.424561
782.759094
781.256470
779.920776
778.755676
777.764343
776.949524
776.313477
775.857849
775.584045
775.492676
775.583984
775.857849
776.313416
776.949463
777.764282
778.755554
779.920654
781.256348
782.758972
784.424377
786.248047
788.224976
790.349792
792.616577
795.019165
797.550903
800.204956
802.974060
805.850525
808.826538
811.893921
815.044250
818.268921
821.559082
824.905640
828.299561
831.731506
835.191956
838.671570
842.160706
845.649841
849.129456
852.589905
856.021851
859.415771
862.762329
866.052490
869.277161
872.427490
875.494873
878.470886
881.347351
884.116455
886.770508
889.302307
891.704895
893.971741
896.096497
898.073425
899.897156
901.562561
903.065186
904.400879
905.565979
906.557312
907.372070
908.008118
908.463684
908.737549
865.652893
865.605225
865.462158
865.224243
864.892090
864.466553
863.948853
863.340393
862.642883
861.858154
860.988342
860.035950
859.003540
857.893860
856.710083
855.455322
854.133118
852.747070
851.300964
849.798767
848.244568
846.642700
844.997437
843.313416
841.595215
839.847473
838.075073
836.282776
834.475586
832.658447
830.836243
829.014099
827.196960
825.389771
823.597473
821.825073
820.077332
818.359070
816.675049
815.029846
813.427917
811.873779
810.371582
808.925415
807.539368
806.217163
804.962463
803.778625
802.669006
801.636536
800.684143
799.814392
799.029663
798.332092
797.723633
797.205933
796.780396
796.448242
796.210327
796.067261
796.019592
796.067261
796.210266
796.448181
796.780396
797.205872
797.723572
798.332031
799.029602
799.814331
800.684082
801.636475
802.668884
803.778564
804.962341
806.217041
807.539246
808.925293
810.371460
811.873657
813.427795
815.029724
816.674927
818.359009
820.077209
821.824951
823.597412
825.389648
827.196838
829.014038
830.836182
832.658386
834.475586
836.282776
838.075012
839.847473
841.595215
843.313416
844.997498
846.642700
848.244629
849.798767
851.301025
852.747131
854.133179
855.455383
856.710144
857.893921
859.003540
860.036011
860.988403
861.858154
862.642883
863.340454
863.948914
864.466614
864.892090
865.224304
865.462219
865.605225
