994.393677
994.346375
994.204590
993.968750
993.639465
993.217651
992.704407
992.101257
991.409729
990.631836
989.769592
988.825500
987.802002
986.701965
985.528442
984.284607
982.973877
981.599854
980.166321
978.677124
977.136475
975.548462
973.917542
972.248108
970.544800
968.812195
967.055176
965.278503
963.487000
961.685547
959.879211
958.072876
956.271484
954.479980
952.703247
950.946228
949.213684
947.510376
945.840942
944.210022
942.622009
941.081299
939.592163
938.158569
936.784546
935.473816
934.229980
933.056458
931.956421
930.932983
929.988831
929.126648
928.348694
927.657227
927.054016
926.540833
926.118958
925.789673
925.553833
925.412048
925.364746
925.412048
925.553833
925.789673
926.118958
926.540771
927.053955
927.657166
928.348633
929.126526
929.988770
930.932861
931.956360
933.056335
934.229919
935.473694
936.784424
938.158447
939.592041
941.081177
942.621887
944.209900
945.840820
947.510254
949.213562
950.946167
952.703186
954.479919
956.271423
958.072815
959.879150
961.685547
963.486938
965.278442
967.055176
968.812195
970.544800
972.248108
973.917542
975.548462
977.136475
978.677185
980.166321
981.599915
982.973938
984.284668
985.528503
986.702026
987.802063
988.825500
989.769653
990.631897
991.409790
992.101257
992.704468
993.217651
993.639465
993.968750
994.204590
994.346375
1029.903931
1029.814697
1029.547363
1029.102661
1028.481689
1027.686279
1026.718506
1025.581055
1024.277222
1022.810303
1021.184448
1019.404114
1017.474182
1015.399963
1013.187073
1010.841614
1008.369995
1005.779053
1003.075806
1000.267761
997.362549
994.368103
991.292725
988.144714
984.932861
981.665833
978.352661
975.002380
971.624207
968.227356
964.821228
961.415039
958.018188
954.640015
951.289734
947.976563
944.709534
941.497681
938.349731
935.274292
932.279846
929.374634
926.566589
923.863342
921.272400
918.800781
916.455322
914.242432
912.168213
910.238281
908.457947
906.832092
905.365173
904.061279
902.923889
901.956116
901.160706
900.539734
900.094971
899.827637
899.738464
899.827637
900.094971
900.539673
901.160645
901.956055
902.923767
904.061157
905.365051
906.831970
908.457764
910.238098
912.168030
914.242249
916.455139
918.800598
921.272156
923.863098
926.566345
929.374390
932.279663
935.274109
938.349487
941.497498
944.709351
947.976379
951.289612
954.639893
958.018066
961.414917
964.821106
968.227295
971.624146
975.002319
978.352600
981.665833
984.932861
988.144775
991.292725
994.368164
997.362549
1000.267822
1003.075867
1005.779114
1008.370056
1010.841675
1013.187134
1015.400024
1017.474304
1019.404236
1021.184570
1022.810364
1024.277222
1025.581177
1026.718628
1027.686279
1028.481689
1029.102661
1029.547363
1029.814697
1102.299194
1102.153076
1101.715332
1100.987061
1099.970215
1098.667603
1097.082886
1095.220337
1093.084961
1090.682861
1088.020508
1085.104980
1081.944580
1078.547852
1074.924072
1071.083252
1067.035889
1062.792969
1058.366211
1053.767822
1049.010254
1044.106689
1039.070557
1033.915527
1028.655762
1023.305786
1017.880249
1012.393921
1006.861877
1001.299316
995.721497
990.143677
984.581116
979.049072
973.562744
968.137207
962.787231
957.527466
952.372498
947.336243
942.432678
937.675171
933.076721
928.650024
924.407104
920.359741
916.518860
912.895081
909.498352
906.337952
903.422485
900.760071
898.357910
896.222656
894.360046
892.775330
891.472717
890.455933
889.727600
889.289795
889.143738
889.289795
889.727539
890.455811
891.472656
892.775208
894.359924
896.222473
898.357727
900.759888
903.422241
906.337646
909.498047
912.894775
916.518555
920.359375
924.406738
928.649658
933.076355
937.674805
942.432312
947.335938
952.372131
957.527161
962.786926
968.136902
973.562500
979.048828
984.580872
990.143494
995.721313
1001.299194
1006.861755
1012.393799
1017.880188
1023.305786
1028.655762
1033.915527
1039.070557
1044.106812
1049.010376
1053.767944
1058.366333
1062.793091
1067.036011
1071.083374
1074.924316
1078.547974
1081.944824
1085.105225
1088.020630
1090.682983
1093.085205
1095.220459
1097.083008
1098.667725
1099.970215
1100.987061
1101.715332
1102.153076
1131.636597
1131.467773
1130.962036
1130.120605
1128.945679
1127.440796
1125.609741
1123.457764
1120.990723
1118.215332
1115.139160
1111.770752
1108.119263
1104.194702
1100.007935
1095.570190
1090.893921
1085.991699
1080.877197
1075.564209
1070.067383
1064.401855
1058.583130
1052.627075
1046.550171
1040.368896
1034.100220
1027.761353
1021.369812
1014.942932
1008.498352
1002.053833
995.626892
989.235291
982.896484
976.627869
970.446594
964.369568
958.413574
952.594788
946.929260
941.432495
936.119507
931.004944
926.102783
921.426514
916.988831
912.802002
908.877441
905.225952
901.857483
898.781372
896.005920
893.538879
891.386841
889.555908
888.050903
886.876038
886.034546
885.528748
885.359985
885.528748
886.034546
886.875977
888.050781
889.555725
891.386719
893.538635
896.005737
898.781128
901.857239
905.225647
908.877075
912.801636
916.988464
921.426086
926.102417
931.004517
936.119080
941.432068
946.928833
952.594360
958.413147
964.369202
970.446228
976.627563
982.896179
989.235046
995.626648
1002.053589
1008.498169
1014.942749
1021.369690
1027.761353
1034.100098
1040.368774
1046.550171
1052.627197
1058.583252
1064.401978
1070.067505
1075.564331
1080.877319
1085.991821
1090.894043
1095.570313
1100.008057
1104.194946
1108.119385
1111.770874
1115.139404
1118.215454
1120.990845
1123.458008
1125.609863
1127.440918
1128.945801
1130.120605
1130.962036
1131.467896
1159.315918
1159.120850
1158.536255
1157.563721
1156.206055
1154.466675
1152.350586
1149.863403
1147.012207
1143.804565
1140.249390
1136.356323
1132.136230
1127.600464
1122.761597
1117.632935
1112.228394
1106.562744
1100.651733
1094.511353
1088.158569
1081.610718
1074.885864
1068.002319
1060.979004
1053.835083
1046.590210
1039.264282
1031.877319
1024.449463
1017.001343
1009.553223
1002.125427
994.738464
987.412537
980.167664
973.023743
966.000427
959.116821
952.391907
945.844116
939.491333
933.351013
927.439941
921.774353
916.369812
911.241028
906.402222
901.866455
897.646301
893.753296
890.198120
886.990479
884.139221
881.652100
879.536011
877.796631
876.438843
875.466309
874.881714
874.686646
874.881714
875.466248
876.438721
877.796509
879.535828
881.651917
884.138977
886.990234
890.197876
893.752991
897.645996
901.866089
906.401794
911.240601
916.369324
921.773865
927.439453
933.350464
939.490845
945.843628
952.391479
959.116394
966.000000
973.023376
980.167297
987.412170
994.738159
1002.125183
1009.552979
1017.001160
1024.449341
1031.877075
1039.264160
1046.590088
1053.834961
1060.978882
1068.002319
1074.885864
1081.610840
1088.158691
1094.511475
1100.651855
1106.562988
1112.228516
1117.633057
1122.761841
1127.600708
1132.136475
1136.356567
1140.249512
1143.804688
1147.012329
1149.863525
1152.350708
1154.466797
1156.206055
1157.563843
1158.536377
1159.120850
1176.690186
1176.481445
1175.856079
1174.815674
1173.363159
1171.502441
1169.238770
1166.578003
1163.527832
1160.096436
1156.293091
1152.128418
1147.613892
1142.761597
1137.585083
1132.098511
1126.316772
1120.255859
1113.932373
1107.363525
1100.567383
1093.562744
1086.368530
1079.004639
1071.491211
1063.848755
1056.098389
1048.261230
1040.358765
1032.412720
1024.444824
1016.476868
1008.530823
1000.628357
992.791199
985.040833
977.398438
969.884949
962.521057
955.326904
948.322144
941.526062
934.957275
928.633728
922.572754
916.791077
911.304443
906.127930
901.275696
896.761108
892.596436
888.793152
885.361694
882.311462
879.650757
877.386963
875.526245
874.073730
873.033325
872.407959
872.199280
872.407898
873.033264
874.073608
875.526123
877.386841
879.650574
882.311218
885.361450
888.792847
892.596069
896.760681
901.275330
906.127502
911.303955
916.790588
922.572266
928.633179
934.956726
941.525513
948.321655
955.326355
962.520569
969.884521
977.398010
985.040405
992.790833
1000.628052
1008.530518
1016.476624
1024.444580
1032.412476
1040.358643
1048.261108
1056.098267
1063.848755
1071.491089
1079.004639
1086.368530
1093.562744
1100.567505
1107.363647
1113.932495
1120.255981
1126.316895
1132.098633
1137.585327
1142.761841
1147.614014
1152.128662
1156.293335
1160.096558
1163.527954
1166.578247
1169.238892
1171.502686
1173.363281
1174.815796
1175.856201
1176.481445
1140.087646
1139.902100
1139.345703
1138.420166
1137.128052
1135.472778
1133.458984
1131.092041
1128.378540
1125.326050
1121.942627
1118.237793
1114.221680
1109.905151
1105.300171
1100.419312
1095.276001
1089.884277
1084.258911
1078.415405
1072.369629
1066.138306
1059.738403
1053.187622
1046.503662
1039.705078
1032.810425
1025.838501
1018.808594
1011.739868
1004.651672
997.563538
990.494751
983.464844
976.492981
969.598267
962.799683
956.115784
949.564941
943.165039
936.933716
930.888000
925.044434
919.419067
914.027344
908.884033
904.003174
899.398193
895.081665
891.065491
887.360657
883.977295
880.924744
878.211243
875.844360
873.830505
872.175232
870.883057
869.957520
869.401184
869.215576
869.401123
869.957458
870.882935
872.175110
873.830322
875.844177
878.211060
880.924500
883.977051
887.360352
891.065186
895.081299
899.397766
904.002747
908.883545
914.026855
919.418579
925.043945
930.887512
936.933289
943.164612
949.564514
956.115417
962.799316
969.597961
976.492676
983.464539
990.494507
997.563293
1004.651489
1011.739685
1018.808472
1025.838379
1032.810303
1039.705078
1046.503662
1053.187622
1059.738525
1066.138428
1072.369751
1078.415527
1084.259033
1089.884399
1095.276123
1100.419556
1105.300415
1109.905396
1114.221924
1118.238037
1121.942871
1125.326172
1128.378784
1131.092163
1133.459106
1135.472900
1137.128174
1138.420288
1139.345825
1139.902100
1123.859619
1123.698730
1123.216431
1122.414063
1121.293701
1119.858765
1118.112793
1116.060791
1113.708374
1111.061890
1108.128662
1104.916748
1101.434937
1097.692749
1093.700439
1089.468994
1085.009888
1080.335571
1075.458618
1070.392456
1065.151123
1059.748779
1054.200439
1048.521118
1042.726440
1036.832397
1030.854980
1024.810791
1018.716064
1012.587830
1006.442688
1000.297546
994.169312
988.074646
982.030334
976.052979
970.158875
964.364258
958.684937
953.136536
947.734253
942.492859
937.426758
932.549866
927.875488
923.416382
919.184937
915.192627
911.450439
907.968567
904.756653
901.823425
899.177002
896.824524
894.772522
893.026611
891.591553
890.471313
889.668884
889.186584
889.025635
889.186584
889.668823
890.471191
891.591431
893.026489
894.772339
896.824341
899.176758
901.823181
904.756409
907.968262
911.450073
915.192261
919.184570
923.416016
927.875061
932.549438
937.426392
942.492493
947.733887
953.136169
958.684570
964.363892
970.158569
976.052673
982.030090
988.074402
994.169067
1000.297363
1006.442505
1012.587646
1018.716003
1024.810669
1030.854980
1036.832397
1042.726440
1048.521118
1054.200439
1059.748901
1065.151245
1070.392578
1075.458740
1080.335693
1085.010010
1089.469116
1093.700562
1097.692871
1101.435059
1104.916992
1108.128906
1111.062012
1113.708496
1116.060913
1118.112915
1119.858765
1121.293823
1122.414063
1123.216431
1123.698730
1116.948242
1116.778687
1116.270264
1115.424561
1114.243652
1112.731079
1110.890747
1108.727783
1106.248047
1103.458496
1100.366699
1096.981079
1093.310913
1089.366333
1085.158203
1080.697876
1075.997681
1071.070557
1065.929810
1060.589722
1055.064941
1049.370483
1043.522095
1037.535645
1031.427612
1025.214844
1018.914185
1012.543030
1006.118835
999.659119
993.181702
986.704285
980.244568
973.820374
967.449219
961.148560
954.935730
948.827759
942.841309
936.992859
931.298462
925.773621
920.433594
915.292908
910.365723
905.665527
901.205200
896.997009
893.052429
889.382324
885.996704
882.904846
880.115295
877.635620
875.472656
873.632324
872.119629
870.938843
870.093018
869.584656
869.414978
869.584595
870.092957
870.938721
872.119507
873.632141
875.472473
877.635376
880.115051
882.904602
885.996399
889.382019
893.052124
896.996643
901.204834
905.665161
910.365295
915.292480
920.433105
925.773193
931.298035
936.992493
942.840942
948.827393
954.935425
961.148254
967.448914
973.820068
980.244324
986.704041
993.181519
999.658997
1006.118713
1012.542969
1018.914124
1025.214844
1031.427612
1037.535645
1043.522095
1049.370605
1055.065063
1060.589844
1065.929932
1071.070679
1075.997803
1080.697998
1085.158325
1089.366577
1093.311157
1096.981201
1100.366821
1103.458740
1106.248291
1108.727905
1110.890869
1112.731201
1114.243774
1115.424561
1116.270264
1116.778687
1150.898682
1150.713501
1150.158447
1149.234985
1147.945679
1146.294189
1144.284790
1141.923218
1139.215820
1136.170044
1132.794189
1129.097656
1125.090454
1120.783691
1116.188965
1111.318970
1106.187134
1100.807495
1095.194702
1089.364136
1083.331909
1077.114502
1070.728882
1064.192749
1057.523682
1050.740356
1043.861084
1036.904785
1029.890503
1022.837524
1015.765198
1008.692871
1001.639893
994.625671
987.669373
980.790100
974.006653
967.337708
960.801514
954.415894
948.198486
942.166260
936.335754
930.722961
925.343262
920.211426
915.341431
910.746765
906.439880
902.432739
898.736145
895.360352
892.314575
889.607178
887.245544
885.236206
883.584595
882.295288
881.371887
880.816772
880.631592
880.816772
881.371826
882.295227
883.584473
885.236023
887.245361
889.606934
892.314331
895.360046
898.735840
902.432373
906.439575
910.746338
915.341064
920.210938
925.342773
930.722473
936.335266
942.165771
948.197998
954.415466
960.801086
967.337341
974.006287
980.789734
987.669067
994.625366
1001.639648
1008.692627
1015.765015
1022.837402
1029.890381
1036.904663
1043.860962
1050.740234
1057.523682
1064.192749
1070.729004
1077.114624
1083.332031
1089.364258
1095.194824
1100.807617
1106.187256
1111.319214
1116.189087
1120.783813
1125.090698
1129.097900
1132.794434
1136.170166
1139.215942
1141.923340
1144.284912
1146.294312
1147.945801
1149.235107
1150.158447
1150.713501
1164.924561
1164.726563
1164.132690
1163.144897
1161.765747
1159.999023
1157.849609
1155.323364
1152.427246
1149.169189
1145.557983
1141.603760
1137.317261
1132.710205
1127.795166
1122.585693
1117.096069
1111.341309
1105.337280
1099.100342
1092.647583
1085.996704
1079.166016
1072.174072
1065.040161
1057.783936
1050.425049
1042.983765
1035.480591
1027.935913
1020.370544
1012.805176
1005.260559
997.757324
990.316101
982.957214
975.700928
968.567017
961.575134
954.744385
948.093567
941.640808
935.403809
929.399780
923.645020
918.155396
912.945984
908.030945
903.423889
899.137329
895.183044
891.571899
888.313843
885.417664
882.891418
880.741943
878.975281
877.596069
876.608276
876.014465
875.816345
876.014404
876.608154
877.596008
878.975098
880.741821
882.891235
885.417419
888.313538
891.571655
895.182739
899.136963
903.423462
908.030518
912.945557
918.154968
923.644531
929.399231
935.403320
941.640320
948.093079
954.743958
961.574707
968.566589
975.700500
982.956848
990.315735
997.757019
1005.260254
1012.804932
1020.370361
1027.935791
1035.480469
1042.983643
1050.424927
1057.783813
1065.040161
1072.174072
1079.166016
1085.996826
1092.647705
1099.100464
1105.337402
1111.341553
1117.096191
1122.585938
1127.795288
1132.710327
1137.317383
1141.604004
1145.558228
1149.169312
1152.427490
1155.323608
1157.849854
1159.999146
1161.765869
1163.145020
1164.132813
1164.726563
1160.264038
1160.071655
1159.495117
1158.535889
1157.196655
1155.481079
1153.393921
1150.940918
1148.128662
1144.964844
1141.458374
1137.618530
1133.456177
1128.982544
1124.209839
1119.151245
1113.820679
1108.232544
1102.402344
1096.346069
1090.080078
1083.621948
1076.989014
1070.199585
1063.272339
1056.226074
1049.080444
1041.854614
1034.568726
1027.242554
1019.896301
1012.550049
1005.223877
997.937988
990.712219
983.566467
976.520325
969.593018
962.803650
956.170715
949.712463
943.446594
937.390259
931.560059
925.971985
920.641357
915.582764
910.810120
906.336426
902.174011
898.334290
894.827759
891.664001
888.851685
886.398621
884.311401
882.595886
881.256653
880.297424
879.720825
879.528442
879.720825
880.297363
881.256531
882.595764
884.311279
886.398438
888.851440
891.663696
894.827454
898.333984
902.173706
906.336060
910.809692
915.582336
920.640869
925.971497
931.559570
937.389771
943.446106
949.712036
956.170288
962.803223
969.592651
976.519958
983.566162
990.711914
997.937683
1005.223633
1012.549805
1019.896118
1027.242432
1034.568604
1041.854492
1049.080322
1056.226074
1063.272339
1070.199585
1076.989014
1083.621948
1090.080200
1096.346191
1102.402466
1108.232666
1113.820801
1119.151489
1124.209961
1128.982666
1133.456421
1137.618774
1141.458496
1144.965088
1148.128784
1150.941040
1153.394043
1155.481201
1157.196777
1158.536011
1159.495117
1160.071655
1208.265259
1208.045166
1207.385376
1206.287842
1204.755371
1202.792236
1200.403931
1197.596924
1194.378906
1190.758667
1186.746094
1182.352295
1177.589355
1172.470215
1167.008911
1161.220459
1155.120605
1148.726318
1142.054810
1135.124634
1127.954712
1120.564575
1112.974609
1105.205566
1097.278809
1089.215942
1081.039185
1072.770752
1064.433594
1056.050415
1047.644165
1039.237915
1030.854614
1022.517456
1014.249146
1006.072327
998.009460
990.082703
982.313660
974.723694
967.333557
960.163574
953.233398
946.562012
940.167603
934.067810
928.279358
922.818054
917.698853
912.935913
908.542114
904.529602
900.909363
897.691284
894.884277
892.495911
890.532837
889.000366
887.902710
887.242920
887.022827
887.242920
887.902649
889.000244
890.532654
892.495728
894.884033
897.691040
900.909058
904.529297
908.541748
912.935486
917.698425
922.817566
928.278870
934.067322
940.167053
946.561401
953.232849
960.163025
967.333008
974.723145
982.313171
990.082214
998.009033
1006.071899
1014.248718
1022.517090
1030.854370
1039.237549
1047.643921
1056.050171
1064.433472
1072.770630
1081.039063
1089.215820
1097.278809
1105.205566
1112.974609
1120.564697
1127.954834
1135.124756
1142.055054
1148.726440
1155.120850
1161.220581
1167.009155
1172.470459
1177.589600
1182.352539
1186.746338
1190.758789
1194.379028
1197.597046
1200.404053
1202.792358
1204.755493
1206.287842
1207.385498
1208.045166
1176.229248
1176.030029
1175.432861
1174.439453
1173.052368
1171.275513
1169.113770
1166.572998
1163.660278
1160.383423
1156.751587
1152.774658
1148.463501
1143.830078
1138.886841
1133.647461
1128.126343
1122.338623
1116.300171
1110.027344
1103.537598
1096.848633
1089.978638
1082.946655
1075.771851
1068.473999
1061.072876
1053.588989
1046.042725
1038.454834
1030.846069
1023.237244
1015.649353
1008.103088
1000.619141
993.218079
985.920166
978.745361
971.713379
964.843445
958.154419
951.664673
945.391907
939.353394
933.565674
928.044556
922.805176
917.862000
913.228516
908.917358
904.940430
901.308594
898.031738
895.119019
892.578247
890.416504
888.639648
887.252563
886.259033
885.661865
885.462585
885.661865
886.258972
887.252441
888.639526
890.416321
892.578064
895.118774
898.031494
901.308228
904.940063
908.916992
913.228088
917.861572
922.804749
928.044067
933.565186
939.352905
945.391418
951.664124
958.153931
964.842957
971.712891
978.744934
985.919739
993.217712
1000.618835
1008.102783
1015.649048
1023.237000
1030.845825
1038.454590
1046.042603
1053.588867
1061.072754
1068.473877
1075.771851
1082.946777
1089.978760
1096.848633
1103.537720
1110.027466
1116.300293
1122.338867
1128.126587
1133.647705
1138.886963
1143.830200
1148.463745
1152.774902
1156.751831
1160.383667
1163.660400
1166.573120
1169.113892
1171.275635
1173.052490
1174.439453
1175.432983
1176.030029
1141.465698
1141.288696
1140.758423
1139.876343
1138.644653
1137.066895
1135.147339
1132.891235
1130.304932
1127.395264
1124.170410
1120.639038
1116.810913
1112.696533
1108.307251
1103.654907
1098.752441
1093.613159
1088.251221
1082.681274
1076.918701
1070.979126
1064.879028
1058.634888
1052.264038
1045.783813
1039.211914
1032.566528
1025.865845
1019.128052
1012.371826
1005.615601
998.877869
992.177124
985.531738
978.959900
972.479675
966.108765
959.864685
953.764465
947.824951
942.062317
936.492432
931.130493
925.991211
921.088745
916.436462
912.047119
907.932739
904.104614
900.573303
897.348389
894.438721
891.852295
889.596252
887.676697
886.098938
884.867310
883.985107
883.454834
883.277893
883.454773
883.985046
884.867188
886.098816
887.676575
889.596069
891.852112
894.438477
897.348083
900.572998
904.104309
907.932373
912.046753
916.436035
921.088318
925.990784
931.130005
936.491943
942.061890
947.824524
953.764099
959.864258
966.108398
972.479309
978.959595
985.531433
992.176819
998.877625
1005.615356
1012.371643
1019.127930
1025.865723
1032.566406
1039.211914
1045.783691
1052.264038
1058.634888
1064.879028
1070.979248
1076.918823
1082.681396
1088.251343
1093.613281
1098.752563
1103.655029
1108.307373
1112.696777
1116.811035
1120.639160
1124.170532
1127.395386
1130.305054
1132.891479
1135.147461
1137.067017
1138.644775
1139.876343
1140.758545
1141.288818
1172.697754
1172.510742
1171.949951
1171.017090
1169.714722
1168.046387
1166.016602
1163.630981
1160.896118
1157.819336
1154.409180
1150.675049
1146.627197
1142.276489
1137.635132
1132.715576
1127.531616
1122.097168
1116.427368
1110.537598
1104.443970
1098.163330
1091.712891
1085.110107
1078.373413
1071.520996
1064.571777
1057.544678
1050.459229
1043.334473
1036.190308
1029.046021
1021.921326
1014.835815
1007.808777
1000.859558
994.007141
987.270386
980.667664
974.217163
967.936523
961.842957
955.953186
950.283325
944.848938
939.664917
934.745422
930.104004
925.753357
921.705444
917.971252
914.561157
911.484375
908.749451
906.363831
904.334045
902.665649
901.363281
900.430420
899.869690
899.682617
899.869690
900.430359
901.363159
902.665527
904.333862
906.363647
908.749268
911.484131
914.560852
917.970947
921.705078
925.752991
930.103638
934.744995
939.664429
944.848450
950.282837
955.952698
961.842468
967.936035
974.216736
980.667236
987.269958
994.006775
1000.859192
1007.808411
1014.835510
1021.921082
1029.045776
1036.190063
1043.334351
1050.458984
1057.544678
1064.571655
1071.520996
1078.373413
1085.110107
1091.712891
1098.163452
1104.444092
1110.537598
1116.427490
1122.097290
1127.531738
1132.715820
1137.635254
1142.276733
1146.627319
1150.675293
1154.409424
1157.819458
1160.896240
1163.631104
1166.016724
1168.046509
1169.714844
1171.017212
1171.950073
1172.510742
1144.940308
1144.760498
1144.221436
1143.324707
1142.072754
1140.468994
1138.517700
1136.224487
1133.595337
1130.637695
1127.359619
1123.770020
1119.878662
1115.696411
1111.234741
1106.505615
1101.522217
1096.298218
1090.847778
1085.185913
1079.328125
1073.290649
1067.089844
1060.742676
1054.266602
1047.679443
1040.999146
1034.244141
1027.432739
1020.583862
1013.716125
1006.848389
999.999512
993.188171
986.433105
979.752808
973.165649
966.689636
960.342468
954.141602
948.104065
942.246338
936.584534
931.134094
925.910034
920.926636
916.197571
911.735779
907.553528
903.662231
900.072632
896.794495
893.836853
891.207764
888.914429
886.963257
885.359436
884.107422
883.210693
882.671631
882.491821
882.671631
883.210632
884.107361
885.359314
886.963074
888.914307
891.207520
893.836609
896.794250
900.072327
903.661926
907.553162
911.735413
916.197144
920.926208
925.909607
931.133606
936.584045
942.245911
948.103638
954.141174
960.342041
966.689209
973.165283
979.752502
986.432800
993.187866
999.999207
1006.848145
1013.715942
1020.583740
1027.432617
1034.244019
1040.999146
1047.679443
1054.266602
1060.742676
1067.089844
1073.290771
1079.328247
1085.186035
1090.847900
1096.298340
1101.522339
1106.505737
1111.234863
1115.696655
1119.878906
1123.770142
1127.359741
1130.637939
1133.595581
1136.224609
1138.517822
1140.469116
1142.072876
1143.324829
1144.221558
1144.760498
1132.299072
1132.129639
1131.621704
1130.776611
1129.596924
1128.085571
1126.246948
1124.085938
1121.608521
1118.821411
1115.732422
1112.349854
1108.682983
1104.741943
1100.537598
1096.081299
1091.385254
1086.462524
1081.326538
1075.991333
1070.471436
1064.782104
1058.938965
1052.957886
1046.855347
1040.648193
1034.353271
1027.987793
1021.569336
1015.115479
1008.643860
1002.172241
995.718384
989.299927
982.934509
976.639587
970.432312
964.329834
958.348755
952.505615
946.816284
941.296448
935.961182
930.825134
925.902405
921.206421
916.750122
912.545715
908.604736
904.937866
901.555298
898.466248
895.679199
893.201721
891.040710
889.202026
887.690735
886.510986
885.665955
885.158020
884.988525
885.157959
885.665894
886.510864
887.690613
889.201904
891.040527
893.201538
895.678955
898.466003
901.555054
904.937561
908.604370
912.545349
916.749756
921.206055
925.901978
930.824707
935.960754
941.296021
946.815857
952.505188
958.348389
964.329468
970.432007
976.639221
982.934204
989.299683
995.718140
1002.172058
1008.643677
1015.115295
1021.569214
1027.987671
1034.353149
1040.648193
1046.855347
1052.957886
1058.938965
1064.782227
1070.471558
1075.991333
1081.326660
1086.462646
1091.385498
1096.081421
1100.537720
1104.742188
1108.683228
1112.349976
1115.732544
1118.821655
1121.608643
1124.086060
1126.247070
1128.085693
1129.597046
1130.776733
1131.621704
1132.129639
1073.527588
1073.393311
1072.991089
1072.321777
1071.387451
1070.190552
1068.734253
1067.022705
1065.060547
1062.853271
1060.406738
1057.727661
1054.823486
1051.702148
1048.372314
1044.842896
1041.123657
1037.224854
1033.156982
1028.931519
1024.559692
1020.053772
1015.425903
1010.688904
1005.855652
1000.939514
995.953857
990.912415
985.828979
980.717468
975.591919
970.466370
965.354858
960.271423
955.229980
950.244324
945.328125
940.494934
935.757874
931.130066
926.624084
922.252319
918.026794
913.958984
910.060181
906.340942
902.811523
899.481628
896.360291
893.456116
890.777100
888.330566
886.123169
884.161072
882.449524
880.993286
879.796326
878.861938
878.192627
877.790344
877.656128
877.790344
878.192627
878.861816
879.796204
880.993164
882.449341
884.160889
886.123047
888.330383
890.776917
893.455872
896.360046
899.481323
902.811218
906.340637
910.059814
913.958679
918.026428
922.252014
926.623779
931.129761
935.757568
940.494629
945.327881
950.244080
955.229736
960.271179
965.354675
970.466187
975.591736
980.717346
985.828857
990.912354
995.953796
1000.939514
1005.855652
1010.688904
1015.425964
1020.053833
1024.559814
1028.931519
1033.157104
1037.224854
1041.123779
1044.843018
1048.372437
1051.702393
1054.823608
1057.727783
1060.406860
1062.853394
1065.060669
1067.022827
1068.734375
1070.190552
1071.387573
1072.321899
1072.991089
1073.393433
1097.529785
1097.381836
1096.938599
1096.201172
1095.171753
1093.852905
1092.248413
1090.362549
1088.200684
1085.768555
1083.072876
1080.121094
1076.921265
1073.482178
1069.813232
1065.924438
1061.826538
1057.530762
1053.048706
1048.392944
1043.576050
1038.611328
1033.512329
1028.292969
1022.967651
1017.550903
1012.057678
1006.502869
1000.901855
995.269897
989.622498
983.975098
978.343140
972.742065
967.187317
961.694031
956.277344
950.952026
945.732666
940.633667
935.668884
930.851990
926.196228
921.714294
917.418457
913.320557
909.431763
905.762817
902.323730
899.123840
896.172058
893.476440
891.044312
888.882385
886.996582
885.392029
884.073242
883.043701
882.306274
881.863037
881.715149
881.863037
882.306213
883.043579
884.073120
885.391907
886.996399
888.882202
891.044067
893.476196
896.171814
899.123596
902.323425
905.762512
909.431458
913.320190
917.418091
921.713867
926.195862
930.851624
935.668518
940.633301
945.732361
950.951721
956.277039
961.693787
967.187073
972.741882
978.342896
983.974854
989.622314
995.269775
1000.901733
1006.502808
1012.057617
1017.550903
1022.967651
1028.292969
1033.512329
1038.611450
1043.576172
1048.393066
1053.048828
1057.530762
1061.826660
1065.924561
1069.813354
1073.482300
1076.921387
1080.121216
1083.072998
1085.768677
1088.200806
1090.362671
1092.248535
1093.853027
1095.171753
1096.201294
1096.938721
1097.381836
1105.106567
1104.955811
1104.503906
1103.752319
1102.702881
1101.358521
1099.722900
1097.800537
1095.596802
1093.117554
1090.369751
1087.360840
1084.098999
1080.593262
1076.853271
1072.889282
1068.712036
1064.333008
1059.764282
1055.018311
1050.108154
1045.047363
1039.849609
1034.529175
1029.100708
1023.579163
1017.979553
1012.317200
1006.607727
1000.866760
995.109985
989.353210
983.612244
977.902771
972.240417
966.640808
961.119202
955.690796
950.370361
945.172607
940.111755
935.201599
930.455688
925.886963
921.507935
917.330688
913.366638
909.626648
906.120911
902.859131
899.850159
897.102356
894.623108
892.419312
890.497009
888.861450
887.517090
886.467590
885.715942
885.264099
885.113342
885.264038
885.715881
886.467529
887.516968
888.861328
890.496887
892.419128
894.622925
897.102112
899.849915
902.858826
906.120605
909.626282
913.366333
917.330322
921.507568
925.886536
930.455261
935.201233
940.111389
945.172241
950.370056
955.690430
961.118896
966.640503
972.240173
977.902527
983.612000
989.353027
995.109802
1000.866638
1006.607605
1012.317139
1017.979492
1023.579163
1029.100708
1034.529175
1039.849609
1045.047363
1050.108276
1055.018433
1059.764404
1064.333130
1068.712158
1072.889404
1076.853516
1080.593506
1084.099243
1087.360962
1090.369873
1093.117798
1095.596924
1097.800659
1099.723022
1101.358521
1102.702881
1103.752319
1104.504028
1104.955811
1091.654541
1091.509888
1091.076172
1090.354736
1089.347412
1088.057129
1086.487305
1084.642212
1082.526978
1080.147339
1077.509888
1074.621826
1071.491089
1068.126221
1064.536499
1060.731689
1056.722168
1052.519165
1048.133911
1043.578735
1038.865845
1034.008179
1029.019287
1023.912659
1018.702332
1013.402527
1008.027893
1002.593018
997.112915
991.602600
986.077087
980.551575
975.041260
969.561157
964.126282
958.751648
953.451843
948.241516
943.134888
938.145935
933.288330
928.575439
924.020203
919.635010
915.431946
911.422546
907.617737
904.027954
900.663086
897.532349
894.644287
892.006836
889.627197
887.511963
885.666870
884.096985
882.806641
881.799316
881.077881
880.644165
880.499451
880.644165
881.077820
881.799255
882.806519
884.096863
885.666748
887.511780
889.627014
892.006592
894.644043
897.532043
900.662781
904.027649
907.617371
911.422180
915.431580
919.634644
924.019836
928.575134
933.287964
938.145569
943.134521
948.241211
953.451538
958.751343
964.126038
969.560913
975.041016
980.551392
986.076904
991.602478
997.112854
1002.592957
1008.027832
1013.402527
1018.702271
1023.912659
1029.019287
1034.008301
1038.865845
1043.578735
1048.134033
1052.519287
1056.722290
1060.731812
1064.536621
1068.126343
1071.491211
1074.621948
1077.510010
1080.147461
1082.527100
1084.642334
1086.487305
1088.057251
1089.347534
1090.354858
1091.076294
1091.509888
1093.889526
1093.744507
1093.310059
1092.587402
1091.578369
1090.285767
1088.713135
1086.864868
1084.745972
1082.362183
1079.720093
1076.827026
1073.690918
1070.320068
1066.724121
1062.912720
1058.896240
1054.685913
1050.293091
1045.729858
1041.008789
1036.142822
1031.145142
1026.029663
1020.810181
1015.501221
1010.117188
1004.672852
999.183228
993.663269
988.128174
982.593079
977.073120
971.583496
966.139160
960.755127
955.446167
950.226746
945.111206
940.113586
935.247559
930.526428
925.963257
921.570435
917.360046
913.343628
909.532227
905.936218
902.565491
899.429260
896.536194
893.894165
891.510376
889.391418
887.543152
885.970520
884.677917
883.668884
882.946167
882.511719
882.366760
882.511658
882.946106
883.668823
884.677856
885.970398
887.542969
889.391235
891.510193
893.893921
896.535950
899.429016
902.565186
905.935913
909.531860
913.343262
917.359680
921.570068
925.962891
930.526062
935.247192
940.113220
945.110840
950.226440
955.445862
960.754883
966.138916
971.583252
977.072876
982.592896
988.127991
993.663147
999.183105
1004.672791
1010.117126
1015.501160
1020.810181
1026.029663
1031.145142
1036.142822
1041.008911
1045.729980
1050.293213
1054.686035
1058.896362
1062.912842
1066.724243
1070.320313
1073.691040
1076.827148
1079.720337
1082.362305
1084.746094
1086.864990
1088.713257
1090.285889
1091.578369
1092.587402
1093.310181
1093.744507
1041.446045
1041.332397
1040.991821
1040.425049
1039.633789
1038.620117
1037.386963
1035.937500
1034.275879
1032.406616
1030.334839
1028.066162
1025.606812
1022.963562
1020.143677
1017.154785
1014.005249
1010.703552
1007.258789
1003.680420
999.978271
996.162476
992.243408
988.231934
984.138977
979.975769
975.753784
971.484436
967.179626
962.851013
958.510498
954.169983
949.841370
945.536499
941.267212
937.045166
932.881958
928.789001
924.777527
920.858521
917.042664
913.340515
909.762146
906.317383
903.015747
899.866150
896.877319
894.057373
891.414124
888.954834
886.686096
884.614258
882.744995
881.083374
879.633972
878.400757
877.387146
876.595886
876.029114
875.688416
875.574768
875.688416
876.029053
876.595825
877.387085
878.400696
879.633850
881.083252
882.744873
884.614136
886.685913
888.954590
891.413940
894.057129
896.877075
899.865845
903.015442
906.317139
909.761841
913.340210
917.042419
920.858215
924.777283
928.788757
932.881775
937.044983
941.267029
945.536316
949.841187
954.169800
958.510376
962.850891
967.179504
971.484375
975.753723
979.975769
984.138977
988.231934
992.243469
996.162476
999.978333
1003.680542
1007.258911
1010.703613
1014.005310
1017.154907
1020.143738
1022.963684
1025.606934
1028.066284
1030.334961
1032.406738
1034.276001
1035.937622
1037.387085
1038.620239
1039.633789
1040.425049
1040.991821
1041.332520
1082.217285
1082.076782
1081.655884
1080.955566
1079.977783
1078.725342
1077.201416
1075.410522
1073.357300
1071.047485
1068.487305
1065.683960
1062.645020
1059.378784
1055.894287
1052.201050
1048.309204
1044.229370
1039.972778
1035.551147
1030.976440
1026.261353
1021.418640
1016.461792
1011.404175
1006.259827
1001.042786
995.767273
990.447876
985.099121
979.735657
974.372192
969.023438
963.703979
958.428528
953.211487
948.067078
943.009521
938.052612
933.209961
928.494873
923.920166
919.498474
915.241882
911.162048
907.270203
903.576965
900.092468
896.826294
893.787292
890.983948
888.423828
886.114014
884.060791
882.269775
880.745972
879.493408
878.515686
877.815308
877.394409
877.253906
877.394348
877.815308
878.515625
879.493347
880.745850
882.269653
884.060608
886.113831
888.423645
890.983704
893.787048
896.825989
900.092163
903.576660
907.269897
911.161743
915.241516
919.498108
923.919800
928.494507
933.209656
938.052307
943.009216
948.066833
953.211182
958.428284
963.703796
969.023193
974.372009
979.735474
985.098999
990.447815
995.767212
1001.042725
1006.259827
1011.404175
1016.461792
1021.418701
1026.261353
1030.976563
1035.551270
1039.972900
1044.229492
1048.309326
1052.201172
1055.894409
1059.378906
1062.645142
1065.684082
1068.487427
1071.047607
1073.357422
1075.410645
1077.201538
1078.725342
1079.977905
1080.955566
1081.655884
1082.076904
1000.554443
1000.480286
1000.258118
999.888489
999.372437
998.711365
997.907043
996.961792
995.878052
994.658936
993.307678
991.828064
990.224121
988.500183
986.661011
984.711731
982.657593
980.504211
978.257568
975.923767
973.509216
971.020569
968.464600
965.848328
963.178894
960.463684
957.710083
954.925659
952.118042
949.294922
946.464050
943.633240
940.810120
938.002502
935.218079
932.464478
929.749268
927.079834
924.463562
921.907593
919.418884
917.004395
914.670593
912.423950
910.270569
908.216431
906.267090
904.427979
902.704041
901.100098
899.620422
898.269226
897.050049
895.966370
895.021057
894.216797
893.555664
893.039612
892.669983
892.447815
892.373657
892.447754
892.669983
893.039551
893.555664
894.216736
895.020996
895.966248
897.049988
898.269104
899.620300
901.099976
902.703918
904.427795
906.266968
908.216248
910.270386
912.423706
914.670410
917.004150
919.418701
921.907410
924.463379
927.079651
929.749084
932.464355
935.217957
938.002380
940.809998
943.633118
946.463989
949.294861
952.117981
954.925659
957.710083
960.463684
963.178894
965.848328
968.464600
971.020630
973.509277
975.923828
978.257629
980.504272
982.657654
984.711792
986.661133
988.500244
990.224182
991.828125
993.307800
994.658997
995.878174
996.961853
997.907104
998.711426
999.372498
999.888550
1000.258179
1000.480347
995.119202
995.075684
994.945435
994.728638
994.426025
994.038330
993.566711
993.012390
992.376831
991.661926
990.869507
990.001831
989.061218
988.050293
986.971802
985.828674
984.624084
983.361267
982.043823
980.675232
979.259277
977.799866
976.300964
974.766724
973.201355
971.609070
969.994263
968.361450
966.714966
965.059448
963.399353
961.739258
960.083740
958.437317
956.804443
955.189697
953.597412
952.031982
950.497742
948.998901
947.539490
946.123535
944.754944
943.437439
942.174683
940.970093
939.826965
938.748474
937.737488
936.796875
935.929199
935.136780
934.421875
933.786377
933.231995
932.760376
932.372681
932.070068
931.853271
931.723022
931.679504
931.723022
931.853271
932.070007
932.372681
932.760315
933.231995
933.786316
934.421814
935.136719
935.929138
936.796814
937.737427
938.748352
939.826843
940.969971
942.174561
943.437317
944.754822
946.123413
947.539368
948.998779
950.497681
952.031921
953.597351
955.189575
956.804382
958.437256
960.083679
961.739258
963.399353
965.059387
966.714966
968.361389
969.994263
971.609070
973.201294
974.766724
976.300964
977.799866
979.259277
980.675232
982.043823
983.361328
984.624084
985.828674
986.971802
988.050354
989.061279
990.001892
990.869568
991.661987
992.376892
993.012390
993.566711
994.038391
994.426025
994.728699
994.945435
995.075745
