-833 -32.695286 1270.967407
-833 -26.529915 1270.806030
-833 -20.381443 1270.322144
-833 -14.266720 1269.517090
-833 -8.202509 1268.393188
-833 -2.205435 1266.953369
-833 3.708073 1265.201660
-833 9.521801 1263.142944
-833 15.219814 1260.782715
-833 20.786495 1258.127563
-833 26.206585 1255.184692
-833 31.465229 1251.962280
-833 36.548016 1248.468872
-833 41.441013 1244.714355
-833 46.130802 1240.708984
-833 50.604534 1236.463501
-833 54.849957 1231.989746
-833 58.855419 1227.300049
-833 62.609943 1222.406982
-833 66.103256 1217.324219
-833 69.325745 1212.065552
-833 72.268616 1206.645508
-833 74.923782 1201.078857
-833 77.283981 1195.380859
-833 79.342728 1189.567139
-833 81.094376 1183.653564
-833 82.534149 1177.656494
-833 83.658096 1171.592285
-833 84.463104 1165.477539
-833 84.947006 1159.329102
-833 85.108459 1153.163818
-833 84.947021 1146.998413
-833 84.463120 1140.849976
-833 83.658112 1134.735229
-833 82.534180 1128.671021
-833 81.094421 1122.673950
-833 79.342758 1116.760498
-833 77.284027 1110.946777
-833 74.923828 1105.248657
-833 72.268677 1099.682007
-833 69.325821 1094.261963
-833 66.103317 1089.003296
-833 62.610027 1083.920532
-833 58.855511 1079.027466
-833 54.850063 1074.337769
-833 50.604656 1069.864014
-833 46.130932 1065.618530
-833 41.441151 1061.613159
-833 36.548168 1057.858643
-833 31.465397 1054.365234
-833 26.206760 1051.142822
-833 20.786678 1048.199951
-833 15.220009 1045.544678
-833 9.522007 1043.184570
-833 3.708290 1041.125732
-833 -2.205206 1039.374023
-833 -8.202272 1037.934326
-833 -14.266474 1036.810303
-833 -20.381187 1036.005371
-833 -26.529652 1035.521362
-833 -32.695015 1035.359985
-833 -38.860382 1035.521362
-833 -45.008846 1036.005249
-833 -51.123562 1036.810303
-833 -57.187767 1037.934204
-833 -63.184845 1039.373901
-833 -69.098343 1041.125610
-833 -74.912071 1043.184326
-833 -80.610085 1045.544434
-833 -86.176773 1048.199707
-833 -91.596863 1051.142456
-833 -96.855515 1054.364990
-833 -101.938293 1057.858276
-833 -106.831299 1061.612793
-833 -111.521103 1065.618164
-833 -115.994843 1069.863647
-833 -120.240265 1074.337280
-833 -124.245743 1079.027100
-833 -128.000305 1083.920044
-833 -131.493637 1089.002930
-833 -134.716156 1094.261597
-833 -137.659042 1099.681641
-833 -140.314240 1105.248291
-833 -142.674454 1110.946411
-833 -144.733231 1116.760132
-833 -146.484909 1122.673584
-833 -147.924698 1128.670776
-833 -149.048645 1134.734985
-833 -149.853668 1140.849731
-833 -150.337570 1146.998169
-833 -150.499023 1153.163574
-833 -150.337585 1159.328979
-833 -149.853699 1165.477417
-833 -149.048676 1171.592163
-833 -147.924728 1177.656494
-833 -146.484955 1183.653564
-833 -144.733292 1189.567017
-833 -142.674545 1195.380859
-833 -140.314331 1201.078857
-833 -137.659149 1206.645508
-833 -134.716263 1212.065674
-833 -131.493744 1217.324341
-833 -128.000427 1222.407104
-833 -124.245880 1227.300171
-833 -120.240402 1231.989868
-833 -115.994965 1236.463623
-833 -111.521210 1240.709106
-833 -106.831390 1244.714600
-833 -101.938370 1248.469116
-833 -96.855560 1251.962402
-833 -91.596886 1255.184937
-833 -86.176765 1258.127808
-833 -80.610062 1260.782959
-833 -74.912018 1263.143066
-833 -69.098267 1265.201782
-833 -63.184734 1266.953491
-833 -57.187630 1268.393188
-833 -51.123394 1269.517090
-833 -45.008648 1270.322144
-833 -38.860153 1270.806030
-753 12.838955 1353.821411
-753 22.477169 1353.569092
-753 32.088963 1352.812622
-753 41.647995 1351.554077
-753 51.128063 1349.797119
-753 60.503181 1347.546387
-753 69.747658 1344.807983
-753 78.836151 1341.589600
-753 87.743744 1337.899902
-753 96.446045 1333.749146
-753 104.919174 1329.148682
-753 113.139923 1324.110962
-753 121.085739 1318.649902
-753 128.734863 1312.780518
-753 136.066345 1306.518921
-753 143.060043 1299.882080
-753 149.696838 1292.888428
-753 155.958496 1285.556885
-753 161.827881 1277.907837
-753 167.288895 1269.961914
-753 172.326584 1261.741211
-753 176.927109 1253.268066
-753 181.077881 1244.565796
-753 184.767532 1235.658203
-753 187.985931 1226.569702
-753 190.724258 1217.325317
-753 192.975021 1207.950195
-753 194.732056 1198.470093
-753 195.990540 1188.911133
-753 196.746994 1179.299316
-753 196.999390 1169.661133
-753 196.747009 1160.022949
-753 195.990555 1150.411133
-753 194.732101 1140.852051
-753 192.975067 1131.372070
-753 190.724319 1121.996948
-753 187.985992 1112.752441
-753 184.767593 1103.663940
-753 181.077957 1094.756348
-753 176.927200 1086.054077
-753 172.326675 1077.580933
-753 167.289017 1069.360229
-753 161.828003 1061.414429
-753 155.958633 1053.765259
-753 149.697006 1046.433838
-753 143.060226 1039.440063
-753 136.066544 1032.803345
-753 128.735092 1026.541626
-753 121.085983 1020.672241
-753 113.140167 1015.211243
-753 104.919449 1010.173584
-753 96.446335 1005.572998
-753 87.744064 1001.422241
-753 78.836472 997.732544
-753 69.748001 994.514160
-753 60.503540 991.775757
-753 51.128433 989.525024
-753 41.648380 987.767944
-753 32.089363 986.509460
-753 22.477577 985.752991
-753 12.839378 985.500610
-753 3.201176 985.752930
-753 -6.410610 986.509399
-753 -15.969633 987.767822
-753 -25.449696 989.524841
-753 -34.824810 991.775574
-753 -44.069283 994.513916
-753 -53.157772 997.732239
-753 -62.065372 1001.421875
-753 -70.767670 1005.572632
-753 -79.240799 1010.173157
-753 -87.461548 1015.210815
-753 -95.407379 1020.671753
-753 -103.056519 1026.541138
-753 -110.388000 1032.802734
-753 -117.381729 1039.439453
-753 -124.018509 1046.433228
-753 -130.280197 1053.764648
-753 -136.149628 1061.413818
-753 -141.610687 1069.359619
-753 -146.648392 1077.580322
-753 -151.248962 1086.053467
-753 -155.399780 1094.755859
-753 -159.089462 1103.663452
-753 -162.307907 1112.751953
-753 -165.046265 1121.996460
-753 -167.297058 1131.371582
-753 -169.054108 1140.851685
-753 -170.312592 1150.410767
-753 -171.069077 1160.022583
-753 -171.321472 1169.660889
-753 -171.069092 1179.299072
-753 -170.312637 1188.910889
-753 -169.054169 1198.469971
-753 -167.297134 1207.950073
-753 -165.046356 1217.325195
-753 -162.308014 1226.569702
-753 -159.089600 1235.658203
-753 -155.399933 1244.565918
-753 -151.249130 1253.268188
-753 -146.648575 1261.741333
-753 -141.610870 1269.962158
-753 -136.149826 1277.907959
-753 -130.280411 1285.557129
-753 -124.018707 1292.888550
-753 -117.381897 1299.882324
-753 -110.388168 1306.519165
-753 -103.056656 1312.780762
-753 -95.407486 1318.650146
-753 -87.461624 1324.111206
-753 -79.240845 1329.148926
-753 -70.767670 1333.749390
-753 -62.065327 1337.900146
-753 -53.157696 1341.589844
-753 -44.069157 1344.808228
-753 -34.824642 1347.546509
-753 -25.449478 1349.797241
-753 -15.969370 1351.554199
-753 -6.410299 1352.812622
-753 3.201531 1353.569092
-673 0.000000 0.000000
-673 0.000000 0.000000
-673 0.000000 0.000000
-673 0.000000 0.000000
-673 0.000000 0.000000
-673 0.000000 0.000000
-673 0.000000 0.000000
-673 0.000000 0.000000
-673 0.000000 0.000000
-673 0.000000 0.000000
-673 0.000000 0.000000
-673 0.000000 0.000000
-673 0.000000 0.000000
-673 0.000000 0.000000
-673 0.000000 0.000000
-673 0.000000 0.000000
-673 0.000000 0.000000
-673 0.000000 0.000000
-673 0.000000 0.000000
-673 0.000000 0.000000
-673 0.000000 0.000000
-673 0.000000 0.000000
-673 0.000000 0.000000
-673 0.000000 0.000000
-673 0.000000 0.000000
-673 0.000000 0.000000
-673 0.000000 0.000000
-673 0.000000 0.000000
-673 0.000000 0.000000
-673 0.000000 0.000000
-673 0.000000 0.000000
-673 0.000000 0.000000
-673 0.000000 0.000000
-673 0.000000 0.000000
-673 0.000000 0.000000
-673 0.000000 0.000000
-673 0.000000 0.000000
-673 0.000000 0.000000
-673 0.000000 0.000000
-673 0.000000 0.000000
-673 0.000000 0.000000
-673 0.000000 0.000000
-673 0.000000 0.000000
-673 0.000000 0.000000
-673 0.000000 0.000000
-673 0.000000 0.000000
-673 0.000000 0.000000
-673 0.000000 0.000000
-673 0.000000 0.000000
-673 0.000000 0.000000
-673 0.000000 0.000000
-673 0.000000 0.000000
-673 0.000000 0.000000
-673 0.000000 0.000000
-673 0.000000 0.000000
-673 0.000000 0.000000
-673 0.000000 0.000000
-673 0.000000 0.000000
-673 0.000000 0.000000
-673 0.000000 0.000000
-673 0.000000 0.000000
-673 0.000000 0.000000
-673 0.000000 0.000000
-673 0.000000 0.000000
-673 0.000000 0.000000
-673 0.000000 0.000000
-673 0.000000 0.000000
-673 0.000000 0.000000
-673 0.000000 0.000000
-673 0.000000 0.000000
-673 0.000000 0.000000
-673 0.000000 0.000000
-673 0.000000 0.000000
-673 0.000000 0.000000
-673 0.000000 0.000000
-673 0.000000 0.000000
-673 0.000000 0.000000
-673 0.000000 0.000000
-673 0.000000 0.000000
-673 0.000000 0.000000
-673 0.000000 0.000000
-673 0.000000 0.000000
-673 0.000000 0.000000
-673 0.000000 0.000000
-673 0.000000 0.000000
-673 0.000000 0.000000
-673 0.000000 0.000000
-673 0.000000 0.000000
-673 0.000000 0.000000
-673 0.000000 0.000000
-673 0.000000 0.000000
-673 0.000000 0.000000
-673 0.000000 0.000000
-673 0.000000 0.000000
-673 0.000000 0.000000
-673 0.000000 0.000000
-673 0.000000 0.000000
-673 0.000000 0.000000
-673 0.000000 0.000000
-673 0.000000 0.000000
-673 0.000000 0.000000
-673 0.000000 0.000000
-673 0.000000 0.000000
-673 0.000000 0.000000
-673 0.000000 0.000000
-673 0.000000 0.000000
-673 0.000000 0.000000
-673 0.000000 0.000000
-673 0.000000 0.000000
-673 0.000000 0.000000
-673 0.000000 0.000000
-673 0.000000 0.000000
-673 0.000000 0.000000
-673 0.000000 0.000000
-673 0.000000 0.000000
-673 0.000000 0.000000
-673 0.000000 0.000000
-673 0.000000 0.000000
-673 0.000000 0.000000
-673 0.000000 0.000000
-593 0.000000 0.000000
-593 0.000000 0.000000
-593 0.000000 0.000000
-593 0.000000 0.000000
-593 0.000000 0.000000
-593 0.000000 0.000000
-593 0.000000 0.000000
-593 0.000000 0.000000
-593 0.000000 0.000000
-593 0.000000 0.000000
-593 0.000000 0.000000
-593 0.000000 0.000000
-593 0.000000 0.000000
-593 0.000000 0.000000
-593 0.000000 0.000000
-593 0.000000 0.000000
-593 0.000000 0.000000
-593 0.000000 0.000000
-593 0.000000 0.000000
-593 0.000000 0.000000
-593 0.000000 0.000000
-593 0.000000 0.000000
-593 0.000000 0.000000
-593 0.000000 0.000000
-593 0.000000 0.000000
-593 0.000000 0.000000
-593 0.000000 0.000000
-593 0.000000 0.000000
-593 0.000000 0.000000
-593 0.000000 0.000000
-593 0.000000 0.000000
-593 0.000000 0.000000
-593 0.000000 0.000000
-593 0.000000 0.000000
-593 0.000000 0.000000
-593 0.000000 0.000000
-593 0.000000 0.000000
-593 0.000000 0.000000
-593 0.000000 0.000000
-593 0.000000 0.000000
-593 0.000000 0.000000
-593 0.000000 0.000000
-593 0.000000 0.000000
-593 0.000000 0.000000
-593 0.000000 0.000000
-593 0.000000 0.000000
-593 0.000000 0.000000
-593 0.000000 0.000000
-593 0.000000 0.000000
-593 0.000000 0.000000
-593 0.000000 0.000000
-593 0.000000 0.000000
-593 0.000000 0.000000
-593 0.000000 0.000000
-593 0.000000 0.000000
-593 0.000000 0.000000
-593 0.000000 0.000000
-593 0.000000 0.000000
-593 0.000000 0.000000
-593 0.000000 0.000000
-593 0.000000 0.000000
-593 0.000000 0.000000
-593 0.000000 0.000000
-593 0.000000 0.000000
-593 0.000000 0.000000
-593 0.000000 0.000000
-593 0.000000 0.000000
-593 0.000000 0.000000
-593 0.000000 0.000000
-593 0.000000 0.000000
-593 0.000000 0.000000
-593 0.000000 0.000000
-593 0.000000 0.000000
-593 0.000000 0.000000
-593 0.000000 0.000000
-593 0.000000 0.000000
-593 0.000000 0.000000
-593 0.000000 0.000000
-593 0.000000 0.000000
-593 0.000000 0.000000
-593 0.000000 0.000000
-593 0.000000 0.000000
-593 0.000000 0.000000
-593 0.000000 0.000000
-593 0.000000 0.000000
-593 0.000000 0.000000
-593 0.000000 0.000000
-593 0.000000 0.000000
-593 0.000000 0.000000
-593 0.000000 0.000000
-593 0.000000 0.000000
-593 0.000000 0.000000
-593 0.000000 0.000000
-593 0.000000 0.000000
-593 0.000000 0.000000
-593 0.000000 0.000000
-593 0.000000 0.000000
-593 0.000000 0.000000
-593 0.000000 0.000000
-593 0.000000 0.000000
-593 0.000000 0.000000
-593 0.000000 0.000000
-593 0.000000 0.000000
-593 0.000000 0.000000
-593 0.000000 0.000000
-593 0.000000 0.000000
-593 0.000000 0.000000
-593 0.000000 0.000000
-593 0.000000 0.000000
-593 0.000000 0.000000
-593 0.000000 0.000000
-593 0.000000 0.000000
-593 0.000000 0.000000
-593 0.000000 0.000000
-593 0.000000 0.000000
-593 0.000000 0.000000
-593 0.000000 0.000000
-593 0.000000 0.000000
-593 0.000000 0.000000
-593 0.000000 0.000000
-513 0.000000 0.000000
-513 0.000000 0.000000
-513 0.000000 0.000000
-513 0.000000 0.000000
-513 0.000000 0.000000
-513 0.000000 0.000000
-513 0.000000 0.000000
-513 0.000000 0.000000
-513 0.000000 0.000000
-513 0.000000 0.000000
-513 0.000000 0.000000
-513 0.000000 0.000000
-513 0.000000 0.000000
-513 0.000000 0.000000
-513 0.000000 0.000000
-513 0.000000 0.000000
-513 0.000000 0.000000
-513 0.000000 0.000000
-513 0.000000 0.000000
-513 0.000000 0.000000
-513 0.000000 0.000000
-513 0.000000 0.000000
-513 0.000000 0.000000
-513 0.000000 0.000000
-513 0.000000 0.000000
-513 0.000000 0.000000
-513 0.000000 0.000000
-513 0.000000 0.000000
-513 0.000000 0.000000
-513 0.000000 0.000000
-513 0.000000 0.000000
-513 0.000000 0.000000
-513 0.000000 0.000000
-513 0.000000 0.000000
-513 0.000000 0.000000
-513 0.000000 0.000000
-513 0.000000 0.000000
-513 0.000000 0.000000
-513 0.000000 0.000000
-513 0.000000 0.000000
-513 0.000000 0.000000
-513 0.000000 0.000000
-513 0.000000 0.000000
-513 0.000000 0.000000
-513 0.000000 0.000000
-513 0.000000 0.000000
-513 0.000000 0.000000
-513 0.000000 0.000000
-513 0.000000 0.000000
-513 0.000000 0.000000
-513 0.000000 0.000000
-513 0.000000 0.000000
-513 0.000000 0.000000
-513 0.000000 0.000000
-513 0.000000 0.000000
-513 0.000000 0.000000
-513 0.000000 0.000000
-513 0.000000 0.000000
-513 0.000000 0.000000
-513 0.000000 0.000000
-513 0.000000 0.000000
-513 0.000000 0.000000
-513 0.000000 0.000000
-513 0.000000 0.000000
-513 0.000000 0.000000
-513 0.000000 0.000000
-513 0.000000 0.000000
-513 0.000000 0.000000
-513 0.000000 0.000000
-513 0.000000 0.000000
-513 0.000000 0.000000
-513 0.000000 0.000000
-513 0.000000 0.000000
-513 0.000000 0.000000
-513 0.000000 0.000000
-513 0.000000 0.000000
-513 0.000000 0.000000
-513 0.000000 0.000000
-513 0.000000 0.000000
-513 0.000000 0.000000
-513 0.000000 0.000000
-513 0.000000 0.000000
-513 0.000000 0.000000
-513 0.000000 0.000000
-513 0.000000 0.000000
-513 0.000000 0.000000
-513 0.000000 0.000000
-513 0.000000 0.000000
-513 0.000000 0.000000
-513 0.000000 0.000000
-513 0.000000 0.000000
-513 0.000000 0.000000
-513 0.000000 0.000000
-513 0.000000 0.000000
-513 0.000000 0.000000
-513 0.000000 0.000000
-513 0.000000 0.000000
-513 0.000000 0.000000
-513 0.000000 0.000000
-513 0.000000 0.000000
-513 0.000000 0.000000
-513 0.000000 0.000000
-513 0.000000 0.000000
-513 0.000000 0.000000
-513 0.000000 0.000000
-513 0.000000 0.000000
-513 0.000000 0.000000
-513 0.000000 0.000000
-513 0.000000 0.000000
-513 0.000000 0.000000
-513 0.000000 0.000000
-513 0.000000 0.000000
-513 0.000000 0.000000
-513 0.000000 0.000000
-513 0.000000 0.000000
-513 0.000000 0.000000
-513 0.000000 0.000000
-513 0.000000 0.000000
-513 0.000000 0.000000
-513 0.000000 0.000000
-433 0.000000 0.000000
-433 0.000000 0.000000
-433 0.000000 0.000000
-433 0.000000 0.000000
-433 0.000000 0.000000
-433 0.000000 0.000000
-433 0.000000 0.000000
-433 0.000000 0.000000
-433 0.000000 0.000000
-433 0.000000 0.000000
-433 0.000000 0.000000
-433 0.000000 0.000000
-433 0.000000 0.000000
-433 0.000000 0.000000
-433 0.000000 0.000000
-433 0.000000 0.000000
-433 0.000000 0.000000
-433 0.000000 0.000000
-433 0.000000 0.000000
-433 0.000000 0.000000
-433 0.000000 0.000000
-433 0.000000 0.000000
-433 0.000000 0.000000
-433 0.000000 0.000000
-433 0.000000 0.000000
-433 0.000000 0.000000
-433 0.000000 0.000000
-433 0.000000 0.000000
-433 0.000000 0.000000
-433 0.000000 0.000000
-433 0.000000 0.000000
-433 0.000000 0.000000
-433 0.000000 0.000000
-433 0.000000 0.000000
-433 0.000000 0.000000
-433 0.000000 0.000000
-433 0.000000 0.000000
-433 0.000000 0.000000
-433 0.000000 0.000000
-433 0.000000 0.000000
-433 0.000000 0.000000
-433 0.000000 0.000000
-433 0.000000 0.000000
-433 0.000000 0.000000
-433 0.000000 0.000000
-433 0.000000 0.000000
-433 0.000000 0.000000
-433 0.000000 0.000000
-433 0.000000 0.000000
-433 0.000000 0.000000
-433 0.000000 0.000000
-433 0.000000 0.000000
-433 0.000000 0.000000
-433 0.000000 0.000000
-433 0.000000 0.000000
-433 0.000000 0.000000
-433 0.000000 0.000000
-433 0.000000 0.000000
-433 0.000000 0.000000
-433 0.000000 0.000000
-433 0.000000 0.000000
-433 0.000000 0.000000
-433 0.000000 0.000000
-433 0.000000 0.000000
-433 0.000000 0.000000
-433 0.000000 0.000000
-433 0.000000 0.000000
-433 0.000000 0.000000
-433 0.000000 0.000000
-433 0.000000 0.000000
-433 0.000000 0.000000
-433 0.000000 0.000000
-433 0.000000 0.000000
-433 0.000000 0.000000
-433 0.000000 0.000000
-433 0.000000 0.000000
-433 0.000000 0.000000
-433 0.000000 0.000000
-433 0.000000 0.000000
-433 0.000000 0.000000
-433 0.000000 0.000000
-433 0.000000 0.000000
-433 0.000000 0.000000
-433 0.000000 0.000000
-433 0.000000 0.000000
-433 0.000000 0.000000
-433 0.000000 0.000000
-433 0.000000 0.000000
-433 0.000000 0.000000
-433 0.000000 0.000000
-433 0.000000 0.000000
-433 0.000000 0.000000
-433 0.000000 0.000000
-433 0.000000 0.000000
-433 0.000000 0.000000
-433 0.000000 0.000000
-433 0.000000 0.000000
-433 0.000000 0.000000
-433 0.000000 0.000000
-433 0.000000 0.000000
-433 0.000000 0.000000
-433 0.000000 0.000000
-433 0.000000 0.000000
-433 0.000000 0.000000
-433 0.000000 0.000000
-433 0.000000 0.000000
-433 0.000000 0.000000
-433 0.000000 0.000000
-433 0.000000 0.000000
-433 0.000000 0.000000
-433 0.000000 0.000000
-433 0.000000 0.000000
-433 0.000000 0.000000
-433 0.000000 0.000000
-433 0.000000 0.000000
-433 0.000000 0.000000
-433 0.000000 0.000000
-433 0.000000 0.000000
-433 0.000000 0.000000
-433 0.000000 0.000000
-353 0.000000 0.000000
-353 0.000000 0.000000
-353 0.000000 0.000000
-353 0.000000 0.000000
-353 0.000000 0.000000
-353 0.000000 0.000000
-353 0.000000 0.000000
-353 0.000000 0.000000
-353 0.000000 0.000000
-353 0.000000 0.000000
-353 0.000000 0.000000
-353 0.000000 0.000000
-353 0.000000 0.000000
-353 0.000000 0.000000
-353 0.000000 0.000000
-353 0.000000 0.000000
-353 0.000000 0.000000
-353 0.000000 0.000000
-353 0.000000 0.000000
-353 0.000000 0.000000
-353 0.000000 0.000000
-353 0.000000 0.000000
-353 0.000000 0.000000
-353 0.000000 0.000000
-353 0.000000 0.000000
-353 0.000000 0.000000
-353 0.000000 0.000000
-353 0.000000 0.000000
-353 0.000000 0.000000
-353 0.000000 0.000000
-353 0.000000 0.000000
-353 0.000000 0.000000
-353 0.000000 0.000000
-353 0.000000 0.000000
-353 0.000000 0.000000
-353 0.000000 0.000000
-353 0.000000 0.000000
-353 0.000000 0.000000
-353 0.000000 0.000000
-353 0.000000 0.000000
-353 0.000000 0.000000
-353 0.000000 0.000000
-353 0.000000 0.000000
-353 0.000000 0.000000
-353 0.000000 0.000000
-353 0.000000 0.000000
-353 0.000000 0.000000
-353 0.000000 0.000000
-353 0.000000 0.000000
-353 0.000000 0.000000
-353 0.000000 0.000000
-353 0.000000 0.000000
-353 0.000000 0.000000
-353 0.000000 0.000000
-353 0.000000 0.000000
-353 0.000000 0.000000
-353 0.000000 0.000000
-353 0.000000 0.000000
-353 0.000000 0.000000
-353 0.000000 0.000000
-353 0.000000 0.000000
-353 0.000000 0.000000
-353 0.000000 0.000000
-353 0.000000 0.000000
-353 0.000000 0.000000
-353 0.000000 0.000000
-353 0.000000 0.000000
-353 0.000000 0.000000
-353 0.000000 0.000000
-353 0.000000 0.000000
-353 0.000000 0.000000
-353 0.000000 0.000000
-353 0.000000 0.000000
-353 0.000000 0.000000
-353 0.000000 0.000000
-353 0.000000 0.000000
-353 0.000000 0.000000
-353 0.000000 0.000000
-353 0.000000 0.000000
-353 0.000000 0.000000
-353 0.000000 0.000000
-353 0.000000 0.000000
-353 0.000000 0.000000
-353 0.000000 0.000000
-353 0.000000 0.000000
-353 0.000000 0.000000
-353 0.000000 0.000000
-353 0.000000 0.000000
-353 0.000000 0.000000
-353 0.000000 0.000000
-353 0.000000 0.000000
-353 0.000000 0.000000
-353 0.000000 0.000000
-353 0.000000 0.000000
-353 0.000000 0.000000
-353 0.000000 0.000000
-353 0.000000 0.000000
-353 0.000000 0.000000
-353 0.000000 0.000000
-353 0.000000 0.000000
-353 0.000000 0.000000
-353 0.000000 0.000000
-353 0.000000 0.000000
-353 0.000000 0.000000
-353 0.000000 0.000000
-353 0.000000 0.000000
-353 0.000000 0.000000
-353 0.000000 0.000000
-353 0.000000 0.000000
-353 0.000000 0.000000
-353 0.000000 0.000000
-353 0.000000 0.000000
-353 0.000000 0.000000
-353 0.000000 0.000000
-353 0.000000 0.000000
-353 0.000000 0.000000
-353 0.000000 0.000000
-353 0.000000 0.000000
-353 0.000000 0.000000
-353 0.000000 0.000000
-273 0.000000 0.000000
-273 0.000000 0.000000
-273 0.000000 0.000000
-273 0.000000 0.000000
-273 0.000000 0.000000
-273 0.000000 0.000000
-273 0.000000 0.000000
-273 0.000000 0.000000
-273 0.000000 0.000000
-273 0.000000 0.000000
-273 0.000000 0.000000
-273 0.000000 0.000000
-273 0.000000 0.000000
-273 0.000000 0.000000
-273 0.000000 0.000000
-273 0.000000 0.000000
-273 0.000000 0.000000
-273 0.000000 0.000000
-273 0.000000 0.000000
-273 0.000000 0.000000
-273 0.000000 0.000000
-273 0.000000 0.000000
-273 0.000000 0.000000
-273 0.000000 0.000000
-273 0.000000 0.000000
-273 0.000000 0.000000
-273 0.000000 0.000000
-273 0.000000 0.000000
-273 0.000000 0.000000
-273 0.000000 0.000000
-273 0.000000 0.000000
-273 0.000000 0.000000
-273 0.000000 0.000000
-273 0.000000 0.000000
-273 0.000000 0.000000
-273 0.000000 0.000000
-273 0.000000 0.000000
-273 0.000000 0.000000
-273 0.000000 0.000000
-273 0.000000 0.000000
-273 0.000000 0.000000
-273 0.000000 0.000000
-273 0.000000 0.000000
-273 0.000000 0.000000
-273 0.000000 0.000000
-273 0.000000 0.000000
-273 0.000000 0.000000
-273 0.000000 0.000000
-273 0.000000 0.000000
-273 0.000000 0.000000
-273 0.000000 0.000000
-273 0.000000 0.000000
-273 0.000000 0.000000
-273 0.000000 0.000000
-273 0.000000 0.000000
-273 0.000000 0.000000
-273 0.000000 0.000000
-273 0.000000 0.000000
-273 0.000000 0.000000
-273 0.000000 0.000000
-273 0.000000 0.000000
-273 0.000000 0.000000
-273 0.000000 0.000000
-273 0.000000 0.000000
-273 0.000000 0.000000
-273 0.000000 0.000000
-273 0.000000 0.000000
-273 0.000000 0.000000
-273 0.000000 0.000000
-273 0.000000 0.000000
-273 0.000000 0.000000
-273 0.000000 0.000000
-273 0.000000 0.000000
-273 0.000000 0.000000
-273 0.000000 0.000000
-273 0.000000 0.000000
-273 0.000000 0.000000
-273 0.000000 0.000000
-273 0.000000 0.000000
-273 0.000000 0.000000
-273 0.000000 0.000000
-273 0.000000 0.000000
-273 0.000000 0.000000
-273 0.000000 0.000000
-273 0.000000 0.000000
-273 0.000000 0.000000
-273 0.000000 0.000000
-273 0.000000 0.000000
-273 0.000000 0.000000
-273 0.000000 0.000000
-273 0.000000 0.000000
-273 0.000000 0.000000
-273 0.000000 0.000000
-273 0.000000 0.000000
-273 0.000000 0.000000
-273 0.000000 0.000000
-273 0.000000 0.000000
-273 0.000000 0.000000
-273 0.000000 0.000000
-273 0.000000 0.000000
-273 0.000000 0.000000
-273 0.000000 0.000000
-273 0.000000 0.000000
-273 0.000000 0.000000
-273 0.000000 0.000000
-273 0.000000 0.000000
-273 0.000000 0.000000
-273 0.000000 0.000000
-273 0.000000 0.000000
-273 0.000000 0.000000
-273 0.000000 0.000000
-273 0.000000 0.000000
-273 0.000000 0.000000
-273 0.000000 0.000000
-273 0.000000 0.000000
-273 0.000000 0.000000
-273 0.000000 0.000000
-273 0.000000 0.000000
-273 0.000000 0.000000
-273 0.000000 0.000000
-193 0.000000 0.000000
-193 0.000000 0.000000
-193 0.000000 0.000000
-193 0.000000 0.000000
-193 0.000000 0.000000
-193 0.000000 0.000000
-193 0.000000 0.000000
-193 0.000000 0.000000
-193 0.000000 0.000000
-193 0.000000 0.000000
-193 0.000000 0.000000
-193 0.000000 0.000000
-193 0.000000 0.000000
-193 0.000000 0.000000
-193 0.000000 0.000000
-193 0.000000 0.000000
-193 0.000000 0.000000
-193 0.000000 0.000000
-193 0.000000 0.000000
-193 0.000000 0.000000
-193 0.000000 0.000000
-193 0.000000 0.000000
-193 0.000000 0.000000
-193 0.000000 0.000000
-193 0.000000 0.000000
-193 0.000000 0.000000
-193 0.000000 0.000000
-193 0.000000 0.000000
-193 0.000000 0.000000
-193 0.000000 0.000000
-193 0.000000 0.000000
-193 0.000000 0.000000
-193 0.000000 0.000000
-193 0.000000 0.000000
-193 0.000000 0.000000
-193 0.000000 0.000000
-193 0.000000 0.000000
-193 0.000000 0.000000
-193 0.000000 0.000000
-193 0.000000 0.000000
-193 0.000000 0.000000
-193 0.000000 0.000000
-193 0.000000 0.000000
-193 0.000000 0.000000
-193 0.000000 0.000000
-193 0.000000 0.000000
-193 0.000000 0.000000
-193 0.000000 0.000000
-193 0.000000 0.000000
-193 0.000000 0.000000
-193 0.000000 0.000000
-193 0.000000 0.000000
-193 0.000000 0.000000
-193 0.000000 0.000000
-193 0.000000 0.000000
-193 0.000000 0.000000
-193 0.000000 0.000000
-193 0.000000 0.000000
-193 0.000000 0.000000
-193 0.000000 0.000000
-193 0.000000 0.000000
-193 0.000000 0.000000
-193 0.000000 0.000000
-193 0.000000 0.000000
-193 0.000000 0.000000
-193 0.000000 0.000000
-193 0.000000 0.000000
-193 0.000000 0.000000
-193 0.000000 0.000000
-193 0.000000 0.000000
-193 0.000000 0.000000
-193 0.000000 0.000000
-193 0.000000 0.000000
-193 0.000000 0.000000
-193 0.000000 0.000000
-193 0.000000 0.000000
-193 0.000000 0.000000
-193 0.000000 0.000000
-193 0.000000 0.000000
-193 0.000000 0.000000
-193 0.000000 0.000000
-193 0.000000 0.000000
-193 0.000000 0.000000
-193 0.000000 0.000000
-193 0.000000 0.000000
-193 0.000000 0.000000
-193 0.000000 0.000000
-193 0.000000 0.000000
-193 0.000000 0.000000
-193 0.000000 0.000000
-193 0.000000 0.000000
-193 0.000000 0.000000
-193 0.000000 0.000000
-193 0.000000 0.000000
-193 0.000000 0.000000
-193 0.000000 0.000000
-193 0.000000 0.000000
-193 0.000000 0.000000
-193 0.000000 0.000000
-193 0.000000 0.000000
-193 0.000000 0.000000
-193 0.000000 0.000000
-193 0.000000 0.000000
-193 0.000000 0.000000
-193 0.000000 0.000000
-193 0.000000 0.000000
-193 0.000000 0.000000
-193 0.000000 0.000000
-193 0.000000 0.000000
-193 0.000000 0.000000
-193 0.000000 0.000000
-193 0.000000 0.000000
-193 0.000000 0.000000
-193 0.000000 0.000000
-193 0.000000 0.000000
-193 0.000000 0.000000
-193 0.000000 0.000000
-193 0.000000 0.000000
-193 0.000000 0.000000
-193 0.000000 0.000000
-113 0.000000 0.000000
-113 0.000000 0.000000
-113 0.000000 0.000000
-113 0.000000 0.000000
-113 0.000000 0.000000
-113 0.000000 0.000000
-113 0.000000 0.000000
-113 0.000000 0.000000
-113 0.000000 0.000000
-113 0.000000 0.000000
-113 0.000000 0.000000
-113 0.000000 0.000000
-113 0.000000 0.000000
-113 0.000000 0.000000
-113 0.000000 0.000000
-113 0.000000 0.000000
-113 0.000000 0.000000
-113 0.000000 0.000000
-113 0.000000 0.000000
-113 0.000000 0.000000
-113 0.000000 0.000000
-113 0.000000 0.000000
-113 0.000000 0.000000
-113 0.000000 0.000000
-113 0.000000 0.000000
-113 0.000000 0.000000
-113 0.000000 0.000000
-113 0.000000 0.000000
-113 0.000000 0.000000
-113 0.000000 0.000000
-113 0.000000 0.000000
-113 0.000000 0.000000
-113 0.000000 0.000000
-113 0.000000 0.000000
-113 0.000000 0.000000
-113 0.000000 0.000000
-113 0.000000 0.000000
-113 0.000000 0.000000
-113 0.000000 0.000000
-113 0.000000 0.000000
-113 0.000000 0.000000
-113 0.000000 0.000000
-113 0.000000 0.000000
-113 0.000000 0.000000
-113 0.000000 0.000000
-113 0.000000 0.000000
-113 0.000000 0.000000
-113 0.000000 0.000000
-113 0.000000 0.000000
-113 0.000000 0.000000
-113 0.000000 0.000000
-113 0.000000 0.000000
-113 0.000000 0.000000
-113 0.000000 0.000000
-113 0.000000 0.000000
-113 0.000000 0.000000
-113 0.000000 0.000000
-113 0.000000 0.000000
-113 0.000000 0.000000
-113 0.000000 0.000000
-113 0.000000 0.000000
-113 0.000000 0.000000
-113 0.000000 0.000000
-113 0.000000 0.000000
-113 0.000000 0.000000
-113 0.000000 0.000000
-113 0.000000 0.000000
-113 0.000000 0.000000
-113 0.000000 0.000000
-113 0.000000 0.000000
-113 0.000000 0.000000
-113 0.000000 0.000000
-113 0.000000 0.000000
-113 0.000000 0.000000
-113 0.000000 0.000000
-113 0.000000 0.000000
-113 0.000000 0.000000
-113 0.000000 0.000000
-113 0.000000 0.000000
-113 0.000000 0.000000
-113 0.000000 0.000000
-113 0.000000 0.000000
-113 0.000000 0.000000
-113 0.000000 0.000000
-113 0.000000 0.000000
-113 0.000000 0.000000
-113 0.000000 0.000000
-113 0.000000 0.000000
-113 0.000000 0.000000
-113 0.000000 0.000000
-113 0.000000 0.000000
-113 0.000000 0.000000
-113 0.000000 0.000000
-113 0.000000 0.000000
-113 0.000000 0.000000
-113 0.000000 0.000000
-113 0.000000 0.000000
-113 0.000000 0.000000
-113 0.000000 0.000000
-113 0.000000 0.000000
-113 0.000000 0.000000
-113 0.000000 0.000000
-113 0.000000 0.000000
-113 0.000000 0.000000
-113 0.000000 0.000000
-113 0.000000 0.000000
-113 0.000000 0.000000
-113 0.000000 0.000000
-113 0.000000 0.000000
-113 0.000000 0.000000
-113 0.000000 0.000000
-113 0.000000 0.000000
-113 0.000000 0.000000
-113 0.000000 0.000000
-113 0.000000 0.000000
-113 0.000000 0.000000
-113 0.000000 0.000000
-113 0.000000 0.000000
-113 0.000000 0.000000
-113 0.000000 0.000000
-33 0.000000 0.000000
-33 0.000000 0.000000
-33 0.000000 0.000000
-33 0.000000 0.000000
-33 0.000000 0.000000
-33 0.000000 0.000000
-33 0.000000 0.000000
-33 0.000000 0.000000
-33 0.000000 0.000000
-33 0.000000 0.000000
-33 0.000000 0.000000
-33 0.000000 0.000000
-33 0.000000 0.000000
-33 0.000000 0.000000
-33 0.000000 0.000000
-33 0.000000 0.000000
-33 0.000000 0.000000
-33 0.000000 0.000000
-33 0.000000 0.000000
-33 0.000000 0.000000
-33 0.000000 0.000000
-33 0.000000 0.000000
-33 0.000000 0.000000
-33 0.000000 0.000000
-33 0.000000 0.000000
-33 0.000000 0.000000
-33 0.000000 0.000000
-33 0.000000 0.000000
-33 0.000000 0.000000
-33 0.000000 0.000000
-33 0.000000 0.000000
-33 0.000000 0.000000
-33 0.000000 0.000000
-33 0.000000 0.000000
-33 0.000000 0.000000
-33 0.000000 0.000000
-33 0.000000 0.000000
-33 0.000000 0.000000
-33 0.000000 0.000000
-33 0.000000 0.000000
-33 0.000000 0.000000
-33 0.000000 0.000000
-33 0.000000 0.000000
-33 0.000000 0.000000
-33 0.000000 0.000000
-33 0.000000 0.000000
-33 0.000000 0.000000
-33 0.000000 0.000000
-33 0.000000 0.000000
-33 0.000000 0.000000
-33 0.000000 0.000000
-33 0.000000 0.000000
-33 0.000000 0.000000
-33 0.000000 0.000000
-33 0.000000 0.000000
-33 0.000000 0.000000
-33 0.000000 0.000000
-33 0.000000 0.000000
-33 0.000000 0.000000
-33 0.000000 0.000000
-33 0.000000 0.000000
-33 0.000000 0.000000
-33 0.000000 0.000000
-33 0.000000 0.000000
-33 0.000000 0.000000
-33 0.000000 0.000000
-33 0.000000 0.000000
-33 0.000000 0.000000
-33 0.000000 0.000000
-33 0.000000 0.000000
-33 0.000000 0.000000
-33 0.000000 0.000000
-33 0.000000 0.000000
-33 0.000000 0.000000
-33 0.000000 0.000000
-33 0.000000 0.000000
-33 0.000000 0.000000
-33 0.000000 0.000000
-33 0.000000 0.000000
-33 0.000000 0.000000
-33 0.000000 0.000000
-33 0.000000 0.000000
-33 0.000000 0.000000
-33 0.000000 0.000000
-33 0.000000 0.000000
-33 0.000000 0.000000
-33 0.000000 0.000000
-33 0.000000 0.000000
-33 0.000000 0.000000
-33 0.000000 0.000000
-33 0.000000 0.000000
-33 0.000000 0.000000
-33 0.000000 0.000000
-33 0.000000 0.000000
-33 0.000000 0.000000
-33 0.000000 0.000000
-33 0.000000 0.000000
-33 0.000000 0.000000
-33 0.000000 0.000000
-33 0.000000 0.000000
-33 0.000000 0.000000
-33 0.000000 0.000000
-33 0.000000 0.000000
-33 0.000000 0.000000
-33 0.000000 0.000000
-33 0.000000 0.000000
-33 0.000000 0.000000
-33 0.000000 0.000000
-33 0.000000 0.000000
-33 0.000000 0.000000
-33 0.000000 0.000000
-33 0.000000 0.000000
-33 0.000000 0.000000
-33 0.000000 0.000000
-33 0.000000 0.000000
-33 0.000000 0.000000
-33 0.000000 0.000000
-33 0.000000 0.000000
-33 0.000000 0.000000
-33 0.000000 0.000000
47 0.000000 0.000000
47 0.000000 0.000000
47 0.000000 0.000000
47 0.000000 0.000000
47 0.000000 0.000000
47 0.000000 0.000000
47 0.000000 0.000000
47 0.000000 0.000000
47 0.000000 0.000000
47 0.000000 0.000000
47 0.000000 0.000000
47 0.000000 0.000000
47 0.000000 0.000000
47 0.000000 0.000000
47 0.000000 0.000000
47 0.000000 0.000000
47 0.000000 0.000000
47 0.000000 0.000000
47 0.000000 0.000000
47 0.000000 0.000000
47 0.000000 0.000000
47 0.000000 0.000000
47 0.000000 0.000000
47 0.000000 0.000000
47 0.000000 0.000000
47 0.000000 0.000000
47 0.000000 0.000000
47 0.000000 0.000000
47 0.000000 0.000000
47 0.000000 0.000000
47 0.000000 0.000000
47 0.000000 0.000000
47 0.000000 0.000000
47 0.000000 0.000000
47 0.000000 0.000000
47 0.000000 0.000000
47 0.000000 0.000000
47 0.000000 0.000000
47 0.000000 0.000000
47 0.000000 0.000000
47 0.000000 0.000000
47 0.000000 0.000000
47 0.000000 0.000000
47 0.000000 0.000000
47 0.000000 0.000000
47 0.000000 0.000000
47 0.000000 0.000000
47 0.000000 0.000000
47 0.000000 0.000000
47 0.000000 0.000000
47 0.000000 0.000000
47 0.000000 0.000000
47 0.000000 0.000000
47 0.000000 0.000000
47 0.000000 0.000000
47 0.000000 0.000000
47 0.000000 0.000000
47 0.000000 0.000000
47 0.000000 0.000000
47 0.000000 0.000000
47 0.000000 0.000000
47 0.000000 0.000000
47 0.000000 0.000000
47 0.000000 0.000000
47 0.000000 0.000000
47 0.000000 0.000000
47 0.000000 0.000000
47 0.000000 0.000000
47 0.000000 0.000000
47 0.000000 0.000000
47 0.000000 0.000000
47 0.000000 0.000000
47 0.000000 0.000000
47 0.000000 0.000000
47 0.000000 0.000000
47 0.000000 0.000000
47 0.000000 0.000000
47 0.000000 0.000000
47 0.000000 0.000000
47 0.000000 0.000000
47 0.000000 0.000000
47 0.000000 0.000000
47 0.000000 0.000000
47 0.000000 0.000000
47 0.000000 0.000000
47 0.000000 0.000000
47 0.000000 0.000000
47 0.000000 0.000000
47 0.000000 0.000000
47 0.000000 0.000000
47 0.000000 0.000000
47 0.000000 0.000000
47 0.000000 0.000000
47 0.000000 0.000000
47 0.000000 0.000000
47 0.000000 0.000000
47 0.000000 0.000000
47 0.000000 0.000000
47 0.000000 0.000000
47 0.000000 0.000000
47 0.000000 0.000000
47 0.000000 0.000000
47 0.000000 0.000000
47 0.000000 0.000000
47 0.000000 0.000000
47 0.000000 0.000000
47 0.000000 0.000000
47 0.000000 0.000000
47 0.000000 0.000000
47 0.000000 0.000000
47 0.000000 0.000000
47 0.000000 0.000000
47 0.000000 0.000000
47 0.000000 0.000000
47 0.000000 0.000000
47 0.000000 0.000000
47 0.000000 0.000000
47 0.000000 0.000000
47 0.000000 0.000000
47 0.000000 0.000000
127 0.000000 0.000000
127 0.000000 0.000000
127 0.000000 0.000000
127 0.000000 0.000000
127 0.000000 0.000000
127 0.000000 0.000000
127 0.000000 0.000000
127 0.000000 0.000000
127 0.000000 0.000000
127 0.000000 0.000000
127 0.000000 0.000000
127 0.000000 0.000000
127 0.000000 0.000000
127 0.000000 0.000000
127 0.000000 0.000000
127 0.000000 0.000000
127 0.000000 0.000000
127 0.000000 0.000000
127 0.000000 0.000000
127 0.000000 0.000000
127 0.000000 0.000000
127 0.000000 0.000000
127 0.000000 0.000000
127 0.000000 0.000000
127 0.000000 0.000000
127 0.000000 0.000000
127 0.000000 0.000000
127 0.000000 0.000000
127 0.000000 0.000000
127 0.000000 0.000000
127 0.000000 0.000000
127 0.000000 0.000000
127 0.000000 0.000000
127 0.000000 0.000000
127 0.000000 0.000000
127 0.000000 0.000000
127 0.000000 0.000000
127 0.000000 0.000000
127 0.000000 0.000000
127 0.000000 0.000000
127 0.000000 0.000000
127 0.000000 0.000000
127 0.000000 0.000000
127 0.000000 0.000000
127 0.000000 0.000000
127 0.000000 0.000000
127 0.000000 0.000000
127 0.000000 0.000000
127 0.000000 0.000000
127 0.000000 0.000000
127 0.000000 0.000000
127 0.000000 0.000000
127 0.000000 0.000000
127 0.000000 0.000000
127 0.000000 0.000000
127 0.000000 0.000000
127 0.000000 0.000000
127 0.000000 0.000000
127 0.000000 0.000000
127 0.000000 0.000000
127 0.000000 0.000000
127 0.000000 0.000000
127 0.000000 0.000000
127 0.000000 0.000000
127 0.000000 0.000000
127 0.000000 0.000000
127 0.000000 0.000000
127 0.000000 0.000000
127 0.000000 0.000000
127 0.000000 0.000000
127 0.000000 0.000000
127 0.000000 0.000000
127 0.000000 0.000000
127 0.000000 0.000000
127 0.000000 0.000000
127 0.000000 0.000000
127 0.000000 0.000000
127 0.000000 0.000000
127 0.000000 0.000000
127 0.000000 0.000000
127 0.000000 0.000000
127 0.000000 0.000000
127 0.000000 0.000000
127 0.000000 0.000000
127 0.000000 0.000000
127 0.000000 0.000000
127 0.000000 0.000000
127 0.000000 0.000000
127 0.000000 0.000000
127 0.000000 0.000000
127 0.000000 0.000000
127 0.000000 0.000000
127 0.000000 0.000000
127 0.000000 0.000000
127 0.000000 0.000000
127 0.000000 0.000000
127 0.000000 0.000000
127 0.000000 0.000000
127 0.000000 0.000000
127 0.000000 0.000000
127 0.000000 0.000000
127 0.000000 0.000000
127 0.000000 0.000000
127 0.000000 0.000000
127 0.000000 0.000000
127 0.000000 0.000000
127 0.000000 0.000000
127 0.000000 0.000000
127 0.000000 0.000000
127 0.000000 0.000000
127 0.000000 0.000000
127 0.000000 0.000000
127 0.000000 0.000000
127 0.000000 0.000000
127 0.000000 0.000000
127 0.000000 0.000000
127 0.000000 0.000000
127 0.000000 0.000000
127 0.000000 0.000000
127 0.000000 0.000000
207 20.137377 1375.531250
207 30.396511 1375.262573
207 40.627525 1374.457397
207 50.802383 1373.117798
207 60.893181 1371.247559
207 70.872276 1368.851807
207 80.712311 1365.937012
207 90.386307 1362.511353
207 99.867760 1358.583984
207 109.130684 1354.165771
207 118.149673 1349.268921
207 126.900024 1343.906616
207 135.357742 1338.093872
207 143.499649 1331.846313
207 151.303436 1325.181274
207 158.747696 1318.116943
207 165.812042 1310.672607
207 172.477097 1302.868896
207 178.724609 1294.726929
207 184.537445 1286.269287
207 189.899658 1277.518921
207 194.796570 1268.499878
207 199.214752 1259.237061
207 203.142090 1249.755615
207 206.567841 1240.081543
207 209.482574 1230.241577
207 211.878342 1220.262451
207 213.748581 1210.171631
207 215.088120 1199.996826
207 215.893326 1189.765869
207 216.161972 1179.506714
207 215.893341 1169.247559
207 215.088150 1159.016602
207 213.748611 1148.841675
207 211.878387 1138.750977
207 209.482635 1128.771851
207 206.567902 1118.931885
207 203.142166 1109.257813
207 199.214828 1099.776367
207 194.796661 1090.513428
207 189.899765 1081.494507
207 184.537567 1072.744141
207 178.724747 1064.286377
207 172.477249 1056.144531
207 165.812225 1048.340698
207 158.747894 1040.896484
207 151.303650 1033.832153
207 143.499893 1027.167114
207 135.358002 1020.919556
207 126.900291 1015.106689
207 118.149963 1009.744507
207 109.130989 1004.847534
207 99.868088 1000.429321
207 90.386650 996.502014
207 80.712669 993.076233
207 70.872658 990.161499
207 60.893578 987.765686
207 50.802792 985.895447
207 40.627953 984.555908
207 30.396950 983.750671
207 20.137827 983.481995
207 9.878703 983.750610
207 -0.352303 984.555786
207 -10.527147 985.895325
207 -20.617941 987.765503
207 -30.597033 990.161255
207 -40.437057 993.075928
207 -50.111061 996.501709
207 -59.592514 1000.429016
207 -68.855438 1004.847168
207 -77.874435 1009.744019
207 -86.624786 1015.106201
207 -95.082512 1020.919006
207 -103.224434 1027.166504
207 -111.028229 1033.831543
207 -118.472519 1040.895874
207 -125.536865 1048.340088
207 -132.201950 1056.143799
207 -138.449493 1064.285767
207 -144.262375 1072.743408
207 -149.624634 1081.493774
207 -154.521591 1090.512817
207 -158.939819 1099.775757
207 -162.867188 1109.257202
207 -166.292969 1118.931274
207 -169.207748 1128.771362
207 -171.603546 1138.750488
207 -173.473785 1148.841309
207 -174.813354 1159.016235
207 -175.618561 1169.247192
207 -175.887222 1179.506348
207 -175.618591 1189.765625
207 -174.813400 1199.996582
207 -173.473846 1210.171509
207 -171.603622 1220.262329
207 -169.207840 1230.241455
207 -166.293091 1240.081543
207 -162.867340 1249.755615
207 -158.939972 1259.237061
207 -154.521759 1268.500000
207 -149.624817 1277.519043
207 -144.262573 1286.269409
207 -138.449722 1294.727173
207 -132.202179 1302.869141
207 -125.537079 1310.672852
207 -118.472702 1318.117188
207 -111.028412 1325.181519
207 -103.224571 1331.846558
207 -95.082626 1338.094116
207 -86.624870 1343.906982
207 -77.874474 1349.269165
207 -68.855431 1354.166016
207 -59.592468 1358.584229
207 -50.110977 1362.511597
207 -40.436928 1365.937256
207 -30.596849 1368.852051
207 -20.617712 1371.247803
207 -10.526867 1373.117920
207 -0.351973 1374.457397
207 9.879082 1375.262573
287 0.000000 0.000000
287 0.000000 0.000000
287 0.000000 0.000000
287 0.000000 0.000000
287 0.000000 0.000000
287 0.000000 0.000000
287 0.000000 0.000000
287 0.000000 0.000000
287 0.000000 0.000000
287 0.000000 0.000000
287 0.000000 0.000000
287 0.000000 0.000000
287 0.000000 0.000000
287 0.000000 0.000000
287 0.000000 0.000000
287 0.000000 0.000000
287 0.000000 0.000000
287 0.000000 0.000000
287 0.000000 0.000000
287 0.000000 0.000000
287 0.000000 0.000000
287 0.000000 0.000000
287 0.000000 0.000000
287 0.000000 0.000000
287 0.000000 0.000000
287 0.000000 0.000000
287 0.000000 0.000000
287 0.000000 0.000000
287 0.000000 0.000000
287 0.000000 0.000000
287 0.000000 0.000000
287 0.000000 0.000000
287 0.000000 0.000000
287 0.000000 0.000000
287 0.000000 0.000000
287 0.000000 0.000000
287 0.000000 0.000000
287 0.000000 0.000000
287 0.000000 0.000000
287 0.000000 0.000000
287 0.000000 0.000000
287 0.000000 0.000000
287 0.000000 0.000000
287 0.000000 0.000000
287 0.000000 0.000000
287 0.000000 0.000000
287 0.000000 0.000000
287 0.000000 0.000000
287 0.000000 0.000000
287 0.000000 0.000000
287 0.000000 0.000000
287 0.000000 0.000000
287 0.000000 0.000000
287 0.000000 0.000000
287 0.000000 0.000000
287 0.000000 0.000000
287 0.000000 0.000000
287 0.000000 0.000000
287 0.000000 0.000000
287 0.000000 0.000000
287 0.000000 0.000000
287 0.000000 0.000000
287 0.000000 0.000000
287 0.000000 0.000000
287 0.000000 0.000000
287 0.000000 0.000000
287 0.000000 0.000000
287 0.000000 0.000000
287 0.000000 0.000000
287 0.000000 0.000000
287 0.000000 0.000000
287 0.000000 0.000000
287 0.000000 0.000000
287 0.000000 0.000000
287 0.000000 0.000000
287 0.000000 0.000000
287 0.000000 0.000000
287 0.000000 0.000000
287 0.000000 0.000000
287 0.000000 0.000000
287 0.000000 0.000000
287 0.000000 0.000000
287 0.000000 0.000000
287 0.000000 0.000000
287 0.000000 0.000000
287 0.000000 0.000000
287 0.000000 0.000000
287 0.000000 0.000000
287 0.000000 0.000000
287 0.000000 0.000000
287 0.000000 0.000000
287 0.000000 0.000000
287 0.000000 0.000000
287 0.000000 0.000000
287 0.000000 0.000000
287 0.000000 0.000000
287 0.000000 0.000000
287 0.000000 0.000000
287 0.000000 0.000000
287 0.000000 0.000000
287 0.000000 0.000000
287 0.000000 0.000000
287 0.000000 0.000000
287 0.000000 0.000000
287 0.000000 0.000000
287 0.000000 0.000000
287 0.000000 0.000000
287 0.000000 0.000000
287 0.000000 0.000000
287 0.000000 0.000000
287 0.000000 0.000000
287 0.000000 0.000000
287 0.000000 0.000000
287 0.000000 0.000000
287 0.000000 0.000000
287 0.000000 0.000000
287 0.000000 0.000000
287 0.000000 0.000000
287 0.000000 0.000000
287 0.000000 0.000000
367 0.000000 0.000000
367 0.000000 0.000000
367 0.000000 0.000000
367 0.000000 0.000000
367 0.000000 0.000000
367 0.000000 0.000000
367 0.000000 0.000000
367 0.000000 0.000000
367 0.000000 0.000000
367 0.000000 0.000000
367 0.000000 0.000000
367 0.000000 0.000000
367 0.000000 0.000000
367 0.000000 0.000000
367 0.000000 0.000000
367 0.000000 0.000000
367 0.000000 0.000000
367 0.000000 0.000000
367 0.000000 0.000000
367 0.000000 0.000000
367 0.000000 0.000000
367 0.000000 0.000000
367 0.000000 0.000000
367 0.000000 0.000000
367 0.000000 0.000000
367 0.000000 0.000000
367 0.000000 0.000000
367 0.000000 0.000000
367 0.000000 0.000000
367 0.000000 0.000000
367 0.000000 0.000000
367 0.000000 0.000000
367 0.000000 0.000000
367 0.000000 0.000000
367 0.000000 0.000000
367 0.000000 0.000000
367 0.000000 0.000000
367 0.000000 0.000000
367 0.000000 0.000000
367 0.000000 0.000000
367 0.000000 0.000000
367 0.000000 0.000000
367 0.000000 0.000000
367 0.000000 0.000000
367 0.000000 0.000000
367 0.000000 0.000000
367 0.000000 0.000000
367 0.000000 0.000000
367 0.000000 0.000000
367 0.000000 0.000000
367 0.000000 0.000000
367 0.000000 0.000000
367 0.000000 0.000000
367 0.000000 0.000000
367 0.000000 0.000000
367 0.000000 0.000000
367 0.000000 0.000000
367 0.000000 0.000000
367 0.000000 0.000000
367 0.000000 0.000000
367 0.000000 0.000000
367 0.000000 0.000000
367 0.000000 0.000000
367 0.000000 0.000000
367 0.000000 0.000000
367 0.000000 0.000000
367 0.000000 0.000000
367 0.000000 0.000000
367 0.000000 0.000000
367 0.000000 0.000000
367 0.000000 0.000000
367 0.000000 0.000000
367 0.000000 0.000000
367 0.000000 0.000000
367 0.000000 0.000000
367 0.000000 0.000000
367 0.000000 0.000000
367 0.000000 0.000000
367 0.000000 0.000000
367 0.000000 0.000000
367 0.000000 0.000000
367 0.000000 0.000000
367 0.000000 0.000000
367 0.000000 0.000000
367 0.000000 0.000000
367 0.000000 0.000000
367 0.000000 0.000000
367 0.000000 0.000000
367 0.000000 0.000000
367 0.000000 0.000000
367 0.000000 0.000000
367 0.000000 0.000000
367 0.000000 0.000000
367 0.000000 0.000000
367 0.000000 0.000000
367 0.000000 0.000000
367 0.000000 0.000000
367 0.000000 0.000000
367 0.000000 0.000000
367 0.000000 0.000000
367 0.000000 0.000000
367 0.000000 0.000000
367 0.000000 0.000000
367 0.000000 0.000000
367 0.000000 0.000000
367 0.000000 0.000000
367 0.000000 0.000000
367 0.000000 0.000000
367 0.000000 0.000000
367 0.000000 0.000000
367 0.000000 0.000000
367 0.000000 0.000000
367 0.000000 0.000000
367 0.000000 0.000000
367 0.000000 0.000000
367 0.000000 0.000000
367 0.000000 0.000000
367 0.000000 0.000000
367 0.000000 0.000000
367 0.000000 0.000000
447 0.000000 0.000000
447 0.000000 0.000000
447 0.000000 0.000000
447 0.000000 0.000000
447 0.000000 0.000000
447 0.000000 0.000000
447 0.000000 0.000000
447 0.000000 0.000000
447 0.000000 0.000000
447 0.000000 0.000000
447 0.000000 0.000000
447 0.000000 0.000000
447 0.000000 0.000000
447 0.000000 0.000000
447 0.000000 0.000000
447 0.000000 0.000000
447 0.000000 0.000000
447 0.000000 0.000000
447 0.000000 0.000000
447 0.000000 0.000000
447 0.000000 0.000000
447 0.000000 0.000000
447 0.000000 0.000000
447 0.000000 0.000000
447 0.000000 0.000000
447 0.000000 0.000000
447 0.000000 0.000000
447 0.000000 0.000000
447 0.000000 0.000000
447 0.000000 0.000000
447 0.000000 0.000000
447 0.000000 0.000000
447 0.000000 0.000000
447 0.000000 0.000000
447 0.000000 0.000000
447 0.000000 0.000000
447 0.000000 0.000000
447 0.000000 0.000000
447 0.000000 0.000000
447 0.000000 0.000000
447 0.000000 0.000000
447 0.000000 0.000000
447 0.000000 0.000000
447 0.000000 0.000000
447 0.000000 0.000000
447 0.000000 0.000000
447 0.000000 0.000000
447 0.000000 0.000000
447 0.000000 0.000000
447 0.000000 0.000000
447 0.000000 0.000000
447 0.000000 0.000000
447 0.000000 0.000000
447 0.000000 0.000000
447 0.000000 0.000000
447 0.000000 0.000000
447 0.000000 0.000000
447 0.000000 0.000000
447 0.000000 0.000000
447 0.000000 0.000000
447 0.000000 0.000000
447 0.000000 0.000000
447 0.000000 0.000000
447 0.000000 0.000000
447 0.000000 0.000000
447 0.000000 0.000000
447 0.000000 0.000000
447 0.000000 0.000000
447 0.000000 0.000000
447 0.000000 0.000000
447 0.000000 0.000000
447 0.000000 0.000000
447 0.000000 0.000000
447 0.000000 0.000000
447 0.000000 0.000000
447 0.000000 0.000000
447 0.000000 0.000000
447 0.000000 0.000000
447 0.000000 0.000000
447 0.000000 0.000000
447 0.000000 0.000000
447 0.000000 0.000000
447 0.000000 0.000000
447 0.000000 0.000000
447 0.000000 0.000000
447 0.000000 0.000000
447 0.000000 0.000000
447 0.000000 0.000000
447 0.000000 0.000000
447 0.000000 0.000000
447 0.000000 0.000000
447 0.000000 0.000000
447 0.000000 0.000000
447 0.000000 0.000000
447 0.000000 0.000000
447 0.000000 0.000000
447 0.000000 0.000000
447 0.000000 0.000000
447 0.000000 0.000000
447 0.000000 0.000000
447 0.000000 0.000000
447 0.000000 0.000000
447 0.000000 0.000000
447 0.000000 0.000000
447 0.000000 0.000000
447 0.000000 0.000000
447 0.000000 0.000000
447 0.000000 0.000000
447 0.000000 0.000000
447 0.000000 0.000000
447 0.000000 0.000000
447 0.000000 0.000000
447 0.000000 0.000000
447 0.000000 0.000000
447 0.000000 0.000000
447 0.000000 0.000000
447 0.000000 0.000000
447 0.000000 0.000000
447 0.000000 0.000000
447 0.000000 0.000000
527 26.018074 1397.138062
527 36.303139 1396.868774
527 46.560013 1396.061523
527 56.760586 1394.718628
527 66.876892 1392.843628
527 76.881210 1390.441895
527 86.746109 1387.519775
527 96.444565 1384.085327
527 105.949982 1380.148071
527 115.236313 1375.718750
527 124.278099 1370.809326
527 133.050568 1365.433594
527 141.529663 1359.606079
527 149.692139 1353.342773
527 157.515656 1346.660889
527 164.978729 1339.578735
527 172.060944 1332.115601
527 178.742828 1324.292114
527 185.006134 1316.129639
527 190.833679 1307.650513
527 196.209442 1298.878052
527 201.118713 1289.836304
527 205.548065 1280.549927
527 209.485352 1271.044556
527 212.919739 1261.346069
527 215.841858 1251.481201
527 218.243683 1241.476929
527 220.118622 1231.360596
527 221.461548 1221.160034
527 222.268799 1210.903198
527 222.538116 1200.618164
527 222.268799 1190.333130
527 221.461578 1180.076172
527 220.118652 1169.875732
527 218.243713 1159.759399
527 215.841919 1149.755127
527 212.919800 1139.890137
527 209.485413 1130.191772
527 205.548157 1120.686279
527 201.118805 1111.400024
527 196.209534 1102.358154
527 190.833771 1093.585693
527 185.006287 1085.106689
527 178.742981 1076.944214
527 172.061127 1069.120605
527 164.978943 1061.657593
527 157.515869 1054.575439
527 149.692383 1047.893433
527 141.529907 1041.630127
527 133.050842 1035.802612
527 124.278389 1030.426880
527 115.236618 1025.517578
527 105.950310 1021.088196
527 96.444908 1017.150879
527 86.746475 1013.716492
527 76.881592 1010.794312
527 66.877289 1008.392517
527 56.760994 1006.517578
527 46.560440 1005.174561
527 36.303577 1004.367310
527 26.018526 1004.098022
527 15.733472 1004.367310
527 5.476606 1005.174500
527 -4.723953 1006.517395
527 -14.840256 1008.392334
527 -24.844566 1010.794128
527 -34.709465 1013.716187
527 -44.407913 1017.150574
527 -53.913330 1021.087830
527 -63.199669 1025.517090
527 -72.241463 1030.426392
527 -81.013931 1035.802124
527 -89.493034 1041.629639
527 -97.655533 1047.892944
527 -105.479057 1054.574829
527 -112.942146 1061.656982
527 -120.024361 1069.119995
527 -126.706276 1076.943481
527 -132.969635 1085.105957
527 -138.797211 1093.585083
527 -144.173004 1102.357544
527 -149.082336 1111.399414
527 -153.511719 1120.685669
527 -157.449036 1130.191162
527 -160.883484 1139.889648
527 -163.805634 1149.754517
527 -166.207489 1159.758911
527 -168.082458 1169.875244
527 -169.425385 1180.075806
527 -170.232635 1190.332764
527 -170.501984 1200.617798
527 -170.232666 1210.902954
527 -169.425446 1221.159912
527 -168.082489 1231.360474
527 -166.207550 1241.476807
527 -163.805725 1251.481201
527 -160.883606 1261.346069
527 -157.449188 1271.044556
527 -153.511871 1280.550049
527 -149.082520 1289.836426
527 -144.173187 1298.878174
527 -138.797394 1307.650635
527 -132.969849 1316.129883
527 -126.706520 1324.292358
527 -120.024574 1332.115845
527 -112.942345 1339.578979
527 -105.479225 1346.661133
527 -97.655670 1353.343018
527 -89.493149 1359.606323
527 -81.014008 1365.433838
527 -72.241501 1370.809692
527 -63.199661 1375.718994
527 -53.913284 1380.148315
527 -44.407829 1384.085571
527 -34.709332 1387.519897
527 -24.844383 1390.442017
527 -14.840023 1392.843750
527 -4.723673 1394.718750
527 5.476938 1396.061646
527 15.733850 1396.868774
